100030287 1.313816
200017309 1.597742
300006691 1.799947
400016175 1.870730
500015996 1.961648
600016065 1.975037
700016519 2.026990
800018034 2.019919
900017030 2.041015
1000015411 2.125641
1100015869 2.084296
1200016997 2.099366
1300016400 2.132344
1400016554 2.215664
1500016612 2.126101
1600016281 2.145931
1700016550 2.184187
1800016608 2.217202
1900009469 2.208626
2000016151 2.253508
2100011888 2.206701
2200016769 2.202741
2300016083 2.234895
2400015112 2.276058
2500017086 2.312875
2600017888 2.282936
2700016142 2.282403
2800016675 2.319103
2900016426 2.307065
3000016395 2.298279
3100015510 2.352450
3200016439 2.308517
3300016958 2.367173
3400012143 2.316434
3500016132 2.427353
3600015278 2.362120
3700016860 2.393459
3800016475 2.361565
3900016344 2.420323
4000016738 2.401207
4100015048 2.462634
4200016123 2.336182
4300016045 2.401244
4400016834 2.363074
4500016557 2.390419
4600016500 2.451762
4700016197 2.394839
4800015156 2.421614
4900013607 2.451526
5000015780 2.475590
5100016296 2.472519
5200017697 2.468863
5300016312 2.457290
5400017023 2.463965
5500016564 2.468459
5600016929 2.421166
5700016107 2.475580
5800007880 2.485033
5900015712 2.421905
6000016546 2.480147
6100016702 2.485899
6200015462 2.471733
6300016026 2.465019
6400015687 2.620150
6500017077 2.613628
6600015980 2.553832
6700016878 2.639109
6800016143 2.636684
6900015084 2.603193
7000016427 2.630965
7100016887 2.538935
7200015683 2.491606
7300015597 2.577264
7400015858 2.616236
7500012796 2.541628
7600017150 2.551799
7700014608 2.554914
7800016708 2.502977
7900016369 2.573656
8000015949 2.565895
8100016792 2.562861
8200016204 2.572639
8300100371 2.559095
8400012033 2.506002
8500015489 2.725456
8600011451 2.419439
8700014717 2.742812
8800016107 2.482527
8900017070 2.877105
9000011372 2.266715
9100019142 2.695730
9200015269 2.676208
9300015965 2.253968
9400016228 2.228919
9500016972 2.235824
9600014977 2.124885
9700016549 2.178090
9800016366 2.194629
9900015188 2.222321
10000013891 2.085338
10100013048 2.271037
10200017263 2.191826
10300017233 2.237269
10400015030 2.193409
10500017100 2.272172
10600013645 2.223745
10700017218 2.282529
10800013470 2.128653
10900015729 2.158046
11000014871 2.141714
11100017145 2.194799
11200015497 2.179801
11300017036 2.174812
11400015643 2.190801
11500016408 2.256502
11600015140 2.288059
11700016793 2.312000
11800015696 2.304773
11900015598 2.284311
12000014790 2.382856
12100014904 2.378889
12200015550 2.408620
12300012796 2.327895
12400016258 2.334045
12500017842 2.204198
12600016486 2.415536
12700016036 2.116225
12800016351 2.108653
12900016647 2.014013
13000016009 2.111365
13100017391 2.084623
13200016835 2.094211
13300016687 2.058964
13400017755 1.977228
13500016763 2.173355
13600017231 2.142300
13700015164 2.337531
13800013752 2.345444
13900016742 2.215079
14000016999 2.412285
14100015900 2.239625
14200016328 2.239347
14300015676 2.344858
14400017134 2.392789
14500018188 2.017269
14600016355 1.976340
14700016810 1.711046
14800016837 1.990937
14900015980 2.126071
15000014537 2.124188
15100015790 2.234840
15200015856 2.195235
15300013085 2.270532
15400016048 2.187953
15500017352 2.219652
15600016429 1.971199
15700015289 1.857647
15800017084 2.078500
15900016805 2.158764
16000016811 2.022586
16100014370 2.184950
16200013826 1.944059
16300015870 2.106397
16400017204 1.962737
16500016166 1.907247
16600016700 2.035621
16700015918 2.146652
16800014212 2.299785
16900015579 1.900536
17000017803 1.886659
17100016962 1.901693
17200016730 2.052622
17300018079 1.953242
17400017757 2.307388
17500017275 2.326635
17600007592 2.012442
17700017380 1.781440
17800017792 2.230073
17900017012 2.289593
18000011983 2.158399
18100016629 2.290492
18200015173 2.179232
18300016469 2.223851
18400015992 2.150269
18500017666 2.217947
18600016964 2.393251
18700014658 2.320400
18800016410 2.312772
18900016765 2.346816
19000015817 2.289646
19100015841 2.061734
19200015574 2.289919
19300014523 2.450140
19400015467 2.465816
19500015335 2.518140
19600012826 2.535771
19700017511 2.535200
19800015707 2.579082
19900015632 2.597948
20000015332 2.561021
20100014933 2.535976
20200014454 2.592393
20300014690 2.560634
20400017007 2.680560
20500016204 2.519868
20600015159 2.590046
20700016672 2.580201
20800154541 2.579452
20900016149 2.606726
21000015072 2.600505
21100016636 2.577059
21200015291 2.595231
21300015747 2.542383
21400016714 2.548951
21500015750 2.570527
21600016284 2.570480
21700014769 2.560851
21800017210 2.572876
21900017620 2.610002
22000010464 2.553307
22100093878 2.529480
22200007865 2.511731
22300016290 2.568826
22400016368 2.517954
22500016759 2.539968
22600015766 2.578230
22700016821 2.563293
22800015188 2.544071
22900016665 2.534419
23000016419 2.510482
23100014069 2.520975
23200015182 2.503154
23300016984 2.576586
23400015065 2.559577
23500016467 2.561588
23600016872 2.560776
23700015756 2.522917
23800015923 2.594778
23900014329 2.577846
24000016612 2.558191
24100009956 2.554731
24200015798 2.536578
24300016910 2.589299
24400015101 2.519353
24500014702 2.603368
24600014814 2.504534
24700015509 2.591916
24800016173 2.547416
24900014088 2.568774
25000015822 2.737822
25100016744 2.561880
25200016267 2.519184
25300016713 2.541883
25400016348 2.498711
25500015485 2.541218
25600015802 2.561430
25700015501 2.578832
25800016772 2.597795
25900015017 2.545335
26000016582 2.523865
26100016147 2.491117
26200017473 2.530181
26300017020 2.523699
26400014999 2.440078
26500009143 2.445867
26600013882 2.430278
26700016302 2.545811
26800015004 2.550592
26900016376 2.555535
27000016110 2.503997
27100016465 2.583048
27200016580 2.592016
27300016791 2.520254
27400016591 2.583852
27500016219 2.533971
27600016778 2.559238
27700013966 2.611428
27800015180 2.630045
27900014622 2.610743
28000016099 2.590380
28100016790 2.602017
28200016689 2.556372
28300007779 2.545743
28400016347 2.602447
28500016186 2.578675
28600014994 2.574986
28700017541 2.663356
28800016934 1.626918
28900018285 1.464633
29000017770 1.440499
29100018892 1.362958
29200018054 1.585683
29300014543 1.693414
29400017015 1.954273
29500014489 1.543624
29600014457 6.586219
29700014021 5.903000
29800013306 6.030223
29900013252 5.993522
30000012061 6.075106
30100012202 5.719446
30200012198 6.559323
30300012924 6.616996
30400012467 6.433812
30500013659 5.546381
30600012422 6.304656
30700017275 6.309249
30800011565 5.624281
30900011610 5.184861
31000039235 14.819887
31100036106 318.100493
31200039184 6.557615
31300039108 6.550358
31400038048 6.556868
31500038297 6.552821
31600038541 6.546212
31700040340 6.553276
31800039397 6.555432
31900037292 6.553893
32000037237 6.549541
32100038012 6.546535
32200039701 6.553739
32300038412 6.543599
32400039012 6.555409
32500038841 6.545246
32600039755 6.553331
32700038731 6.551039
32800037737 6.539891
32900033804 6.553843
33000038029 6.541405
33100037693 6.557191
33200037947 6.531907
33300034877 6.551782
33400038769 6.547133
33500039823 6.554897
33600039452 6.553600
33700038589 6.544302
33800039479 6.554929
33900039087 6.543162
34000039185 6.551077
34100038723 6.552696
34200039435 6.549583
34300039084 6.553796
34400036426 6.557233
34500039490 6.554434
34600039352 6.523455
34700036309 6.560697
34800039313 6.555800
34900039141 6.564924
35000038966 6.531657
35100037670 6.558957
35200039679 6.555038
35300038710 6.558538
35400039163 6.550450
35500040097 6.551061
35600039129 6.554402
35700037847 6.552878
35800039027 6.548459
35900040270 6.545925
36000039629 6.555366
36100038081 6.570180
36200038067 6.535374
36300039462 6.549626
36400039255 6.533403
36500038206 6.578029
36600038371 6.549368
36700039833 6.559414
36800040149 6.556692
36900038772 6.532513
37000037763 6.556721
37100038366 6.552644
37200038859 6.550479
37300039410 6.543742
37400038870 6.549094
37500038372 6.544916
37600037585 6.554791
37700038824 6.550286
37800039309 6.560844
37900038189 6.557207
38000038123 6.545085
38100039623 6.551447
38200039226 6.534467
38300038356 0.999026
38400036500 358.092827
38500039446 6.538420
38600037465 6.560210
38700039367 6.526984
38800039597 6.550246
38900038700 6.548223
39000039109 6.552748
39100038822 6.554966
39200038863 6.537681
39300037251 6.547299
39400037396 6.544209
39500038996 6.551276
39600039819 6.542886
39700039903 6.552697
39800039962 6.547366
39900036555 6.555723
40000037815 6.580675
40100039018 6.503930
40200038490 6.558531
40300038076 6.535989
40400038729 6.557322
40500039369 6.553238
40600036200 6.560374
40700037927 6.553706
40800039248 6.540095
40900039829 6.571212
41000028701 6.523749
41100038024 6.536843
41200038552 6.544615
41300038872 6.580924
41400038599 6.533211
41500039195 6.551699
41600040151 6.551184
41700038393 6.539248
41800039602 6.556350
41900038368 6.542679
42000039923 6.563673
42100039521 6.535318
42200037677 6.556371
42300038457 6.556405
42400038719 6.553621
42500038505 6.554708
42600038490 6.534704
42700038645 6.556954
42800039605 6.533709
42900039110 6.557142
43000039657 6.559556
43100038645 6.531525
43200038664 6.556103
43300038102 6.547184
43400038285 6.544696
43500040372 6.538569
43600038460 6.560597
43700015184 4.364314
43800020595 3.361551
43900016458 3.021198
44000025968 1.868727
44100022369 2.766275
44200013691 3.430856
44300020385 4.337776
44400017919 5.347541
44500017947 4.105403
44600016135 3.318885
44700020790 3.795411
44800011454 6.426648
44900010320 7.666129
45000019609 8.640495
45100009991 9.493332
45200008251 10.717124
45300008515 10.965099
45400017874 11.674848
45500015178 12.163433
45600018408 12.778447
45700007423 13.195787
45800020471 13.312875
45900009978 14.291230
46000019933 14.419191
46100011172 14.097154
46200009229 14.454581
46300006425 14.769764
46400006202 14.938892
46500013310 14.901315
46600005513 14.568916
46700005553 15.723662
46800019998 15.701991
46900006326 15.710461
47000020529 16.584999
47100005643 15.319319
47200005792 15.965583
47300006287 16.104492
47400019413 15.609954
47500005541 15.817199
47600007333 16.336325
47700003867 16.277921
47800006413 16.081942
47900013352 15.605211
48000004641 17.153427
48100005663 17.139611
48200016746 16.889154
48300004015 16.675587
48400017606 16.512679
48500008201 17.234290
48600018496 17.437816
48700007627 17.516796
48800005716 17.450596
48900005256 17.194909
49000005856 17.496381
49100005837 18.273166
49200006543 18.381469
49300018309 17.430357
49400006691 17.840978
49500006834 18.176198
49600005302 18.015930
49700014210 17.684402
49800006220 18.214884
49900014389 18.216056
50000006259 18.011621
50100004228 17.551334
50200020530 17.965666
50300009331 18.495068
50400020558 18.835443
50500005213 18.799119
50600006963 18.430451
50700005584 18.492797
50800005874 18.571743
50900020686 18.772406
51000004639 19.069322
51100016675 18.037660
51200006522 17.601572
51300003847 18.155963
51400005751 18.506361
51500008772 18.920719
51600007510 18.902144
51700005251 18.649758
51800011607 18.610596
51900008400 18.868446
52000004954 18.504567
52100009758 18.992625
52200004301 18.733039
52300004583 18.521262
52400004918 19.113273
52500005997 19.056741
52600019045 18.827610
52700015244 18.936907
52800023312 18.849741
52900004310 19.238681
53000017138 19.545045
53100005886 19.100603
53200005157 18.401442
53300010819 19.822510
53400013046 20.880045
53500007281 20.045394
53600004295 18.052336
53700012992 19.018774
53800009407 19.055900
53900004935 18.856468
54000006387 19.639334
54100006065 18.859938
54200004667 18.734989
54300009211 19.118399
54400006944 19.141021
54500008066 19.589713
54600010844 19.493782
54700004272 17.803509
54800015474 19.520815
54900011311 19.400464
55000018147 19.608136
55100005856 19.819074
55200004903 20.252513
55300004089 20.098279
55400005749 19.600677
55500019824 19.393144
55600003736 19.847832
55700004750 19.724777
55800005452 19.548608
55900004472 19.888085
56000005498 19.664825
56100004160 19.511331
56200019913 19.879481
56300006230 19.702101
56400004943 19.202454
56500005067 19.942531
56600009565 19.741372
56700004768 20.230907
56800004810 20.687674
56900005648 19.685803
57000006707 20.137243
57100004361 19.779662
57200004474 19.305591
57300002531 19.551950
57400006831 21.243743
57500005225 20.085955
57600019158 19.086575
57700005324 20.329298
57800005302 20.065209
57900006620 20.584007
58000009917 19.928949
58100007749 19.614088
58200006961 20.315233
58300005078 20.410431
58400006960 19.958302
58500006175 20.267703
58600005254 20.213324
58700018668 19.731932
58800018162 20.515872
58900004515 20.793379
59000007262 20.081163
59100002639 18.896576
59200013131 20.070309
59300002845 20.469789
59400004783 19.780037
59500004516 19.624911
59600006069 19.885470
59700004315 19.767061
59800016275 20.469200
59900020383 20.084329
60000004735 19.142517
60100005712 19.939316
60200009276 20.027439
60300014902 19.995144
60400004928 19.543313
60500023370 20.185878
60600018390 20.167582
60700004241 20.001743
60800003228 19.668139
60900023750 19.909053
61000006456 20.625606
61100004830 20.374809
61200005257 19.953427
61300005051 19.785005
61400004156 19.609357
61500004047 20.081111
61600006535 20.128519
61700004292 20.380320
61800014554 17.822781
61900016623 19.351939
62000004256 20.116154
62100004050 19.867327
62200013765 19.869942
62300018563 19.452986
62400017469 20.000053
62500003550 20.496986
62600003335 19.637769
62700009324 19.549805
62800004263 20.270759
62900019179 19.424788
63000005189 19.519299
63100007530 19.782605
63200016507 20.143530
63300020610 20.296972
63400015316 19.474739
63500015532 20.519465
63600004146 20.106392
63700004383 19.696553
63800004772 19.654565
63900007337 19.860423
64000004349 20.034761
64100003911 19.842380
64200009779 19.632689
64300025377 20.690887
64400006079 20.412534
64500004740 19.195974
64600004391 19.758489
64700019023 20.060625
64800004064 19.832797
64900004713 20.000430
65000013499 19.713365
65100005732 19.660662
65200016398 19.844861
65300004491 20.229649
65400003702 20.277933
65500018695 20.050449
65600004999 19.798582
65700006270 19.853192
65800016500 20.472926
65900005563 20.215264
66000019118 19.426412
66100019186 20.332611
66200004252 19.517399
66300004455 20.292866
66400005141 20.287932
66500022087 19.601164
66600005159 19.825106
66700004770 20.126094
66800004240 20.468640
66900004460 20.066460
67000006897 20.148508
67100004077 19.936471
67200003964 20.247879
67300018663 20.221840
67400017693 19.724008
67500018367 19.833412
67600021368 19.912393
67700004292 20.274725
67800004899 19.742842
67900020337 20.418729
68000003841 20.157899
68100019368 19.519756
68200004991 20.231997
68300006386 20.650967
68400004102 19.627563
68500013629 19.957339
68600004002 19.499007
68700003960 19.984714
68800014646 23.349668
68900017695 19.886742
69000005771 19.317533
69100021653 19.957484
69200003823 20.682724
69300017678 19.968270
69400004608 19.691171
69500002529 19.821063
69600003872 19.801087
69700005998 19.811461
69800003735 20.490938
69900004938 20.408255
70000006406 19.495044
70100005534 20.106109
70200004881 19.832708
70300004389 19.666256
70400003578 19.643191
70500004610 20.005079
70600004088 20.162990
70700004237 19.990373
70800003874 19.744549
70900013909 20.115583
71000006599 20.373762
71100011895 19.961186
71200005461 19.748446
71300006037 19.604872
71400003257 19.847049
71500004647 20.274679
71600003783 19.112638
71700019082 19.308958
71800004544 19.729113
71900020758 20.025023
72000004072 20.693182
72100017924 19.478202
72200004167 19.662004
72300019361 19.979306
72400012440 20.315998
72500021851 19.824859
72600004373 19.724529
72700004514 19.597610
72800001113 20.264633
72900004868 20.020711
73000005187 19.388216
73100005449 20.038789
73200004933 20.475537
73300005589 19.796029
73400018444 19.421219
73500006497 19.827353
73600004599 20.127705
73700006583 19.959912
73800004243 19.629932
73900002549 20.152228
74000003825 19.491088
74100005614 20.398853
74200017146 20.567730
74300005659 19.617466
74400006452 19.454706
74500007843 19.896064
74600010288 21.144396
74700003695 20.469644
74800004060 19.905917
74900018343 20.123103
75000003982 19.207756
75100022604 19.143709
75200004403 20.431669
75300006227 20.036065
75400005171 19.750990
75500003956 20.332285
75600004399 20.485936
75700003815 19.726570
75800004742 19.696670
75900005904 20.295907
76000004168 20.030143
76100005007 19.910140
76200008814 19.984553
76300003771 20.911072
76400009905 21.985564
76500003800 20.062048
76600003942 17.834392
76700022082 20.080784
76800006020 19.961925
76900004120 19.499035
77000021528 19.787779
77100003805 19.713843
77200005077 19.361405
77300005884 19.506131
77400004035 20.530114
77500003450 20.768115
77600020016 19.920383
77700003993 19.500031
77800003374 20.655985
77900014711 20.690070
78000004277 20.284570
78100009294 18.678581
78200003364 18.819981
78300004123 23.321139
78400003488 19.984976
78500010782 19.625916
78600017212 20.500965
78700005059 20.103839
78800005925 20.528452
78900005133 20.311476
79000004871 19.842602
79100005496 19.340047
79200014210 20.472615
79300005813 19.583303
79400008978 19.996429
79500005078 20.737671
79600005055 20.580084
79700004748 20.703370
79800017298 20.113531
79900068090 19.411188
80000007585 19.647964
80100011170 19.708861
80200010417 19.259982
80300004266 19.368102
80400004255 19.188498
80500004121 19.343890
80600005282 19.483167
80700005232 20.227546
80800004118 19.520367
80900020896 20.200884
81000004139 20.793388
81100004599 19.650377
81200005046 19.303993
81300004496 20.567405
81400004564 21.322642
81500005238 20.628693
81600004073 18.590211
81700004314 19.097197
81800005703 19.911343
81900004629 20.324114
82000004032 20.361182
82100011639 19.568107
82200005690 19.937718
82300005866 20.605190
82400004033 20.304718
82500003334 20.606231
82600017970 20.569954
82700004900 20.844951
82800017115 20.174808
82900005009 19.660574
83000017102 19.086854
83100005867 19.716531
83200005497 19.653606
83300002992 17.270879
83400005337 20.080374
83500005061 19.972032
83600007799 20.125179
83700003917 20.159700
83800004350 19.804471
83900018808 20.725171
84000003560 20.435007
84100007750 19.463472
84200004539 20.639682
84300004734 19.332112
84400004022 19.774472
84500004686 20.208645
84600008799 19.551877
84700004218 20.136494
84800004552 19.913767
84900003247 19.480590
85000005142 19.828192
85100004792 19.579636
85200005462 19.650964
85300016983 20.339903
85400002937 21.191417
85500011115 20.425807
85600020493 20.433157
85700005997 20.184209
85800015056 20.525438
85900004923 20.410389
86000007026 20.281998
86100005791 19.975722
86200004222 19.820212
86300005833 19.451951
86400004354 19.381348
86500004760 19.417368
86600009157 20.487817
86700015961 20.587705
86800010926 19.872938
86900004082 20.414467
87000004794 19.729292
87100004980 19.914295
87200018099 19.906349
87300005415 19.929147
87400025074 19.792080
87500005270 24.067544
87600006261 20.152876
87700003640 19.710549
87800004396 19.687110
87900004190 21.992709
88000007159 20.073923
88100005541 17.859236
88200004564 20.944715
88300018737 19.918287
88400004894 19.792957
88500022731 19.569783
88600005180 19.509521
88700003740 19.751690
88800008099 19.138741
88900003854 19.285722
89000004221 20.004167
89100004317 20.084719
89200005173 19.463548
89300004736 19.471388
89400004151 19.801609
89500013995 19.953258
89600002279 19.445684
89700005054 19.490760
89800003788 19.723595
89900007360 19.372641
90000005331 20.072626
90100018351 20.324514
90200004589 20.229326
90300013313 20.390415
90400004312 20.148176
90500014898 20.616305
90600013630 19.830986
90700005179 19.815389
90800004899 19.825658
90900024008 19.304732
91000007309 19.681341
91100004784 19.987158
91200007210 20.192518
91300011220 20.186197
91400005087 20.663533
91500004745 20.070848
91600011772 21.767475
91700005140 19.895884
91800005213 18.620637
91900003625 19.707627
92000005549 19.020406
92100017343 18.859130
92200003820 19.693333
92300003731 20.090439
92400005105 20.160882
92500014963 19.371568
92600005943 19.354842
92700004361 19.610550
92800016617 19.652884
92900006022 20.056568
93000012298 20.185748
93100013020 20.924563
93200017417 19.777219
93300004670 18.807790
93400008857 19.776807
93500004828 19.900154
93600003864 21.034628
93700014985 21.278348
93800005163 19.571390
93900004748 19.181617
94000006714 18.852700
94100004918 19.398191
94200004680 19.923293
94300005608 20.036377
94400004903 20.434382
94500003882 20.019413
94600004031 19.862788
94700018708 21.404095
94800004822 20.705668
94900004830 20.958354
95000004257 19.362760
95100003808 18.986973
95200005238 19.102405
95300017966 18.810619
95400010652 19.167832
95500018318 19.715551
95600020457 19.740684
95700003407 20.169392
95800004163 20.850167
95900010207 20.312137
96000018553 20.008466
96100023845 19.859746
96200003766 19.283653
96300003792 19.703481
96400008712 19.557004
96500003322 20.433746
96600005161 20.465198
96700014155 19.938413
96800004532 22.918620
96900007658 19.117755
97000005112 19.197823
97100018435 20.533527
97200005207 20.132719
97300024756 20.322506
97400019061 19.849731
97500012986 20.221438
97600004812 20.990001
97700005471 20.207287
97800003845 18.721265
97900003593 19.360824
98000004602 19.387064
98100006113 19.602576
98200007341 19.895136
98300004985 20.498615
98400006192 19.718923
98500018291 19.790353
98600004241 20.387772
98700004904 20.420011
98800003721 19.660361
98900004457 20.105398
99000017959 20.195901
99100004624 20.671447
99200004361 19.217421
99300003183 20.266785
99400003968 20.275773
99500005901 20.448657
99600005514 19.110276
99700008488 20.006698
99800003976 20.247484
99900004515 19.967305
100000007009 20.136835
100100003823 21.323610
100200007398 20.248826
100300018901 19.486009
100400017215 19.542548
100500004920 19.193486
100600017919 19.273681
100700021042 19.797971
100800015294 19.292959
100900015052 19.730591
101000009745 19.743697
101100004066 19.809263
101200005835 19.552847
101300011998 19.585128
101400016008 19.762044
101500017423 19.976550
101600018406 20.054360
101700006295 19.870195
101800003883 19.199677
101900006400 18.987467
102000005745 19.940050
102100004070 20.265652
102200005317 19.567263
102300002903 20.811621
102400003943 19.350294
102500004861 19.777632
102600005334 20.273303
102700019633 20.100563
102800006569 20.256848
102900005808 19.738516
103000003965 19.799504
103100006496 20.076112
103200004021 20.160075
103300012490 20.969432
103400025578 20.921030
103500004920 19.118396
103600004626 19.384830
103700004092 19.969364
103800004777 20.400387
103900013350 19.891494
104000004699 19.416294
104100004068 19.606953
104200004632 19.590079
104300016775 19.394339
104400006251 19.804189
104500004329 21.087637
104600006547 19.841636
104700004158 18.788412
104800004367 18.715398
104900005585 19.848614
105000007054 20.352232
105100005029 20.214205
105200019758 20.499749
105300022785 21.446868
105400004628 20.495310
105500006342 19.270716
105600005607 17.978463
105700013386 18.917019
105800004099 20.228333
105900018076 20.056510
106000018991 20.260385
106100004823 20.573421
106200017748 23.215405
106300004326 19.535197
106400014797 19.974378
106500013046 20.219713
106600007259 20.044683
106700005017 20.281682
106800019157 20.426000
106900013358 21.237207
107000018544 20.749421
107100005976 18.998419
107200013353 19.932740
107300013351 19.443021
107400005894 19.172835
107500004597 19.238453
107600005088 19.746456
107700016472 19.452477
107800004616 20.010331
107900004188 19.239602
108000019038 18.996518
108100017471 19.234405
108200016274 20.037283
108300006706 20.092774
108400010486 19.997405
108500018705 20.170495
108600005107 19.927179
108700020437 20.428582
108800003889 20.010841
108900004870 19.604003
109000017569 20.108023
109100004578 20.706564
109200004974 19.502449
109300004586 19.694133
109400003980 20.933146
109500005390 20.378600
109600005270 19.098558
109700017072 20.742337
109800018821 19.838937
109900004772 19.210823
110000005201 20.212391
110100003068 19.863033
110200011006 20.667301
110300004577 20.217866
110400005021 19.728943
110500004394 19.953320
110600004310 19.998341
110700018137 21.088496
110800012954 20.071176
110900018510 19.626823
111000010181 19.885236
111100005114 19.827548
111200008996 19.815745
111300004374 19.534169
111400006122 19.469644
111500012058 19.793507
111600004733 20.102298
111700020314 19.369235
111800003663 18.053718
111900015520 19.354662
112000005407 19.195268
112100017765 19.533174
112200003531 19.233327
112300013740 19.557512
112400017069 20.033159
112500004503 19.830036
112600014034 19.978920
112700005690 20.327819
112800018357 20.128442
112900004115 19.271931
113000005324 19.748399
113100004032 19.599310
113200008350 19.670377
113300005692 19.309370
113400003979 19.652269
113500004779 20.132706
113600021427 20.145803
113700004127 19.481291
113800009961 19.952607
113900004804 19.527277
114000006231 18.923246
114100004041 19.551779
114200003127 19.738739
114300015581 20.554999
114400014941 20.342532
114500013314 20.095644
114600004169 19.983485
114700004096 20.166608
114800017865 19.881008
114900014610 20.747667
115000013513 21.288034
115100005007 20.563578
115200015141 20.150385
115300012614 18.705224
115400005084 19.656804
115500005607 22.132602
115600005096 20.082114
115700004057 19.528464
115800005332 19.678551
115900003564 19.301052
116000018070 18.922239
116100018529 18.521081
116200004764 20.294736
116300005411 20.307498
116400005041 20.727828
116500017736 20.916260
116600005495 20.597581
116700003511 19.723164
116800004905 19.400484
116900004118 18.707127
117000015925 19.652338
117100007449 20.294743
117200004584 20.918339
117300004409 19.953925
117400004754 19.339279
117500010931 20.125422
117600009371 19.467917
117700017983 19.868520
117800003928 19.891724
117900003904 20.936551
118000004815 20.222106
118100015788 19.891339
118200004604 19.163538
118300004040 20.007127
118400004894 20.269547
118500004849 20.379806
118600004030 20.447785
118700004051 19.814298
118800005304 19.533577
118900004703 19.904311
119000003876 20.749682
119100004539 20.397195
119200014218 20.319313
119300005629 19.030419
119400003891 20.184135
119500006717 19.771318
119600004284 20.450091
119700004291 20.531279
119800004511 19.875692
119900010755 20.232637
120000019418 20.487277
120100000039 19.692927
120200005206 20.042672
120300026562 20.495988
120400005103 19.848087
120500003575 17.704993
120600002957 19.546468
120700004696 20.345138
120800005467 20.094740
120900004740 20.461475
121000003825 19.717042
121100009750 20.304112
121200005940 20.226946
121300013727 19.868593
121400005225 21.844143
121500013541 18.633108
121600006813 20.060101
121700006223 17.527300
121800003248 20.675646
121900007177 19.639536
122000005140 20.014907
122100004566 19.895304
122200003853 19.679975
122300004091 19.982443
122400004030 20.135706
122500008713 19.997909
122600003909 20.089831
122700004001 20.082544
122800004237 20.014506
122900004246 19.900015
123000005103 19.605336
123100017952 19.792076
123200021515 20.230990
123300005520 21.229378
123400014898 19.890928
123500004982 19.752580
123600004150 19.689782
123700010951 19.452474
123800016879 19.380103
123900005350 20.484055
124000014231 20.140343
124100004956 20.220152
124200004807 19.790823
124300003241 20.635122
124400003565 19.726437
124500003881 19.472628
124600009774 20.028314
124700004223 23.323609
124800010108 20.238888
124900016751 19.170480
125000005113 20.100033
125100003114 19.743330
125200003769 20.259817
125300004336 19.019547
125400004820 20.017653
125500018982 20.104598
125600005859 20.172445
125700003441 20.101096
125800005951 19.860634
125900005992 19.716686
126000014219 20.666500
126100007689 19.743905
126200011679 19.074917
126300005744 20.588498
126400006113 20.168133
126500005646 19.717685
126600011670 19.208208
126700014775 19.941159
126800094085 21.241023
126900005252 20.918938
127000004853 19.923682
127100005030 18.071657
127200005861 19.706144
127300010223 19.524246
127400007022 19.802962
127500009089 20.352377
127600004561 20.277260
127700011977 19.752825
127800003439 20.020400
127900016271 19.699986
128000009217 20.047027
128100018188 19.699285
128200018933 19.882648
128300017746 19.481114
128400019737 19.758823
128500006105 20.745123
128600004979 20.470911
128700015860 20.219520
128800004044 19.532446
128900005032 19.209278
129000018948 19.805591
129100020131 20.517080
129200003838 20.257974
129300018373 19.783161
129400013239 20.338623
129500006746 20.120904
129600004266 20.316635
129700005266 19.222946
129800019603 19.972730
129900005217 19.570388
130000003849 20.818781
130100004105 19.287829
130200005167 19.889582
130300009533 19.420393
130400007984 20.396596
130500004264 19.207057
130600004335 19.910968
130700039019 20.511804
130800001196 20.175331
130900004881 20.326995
131000005117 20.145898
131100004271 20.361240
131200011186 19.902865
131300006537 19.074518
131400006306 19.515612
131500003545 19.836103
131600022799 20.063731
131700006020 20.827574
131800005031 19.910233
131900004077 21.010655
132000004962 19.048971
132100018346 19.673968
132200017450 18.844048
132300018659 20.227850
132400014861 20.804412
132500005240 20.374762
132600006550 20.418923
132700018253 19.630723
132800004135 19.900335
132900017224 19.719186
133000021454 19.985242
133100020189 19.902477
133200003577 20.003942
133300004619 19.659994
133400017735 19.882776
133500003676 20.241427
133600004340 19.422878
133700005010 20.015405
133800005283 19.742755
133900004108 22.491111
134000004917 20.157828
134100022058 19.852176
134200004145 20.253401
134300023947 19.758391
134400004055 20.203587
134500040332 19.969262
134600005879 19.840653
134700005108 19.239189
134800006011 19.540091
134900004365 21.332214
135000003965 19.786812
135100015332 20.213062
135200004187 18.847826
135300016320 20.490967
135400013894 20.854921
135500005075 19.519307
135600014885 19.083434
135700018940 19.278680
135800004177 20.044408
135900006763 19.932191
136000004673 19.435854
136100005073 20.147406
136200003676 19.649061
136300015119 20.107380
136400018320 19.894573
136500005942 20.024276
136600009402 19.787587
136700003907 19.581264
136800016324 19.686792
136900004465 20.079276
137000003929 19.890740
137100013510 19.887403
137200004705 19.696495
137300003723 19.921813
137400005164 20.091261
137500004303 20.280192
137600018146 20.069870
137700005187 19.953329
137800006756 19.684566
137900004535 20.022055
138000004600 19.976391
138100005077 20.381485
138200005388 19.754266
138300004158 19.907360
138400003927 20.095423
138500010921 19.951394
138600004110 20.226312
138700005319 19.712083
138800016938 20.057300
138900005325 19.660298
139000004886 19.770025
139100004031 20.056941
139200010288 19.882875
139300005344 19.599133
139400004139 20.174121
139500007825 19.899217
139600005251 19.569087
139700014990 19.605502
139800016850 20.257585
139900003997 20.492248
140000009745 20.230772
140100005415 19.393418
140200018385 19.395837
140300003961 20.104910
140400004616 19.911377
140500004965 19.799935
140600004151 20.083714
140700018221 19.693235
140800002986 19.610463
140900004342 18.616645
141000007875 19.736636
141100005088 20.322811
141200018638 19.742094
141300005146 19.150113
141400003816 19.828245
141500005582 19.898380
141600004612 20.146803
141700025547 19.794579
141800036518 20.222180
141900016722 20.113524
142000004824 20.076498
142100019334 19.359859
142200017071 19.274565
142300004608 19.713104
142400007321 20.398780
142500005310 20.873858
142600005696 20.262355
142700021910 20.343188
142800003279 18.571537
142900017554 18.869417
143000005391 18.320811
143100005880 20.043197
143200005426 20.457024
143300013733 22.675920
143400005324 20.247533
143500005246 19.886726
143600004002 20.286494
143700005291 20.251486
143800003339 20.950811
143900014293 20.842884
144000006412 19.232276
144100016420 18.300682
144200004194 19.662555
144300004228 19.532425
144400013579 20.016386
144500003790 18.198322
144600005904 20.452877
144700003979 19.852802
144800004116 19.763040
144900005161 19.437740
145000003949 19.924644
145100001175 20.460205
145200003811 20.359080
145300006672 19.877689
145400025132 19.744120
145500005229 20.202353
145600017051 19.942637
145700018653 19.854470
145800015713 20.114161
145900016342 19.799376
146000005104 19.666886
146100006169 19.814472
146200015523 20.073627
146300016954 20.755966
146400017798 20.470492
146500007427 19.461941
146600006477 19.404416
146700022184 19.538553
146800015966 20.301206
146900016675 19.844743
147000004091 19.958576
147100003934 20.636413
147200007985 20.178062
147300010437 19.763134
147400003706 19.544254
147500004549 20.307763
147600020840 19.805243
147700022012 19.880721
147800005134 19.991755
147900010336 20.172444
148000011758 20.017013
148100018871 19.986537
148200003898 20.371382
148300005662 19.632122
148400004914 20.108169
148500003953 19.834196
148600012008 19.975084
148700006090 19.232698
148800016435 19.718610
148900004496 19.540852
149000004011 20.130291
149100021852 20.408442
149200021755 19.952081
149300004898 20.456897
149400020754 19.661675
149500010433 20.351651
149600005160 19.343636
149700010193 19.784806
149800017970 19.711727
149900007970 20.215366
150000005327 19.913180
150100004934 20.402302
150200014411 19.476078
150300004424 20.017429
150400010006 19.964709
150500004342 20.218913
150600004664 20.519148
150700017537 19.402061
150800005486 19.608107
150900003255 20.034373
151000003771 20.150282
151100015241 20.001586
151200005336 19.644886
151300006137 20.126513
151400005437 20.031990
151500005981 20.013295
151600004031 20.091200
151700005009 20.265556
151800016682 20.188905
151900017766 20.248231
152000016197 19.825898
152100016215 19.674203
152200006437 19.210088
152300004528 19.981867
152400005725 20.715907
152500003370 23.404166
152600006998 20.317698
152700004709 19.109721
152800014693 19.572117
152900004443 19.648116
153000018890 21.457042
153100004045 20.965355
153200009775 19.786969
153300017703 18.330696
153400007285 18.494748
153500006944 19.888299
153600018368 20.427805
153700013998 20.047386
153800007315 19.717717
153900005998 19.294151
154000004249 20.277815
154100004051 20.361667
154200003119 19.697575
154300018108 20.139759
154400032936 19.838813
154500009347 20.315246
154600004073 19.704087
154700020227 19.861766
154800020261 19.720501
154900003269 19.704158
155000010634 19.902720
155100007246 20.229290
155200003391 19.667227
155300004667 19.846258
155400004690 20.076492
155500004963 20.133880
155600003197 20.186154
155700016427 19.763714
155800019102 19.721614
155900018621 19.820845
156000005415 20.039556
156100004428 19.832443
156200003884 19.836839
156300012913 19.888900
156400004100 20.420614
156500003618 20.483465
156600018284 19.874731
156700022968 19.619887
156800017634 19.796513
156900004163 19.842517
157000005113 20.140987
157100003491 19.518686
157200005499 20.240587
157300005182 19.756590
157400004044 20.375514
157500020161 19.819136
157600004821 19.804473
157700004630 20.174912
157800003904 20.022872
157900004888 19.984851
158000016161 19.730689
158100004385 19.820572
158200011334 19.823822
158300016877 20.074748
158400004802 19.649504
158500004919 19.458547
158600005372 20.236465
158700006485 19.944319
158800005068 19.627720
158900004328 19.656150
159000005549 20.256673
159100019279 19.936865
159200018797 19.709674
159300008331 19.792739
159400005132 20.379451
159500017738 19.753968
159600004204 20.027564
159700006817 20.199861
159800018209 19.758683
159900003523 19.739496
160000013054 19.864660
160100005044 19.925556
160200017078 22.141262
160300010265 21.177968
160400022118 19.556583
160500018146 18.201396
160600003776 17.859180
160700020916 20.302281
160800004602 20.582716
160900005508 20.808918
161000004736 19.610511
161100016249 20.957571
161200003520 19.241144
161300003737 19.801346
161400019273 18.288124
161500007207 19.858007
161600004276 22.245292
161700017679 20.392972
161800004202 19.527806
161900006870 20.035152
162000019196 20.015665
162100008331 20.250004
162200004443 20.289460
162300004539 19.596922
162400004080 19.839688
162500005646 19.328709
162600005071 20.461650
162700005065 19.370047
162800013036 20.876986
162900004017 19.556722
163000012612 20.087143
163100006972 20.271541
163200021292 19.783555
163300004105 20.019404
163400017664 19.983897
163500010297 20.020587
163600003180 18.978096
163700021850 19.740033
163800004077 19.720588
163900005057 21.062074
164000005193 20.241401
164100005026 19.545715
164200006640 20.605924
164300004378 20.245202
164400004092 20.241668
164500005697 18.959865
164600003691 20.413476
164700006687 27.542670
164800012922 26.036408
164900007075 22.343174
165000013546 13.181484
165100035651 18.001053
165200004662 22.334192
165300030948 27.044775
165400051345 18.842321
165500008553 14.328883
165600004353 20.358907
165700007370 7.911906
165800005332 16.463092
165900004951 9.368630
166000011236 15.133406
166100004914 9.953515
166200007955 22.185478
166300009232 15.993006
166400006934 10.398651
166500006269 9.078587
166600017711 9.798265
166700004030 13.362737
166800006752 8.551167
166900016397 9.001546
167000013883 8.077271
167100004951 19.241165
167200004809 11.694969
167300024425 9.609693
167400006323 15.470859
167500005142 16.271392
167600014809 17.090502
167700005382 16.326425
167800007319 16.534938
167900004681 17.881945
168000004877 18.174452
168100005679 15.243089
168200004809 15.589251
168300004008 17.200445
168400002967 17.771583
168500014083 18.492983
168600004267 15.987233
168700012517 21.011924
168800009441 16.988295
168900004021 17.515479
169000009634 11.156570
169100004875 13.878192
169200004531 13.464153
169300015220 19.052651
169400003157 17.596613
169500020498 19.343055
169600007230 18.885926
169700004750 16.811868
169800008508 14.643783
169900010835 10.922092
170000007615 16.977086
170100007417 16.537706
170200006829 23.035252
170300006600 18.640138
170400006471 17.124186
170500003983 15.757787
170600009492 16.538446
170700004200 15.526471
170800017606 14.651031
170900012229 16.382017
171000005048 18.149003
171100003210 18.382348
171200004363 18.782627
171300004012 16.887070
171400006702 16.540241
171500003795 18.447020
171600004924 18.349929
171700003032 20.247313
171800004328 19.547962
171900006401 21.806470
172000007910 30.789234
172100006339 18.768625
172200009107 21.607349
172300005011 9.532140
172400004149 14.804733
172500013888 17.927658
172600012326 23.408718
172700014505 24.102554
172800017100 22.468703
172900020270 16.217702
173000044905 14.934488
173100009777 16.342120
173200010026 16.005698
173300012361 16.088289
173400008873 17.020032
173500010031 15.835772
173600016714 17.479566
173700004861 16.474747
173800005877 17.918810
173900008073 20.999127
174000006780 16.278583
174100004294 15.142470
174200006558 14.744387
174300013672 10.983851
174400005793 18.787744
174500006866 19.279857
174600018156 19.749496
174700010457 21.804565
174800012947 20.152943
174900003761 19.252105
175000004115 18.302772
175100012663 16.993514
175200013369 25.731773
175300004485 21.892907
175400004781 20.650897
175500004911 15.553566
175600011261 12.952823
175700005134 18.577729
175800018475 19.412117
175900005318 20.902020
176000004766 19.737839
176100004501 20.009207
176200003942 19.090683
176300004793 19.343180
176400004156 19.390128
176500017653 19.557000
176600004194 19.507437
176700004098 19.600891
176800005410 20.024671
176900004766 19.044298
177000004702 19.738888
177100005018 19.966755
177200006791 19.486404
177300004244 19.746653
177400019898 18.665092
177500014703 19.311818
177600007131 19.531441
177700004927 19.333937
177800004881 20.096314
177900017718 19.989435
178000006877 19.479464
178100002788 20.336030
178200009931 18.219241
178300008084 20.528028
178400004689 18.141897
178500004076 19.971617
178600005445 19.761059
178700003456 18.524761
178800002074 19.112903
178900019572 21.624793
179000005660 18.973123
179100004207 19.570874
179200005242 19.665903
179300005745 19.528260
179400006621 20.455566
179500005621 18.945687
179600003340 19.124411
179700005194 19.398185
179800019691 21.504161
179900004862 22.429414
180000005903 18.429882
180100004478 19.474404
180200006478 18.121743
180300006210 16.867108
180400019493 19.233492
180500005930 20.081716
180600020420 18.541237
180700004966 19.177451
180800004372 21.367242
180900007798 18.290678
181000004160 20.707902
181100004059 19.212145
181200004572 19.047628
181300016289 19.324207
181400004866 18.091488
181500019072 18.790216
181600006081 18.964625
181700018495 17.965737
181800004205 18.616360
181900003784 19.849655
182000004854 19.618738
182100004275 19.393028
182200004743 18.708190
182300004727 19.165161
182400004673 19.157917
182500010052 19.039193
182600019349 20.019736
182700011320 18.225541
182800005730 22.477905
182900005599 18.690381
183000003964 21.584766
183100005384 18.739890
183200003178 19.543305
183300004902 19.271870
183400014152 19.838861
183500004054 18.547329
183600004757 19.542709
183700005311 20.763552
183800011537 20.481325
183900006122 21.360042
184000005011 19.523139
184100007069 19.297620
184200009929 19.379775
184300004364 18.465558
184400002871 21.779636
184500004219 20.000744
184600005437 19.592936
184700020070 20.596486
184800020037 19.361983
184900002073 21.119965
185000018638 18.978076
185100007027 20.905823
185200002897 19.501118
185300003206 20.921520
185400006172 19.017424
185500018775 20.582852
185600004266 19.165350
185700004864 19.090891
185800018784 19.206202
185900006349 20.485552
186000005385 22.002677
186100003257 21.066198
186200005283 21.419095
186300018144 21.266142
186400019939 20.632502
186500004028 20.104675
186600005324 19.499242
186700004886 19.993687
186800021282 20.620847
186900004770 21.868113
187000004917 20.569246
187100007538 20.741508
187200005415 19.408626
187300018598 19.331512
187400004009 19.546879
187500006979 20.426584
187600005804 22.326291
187700003126 21.697517
187800015459 20.743649
187900017199 18.961000
188000005541 19.677695
188100012526 21.171358
188200005306 19.349508
188300005104 19.597820
188400012074 20.087940
188500004157 22.491897
188600018452 20.708204
188700004816 21.467843
188800003473 19.429708
188900005263 19.340230
189000007089 20.358435
189100019601 20.293986
189200015105 21.585723
189300019166 20.792277
189400004320 20.322420
189500004017 20.380316
189600005595 20.092720
189700005977 20.519790
189800004168 20.620868
189900017441 21.085717
190000004713 20.499712
190100017423 19.694106
190200004116 21.067191
190300011541 20.082720
190400017257 20.356923
190500005198 20.426164
190600014362 20.736780
190700005033 20.647013
190800003450 20.516467
190900018105 20.777444
191000007479 21.596866
191100009049 20.702120
191200017257 20.916073
191300004941 18.979520
191400004179 18.312140
191500005666 21.093910
191600003023 20.710818
191700004719 21.478642
191800005658 21.324370
191900004217 20.679129
192000005618 19.998766
192100004063 22.531692
192200007724 20.481687
192300005228 21.607426
192400018998 20.262962
192500018436 20.069449
192600018815 21.494284
192700004746 19.741954
192800003878 20.119011
192900009253 18.121526
193000005830 20.168399
193100008340 20.563964
193200018960 20.599879
193300004252 21.199469
193400002795 21.416280
193500004560 20.546743
193600003479 21.846427
193700003969 20.761935
193800005020 19.945887
193900004982 20.315188
194000004836 20.884559
194100048831 23.092398
194200003064 22.795824
194300004723 22.011754
194400012271 18.495879
194500016597 22.853200
194600018819 18.728791
194700017673 19.275771
194800003513 19.353150
194900021574 19.121630
195000004937 23.482162
195100003846 20.430682
195200020817 21.164478
195300006397 17.139225
195400005146 20.638014
195500004930 20.042778
195600004724 20.076394
195700004213 20.377502
195800080245 22.434169
195900018735 22.493413
196000018201 22.268825
196100004807 20.802282
196200005060 18.675838
196300006070 19.708670
196400007397 19.504355
196500008827 19.763870
196600005849 20.398503
196700004834 19.616326
196800005853 19.442315
196900008571 19.741753
197000004988 19.981772
197100014589 18.990980
197200019367 19.923466
197300005488 21.590564
197400014658 24.678040
197500007155 21.147125
197600018939 21.866579
197700016903 21.174265
197800003012 20.595410
197900004625 20.268154
198000019449 19.567392
198100003864 20.018566
198200007281 20.163432
198300005185 20.402115
198400007537 21.283135
198500007745 21.352916
198600015856 20.176761
198700004288 20.045785
198800004785 18.813886
198900007870 20.795275
199000014631 21.939831
199100005375 21.383622
199200012177 21.172008
199300004290 18.985105
199400003890 18.671676
199500005726 18.889098
199600011007 20.854499
199700004189 21.212943
199800005063 21.103016
199900019377 23.607325
200000019616 20.642109
200100004715 19.843960
200200004938 18.146772
200300003957 16.734368
200400005598 20.423051
200500018725 21.110768
200600019296 22.429766
200700004134 22.121760
200800003921 21.352388
200900004914 20.380836
201000025853 19.965404
201100004427 20.010995
201200015839 20.929771
201300019636 20.126775
201400004574 21.102876
201500002621 20.702068
201600004583 21.169241
201700015659 19.537205
201800004155 16.981380
201900020997 18.684075
202000003917 18.852548
202100005135 19.344089
202200002661 19.528713
202300004903 21.941023
202400004899 21.509280
202500003047 21.714992
202600017637 21.185990
202700019245 18.935183
202800009455 18.936590
202900004249 18.570382
203000020573 20.138680
203100005448 21.973902
203200008973 21.654322
203300015845 22.642807
203400018723 19.215462
203500023362 18.778981
203600018330 19.426581
203700018223 19.535685
203800003322 19.784686
203900019287 18.628450
204000019465 19.770369
204100003352 20.395888
204200004254 21.347143
204300005042 20.706942
204400004055 19.132367
204500020408 19.972793
204600004551 20.997115
204700004148 21.142051
204800007274 19.872567
204900003967 19.155147
205000004809 19.037613
205100005377 19.376220
205200004648 20.881621
205300011990 20.581704
205400012475 21.382545
205500004013 20.790952
205600005229 23.490049
205700008662 21.556119
205800004239 22.598847
205900004859 20.163698
206000004375 17.063192
206100005579 20.316844
206200010198 21.055128
206300004240 22.108293
206400012109 20.636130
206500004492 18.644171
206600022961 15.420288
206700005465 23.049128
206800018927 19.401221
206900003724 19.927879
207000005144 20.463746
207100003653 20.516099
207200004763 19.880077
207300004459 18.944700
207400007012 19.210027
207500013699 20.853765
207600007472 20.313256
207700004182 19.464106
207800009874 19.515041
207900003925 20.102761
208000007488 21.267392
208100005802 21.161397
208200004364 21.126324
208300004732 20.437446
208400005434 19.212183
208500005177 19.310206
208600004192 18.688308
208700004409 17.857877
208800006591 19.701759
208900004259 20.259205
209000003678 20.225800
209100004694 21.825408
209200005935 20.950698
209300003930 20.646928
209400004757 19.429525
209500005926 18.835802
209600005130 18.880166
209700004045 19.438714
209800008929 19.881417
209900005516 20.054102
210000017751 20.888782
210100004942 20.080321
210200004892 19.269264
210300006660 19.636799
210400019487 18.754013
210500003693 18.842465
210600004591 20.554562
210700013781 20.835470
210800004090 21.842907
210900005376 21.582404
211000017802 20.140276
211100004135 21.028385
211200004995 19.561117
211300005958 19.972294
211400016948 20.049118
211500013877 17.742436
211600019660 18.931275
211700010296 19.693705
211800004420 21.635199
211900005703 21.790151
212000005383 20.394378
212100017962 21.001830
212200019507 20.309717
212300017198 20.397248
212400004985 20.391166
212500004475 19.050079
212600018129 19.111494
212700003803 18.842807
212800064885 20.503574
212900003796 20.053678
213000023377 20.216006
213100004699 19.814552
213200006957 20.454950
213300004674 21.269924
213400004481 21.331337
213500004805 21.505755
213600004957 20.137212
213700004332 18.738391
213800004330 19.339305
213900014345 18.334067
214000018872 18.983369
214100004885 19.743953
214200004839 20.213010
214300005275 20.486382
214400006357 21.865827
214500003163 21.574532
214600003981 21.548571
214700005198 21.490940
214800019065 19.797719
214900005310 19.879657
215000003994 20.243828
215100021176 19.711724
215200003734 19.264811
215300057079 19.536339
215400005897 18.960445
215500020235 19.576744
215600005562 20.863988
215700008210 21.082621
215800007044 20.979868
215900005473 22.796611
216000019820 20.900610
216100004236 21.855822
216200019067 19.647029
216300004531 20.111961
216400023185 20.655653
216500004566 20.572042
216600004699 21.418283
216700004815 19.773632
216800005234 18.465343
216900018712 17.614387
217000004099 19.725902
217100004118 19.828642
217200015492 21.416275
217300004123 21.218022
217400005469 20.202469
217500020005 21.024834
217600007331 18.628525
217700004605 18.852441
217800004319 20.770982
217900014353 20.598133
218000004714 20.074668
218100006316 20.456854
218200018168 19.692705
218300022421 19.421218
218400021322 19.481771
218500004500 20.284318
218600004492 21.137233
218700017911 19.237515
218800017544 19.743789
218900006658 19.416049
219000004942 21.414914
219100004880 23.314703
219200006242 19.942491
219300008079 21.145906
219400004049 17.568585
219500019269 17.517191
219600004869 20.395100
219700018582 19.799370
219800012476 19.161570
219900003592 21.041913
220000007746 20.948619
220100003085 21.238695
220200003912 22.240967
220300003853 19.756219
220400003443 17.923304
220500004180 17.612049
220600003714 17.313810
220700005111 17.543128
220800005387 19.573863
220900003805 19.990336
221000008115 20.692229
221100004687 20.648807
221200008740 20.598950
221300011685 20.353492
221400005380 20.027142
221500004935 20.679787
221600008942 20.193481
221700005101 20.615841
221800004583 20.154022
221900004565 20.920763
222000006450 19.170688
222100006214 18.867827
222200003710 18.890107
222300004284 18.675775
222400007978 21.008185
222500017779 21.254910
222600003891 21.083537
222700004727 19.742538
222800004318 20.377738
222900004215 19.856667
223000006830 22.086279
223100006967 20.249931
223200005602 19.855621
223300020287 21.095150
223400004082 18.297633
223500007080 20.513836
223600023879 18.710552
223700005114 19.269513
223800003460 19.201826
223900004907 20.201273
224000004886 21.319118
224100004317 20.114527
224200007690 19.908475
224300004897 19.581097
224400007033 19.650665
224500003947 19.592192
224600005225 19.712519
224700003605 19.890045
224800022593 19.589495
224900004730 18.667904
225000007093 18.992963
225100004495 22.027360
225200003728 19.664071
225300004423 23.385900
225400005874 23.866883
225500005128 20.673868
225600004998 19.545181
225700022869 17.947328
225800004049 17.112794
225900004085 21.490761
226000002975 22.211912
226100002518 19.089189
226200018386 17.829554
226300021003 17.637849
226400004115 20.073484
226500003927 20.920940
226600018844 22.114598
226700004634 20.671696
226800020276 19.349354
226900005133 18.752727
227000008031 17.754464
227100003900 18.636423
227200004075 19.484209
227300004829 19.701934
227400005047 20.340278
227500005854 20.385274
227600008495 19.364809
227700007878 19.739847
227800003762 20.025165
227900020070 19.934862
228000008252 21.389538
228100006545 20.887541
228200005111 20.153699
228300020825 20.334008
228400010109 19.746656
228500013460 19.882016
228600005114 19.866355
228700006608 18.860059
228800005442 19.065358
228900018452 18.262335
229000012116 18.619063
229100018780 19.827855
229200004690 20.655359
229300020819 20.921419
229400002886 20.499697
229500007561 20.379956
229600005084 19.027477
229700005304 19.419223
229800004030 21.125404
229900005499 19.977164
230000014567 21.085639
230100012645 21.790627
230200003870 19.333959
230300021352 21.237853
230400004892 22.244823
230500004597 21.707199
230600020931 21.505475
230700019348 20.066316
230800004312 19.881503
230900004794 19.506995
231000009458 19.792116
231100004758 19.573509
231200003119 18.754156
231300005437 19.128649
231400003862 20.195282
231500005036 17.954096
231600003539 19.276783
231700003840 20.390260
231800007501 18.106192
231900008437 20.689126
232000005497 21.378943
232100005036 20.460407
232200020040 19.632794
232300005310 18.832942
232400003842 18.251913
232500007336 17.772419
232600003566 20.548172
232700004235 23.174596
232800008616 20.017181
232900003595 20.536465
233000005311 20.435742
233100005333 16.542251
233200004389 21.121729
233300019029 20.526604
233400004264 19.074281
233500004508 20.621046
233600006457 20.404141
233700003875 18.540228
233800005358 21.003597
233900004032 20.479326
234000011426 20.514149
234100019576 20.096480
234200018758 20.072310
234300029863 23.672546
234400003833 27.579900
234500004018 29.719665
234600004968 22.647451
234700019858 18.964684
234800016525 12.558383
234900003677 11.124604
235000017615 18.456620
235100003919 21.593469
235200004042 19.283890
235300005663 21.639485
235400008992 21.492375
235500003347 17.324058
235600003654 19.237264
235700004124 20.958268
235800004247 21.071573
235900004761 20.782416
236000004046 20.917339
236100005908 20.010484
236200006973 20.284379
236300019673 20.699280
236400004440 21.050701
236500005815 23.071600
236600007707 21.207952
236700004959 18.253818
236800005308 16.821829
236900002996 17.022502
237000018604 18.490741
237100003932 22.332057
237200003630 22.138650
237300019494 20.137324
237400004846 20.409366
237500005220 18.003469
237600003973 18.790548
237700004074 21.183646
237800004776 20.778544
237900004086 21.818988
238000003070 19.335622
238100010534 18.912980
238200004013 19.153313
238300003976 19.030021
238400004032 20.135803
238500005616 21.287881
238600004752 20.861441
238700007400 22.011251
238800019370 22.281188
238900004078 21.266069
239000014251 20.289289
239100002936 19.310437
239200005210 16.561090
239300005490 16.821569
239400004636 19.177346
239500024009 19.207203
239600005116 20.557353
239700003676 21.678906
239800003939 20.904907
239900012874 20.682036
240000004570 20.420480
240100005241 20.026530
240200005315 19.622554
240300014680 19.636315
240400004153 18.993213
240500004099 19.011210
240600004049 19.899746
240700019451 19.622539
240800001756 21.689232
240900010945 21.636256
241000009259 21.370397
241100004584 21.944097
241200005582 22.338376
241300004082 18.562918
241400005119 19.459442
241500005269 18.512072
241600004319 18.563466
241700005374 19.216819
241800004413 20.400634
241900005542 21.132770
242000005553 19.342764
242100004124 22.049689
242200004719 20.935267
242300003858 20.044574
242400005020 20.975108
242500003807 18.738669
242600005164 19.417877
242700017998 22.132029
242800004101 21.477874
242900004281 19.672935
243000015780 19.447971
243100004972 18.447394
243200005003 18.017570
243300003806 22.698669
243400003650 19.216701
243500004200 19.131481
243600018929 17.018584
243700003138 16.885401
243800005961 22.355480
243900005417 24.559198
244000005585 21.671037
244100004202 20.028952
244200005659 18.249132
244300004990 19.217698
244400005821 19.717813
244500004518 20.249994
244600004915 20.414990
244700018809 20.367432
244800003677 19.022229
244900006580 19.814190
245000004567 18.772213
245100004870 18.637099
245200006121 20.590332
245300005869 19.562344
245400005190 19.529480
245500006391 22.126614
245600006646 22.107181
245700004592 20.250489
245800004573 20.415679
245900004443 19.385277
246000018331 18.308511
246100004894 23.538167
246200007755 23.850934
246300005748 23.513312
246400010852 23.860718
246500004285 21.448750
246600016903 18.310172
246700003874 17.084162
246800005443 16.324807
246900026492 19.184021
247000004736 20.683168
247100004505 23.797799
247200005239 20.795950
247300004139 17.989298
247400005237 16.203421
247500017457 17.064559
247600005193 23.038189
247700005571 23.686674
247800012455 25.267558
247900005108 24.591180
248000004908 20.431128
248100020936 21.225468
248200021036 17.787448
248300004407 15.674221
248400003163 16.834862
248500005975 16.564211
248600004955 19.257361
248700005861 22.596193
248800021146 21.701695
248900011044 21.765764
249000007469 21.676030
249100004399 19.314041
249200022174 19.582963
249300007675 19.092790
249400014085 19.593027
249500004325 18.895534
249600004157 19.195200
249700004409 20.108669
249800019246 17.400824
249900004127 17.772450
250000006773 19.115638
250100004887 16.759333
250200010408 16.807276
250300006291 21.956818
250400004454 16.800485
250500004900 20.914627
250600020842 22.594943
250700004914 20.584410
250800004603 19.894688
250900013598 20.501062
251000006471 19.574949
251100009716 19.163576
251200004952 19.248725
251300008337 19.284008
251400010029 18.692246
251500012177 17.267270
251600004928 18.061255
251700005044 18.330592
251800005741 18.410366
251900027880 21.528026
252000004686 22.944130
252100003853 21.448185
252200005034 19.784966
252300012899 20.578899
252400018942 17.828951
252500005837 17.088374
252600012679 19.910185
252700004081 22.099147
252800003146 21.440891
252900007926 20.342494
253000005057 20.612512
253100004928 19.070626
253200012231 20.345936
253300004163 24.578652
253400027583 23.677455
253500010010 25.625031
253600004862 18.861479
253700005169 18.042714
253800005018 18.734605
253900003469 16.628096
254000004266 16.908036
254100004843 19.631390
254200010777 18.512712
254300020103 19.705622
254400004639 20.135327
254500017487 21.217201
254600004893 20.874249
254700006804 21.536188
254800002943 20.232062
254900021492 19.490105
255000004575 17.962910
255100003754 20.252448
255200011351 19.355809
255300004169 19.705475
255400003984 22.541191
255500005118 20.890137
255600004869 20.474272
255700017412 19.352953
255800009529 18.415899
255900013858 18.670004
256000004245 19.911560
256100004632 21.778679
256200005014 19.380842
256300019181 19.362304
256400013353 20.610046
256500008464 19.565856
256600004739 20.489139
256700006999 21.750212
256800005762 19.527715
256900003985 18.158159
257000005327 19.866095
257100027498 18.657237
257200004109 21.424145
257300004065 20.560679
257400017614 19.981042
257500003701 19.850119
257600004320 18.399969
257700004537 19.988831
257800011260 20.467181
257900011730 20.319796
258000004553 21.630331
258100003824 20.920444
258200004638 21.194160
258300005511 20.965350
258400004508 18.924541
258500005097 19.558614
258600012942 18.510437
258700003642 20.223237
258800018123 20.928465
258900005041 20.653302
259000003145 21.249143
259100022189 20.596813
259200004140 21.346706
259300005966 21.195976
259400021976 20.381790
259500007049 20.389953
259600004218 18.527866
259700003581 17.042804
259800019404 16.541207
259900005052 16.998110
260000013187 17.858839
260100004645 21.417332
260200005482 22.160906
260300004919 21.981824
260400005059 20.797174
260500024456 20.873769
260600019562 21.707122
260700020302 21.966366
260800004748 20.797836
260900007561 21.720523
261000013798 19.613912
261100003929 19.604762
261200004089 19.727010
261300003293 19.469930
261400004208 18.727008
261500010044 19.533023
261600004738 20.214849
261700004359 20.950675
261800003913 21.627698
261900020306 20.481394
262000004149 18.091575
262100005741 18.087208
262200004251 16.763236
262300004163 18.429781
262400009844 20.632167
262500004518 20.475142
262600020605 20.097897
262700009161 23.706240
262800005740 20.027301
262900002888 20.561913
263000020158 20.452789
263100005867 20.501246
263200016886 21.623648
263300003869 19.356868
263400004017 18.092158
263500008058 18.022812
263600005099 16.384766
263700004446 17.491980
263800012503 19.742876
263900004166 20.432288
264000004501 20.640663
264100008781 20.651812
264200024408 21.180269
264300003555 20.628028
264400007620 20.313811
264500004066 21.996947
264600019759 21.194038
264700003509 21.074084
264800004096 20.895617
264900005087 20.808517
265000005309 18.279764
265100005235 19.493837
265200003847 19.391823
265300010044 19.620084
265400003641 19.340384
265500004414 21.845193
265600016999 22.869493
265700004063 23.521429
265800005485 21.602294
265900019729 20.545097
266000003845 18.663454
266100003700 16.291294
266200005117 16.853395
266300005170 18.191359
266400002153 18.906363
266500003734 20.363385
266600011454 19.654323
266700005765 21.099470
266800005078 21.121634
266900005384 20.942965
267000017854 20.686672
267100003897 21.181802
267200009460 20.103054
267300004957 21.190017
267400006512 21.010440
267500005910 18.817842
267600005461 18.750562
267700004352 19.078412
267800006244 18.001968
267900019407 18.538192
268000011149 22.060745
268100015451 21.701581
268200008308 21.910221
268300003702 22.020393
268400022489 22.041623
268500010067 19.739095
268600007385 20.829392
268700005733 19.030997
268800009344 19.892465
268900009333 20.106373
269000007001 18.345596
269100004177 18.452470
269200004346 19.690004
269300005378 19.312934
269400005041 19.330278
269500021513 19.327791
269600003260 19.446617
269700003518 19.658313
269800003799 19.055462
269900004623 19.201850
270000020982 19.551624
270100005045 17.181616
270200004428 19.171784
270300009436 19.502249
270400003920 18.869997
270500024996 18.680424
270600004079 29.015248
270700004179 18.220551
270800004150 19.210945
270900023360 19.576197
271000005150 17.852079
271100004019 16.154564
271200004137 20.378620
271300003478 18.843405
271400003451 19.966482
271500008910 20.373998
271600004585 20.712508
271700004711 22.079608
271800008067 24.830365
271900021840 19.527152
272000008075 19.222775
272100005219 19.226935
272200004326 19.194497
272300003401 18.927737
272400023467 19.528810
272500019873 20.004697
272600004764 21.220520
272700003790 18.671810
272800003850 19.036893
272900004834 18.739734
273000002854 18.873852
273100003867 17.722878
273200020091 20.021607
273300001357 22.351442
273400003817 22.156106
273500006945 21.006392
273600020732 20.351506
273700004004 19.133268
273800005062 17.867883
273900002962 18.568472
274000021470 21.319508
274100020333 21.072099
274200018850 21.035812
274300006674 21.040924
274400004326 19.871698
274500012051 19.159793
274600018791 18.324042
274700003732 19.340444
274800004816 19.275811
274900004750 19.113849
275000004037 21.610625
275100009772 22.289875
275200019713 22.440637
275300003976 22.125203
275400004995 21.378459
275500021016 20.591225
275600005954 21.954744
275700005519 22.098086
275800008486 21.111145
275900003438 18.484968
276000004690 16.921148
276100005236 15.897179
276200020074 15.716795
276300004918 19.147348
276400010222 20.861110
276500005914 20.524048
276600003500 20.546224
276700004247 19.875456
276800004064 19.673939
276900004861 21.499247
277000003770 21.095640
277100011004 21.049133
277200004539 19.678713
277300019246 19.439396
277400019358 19.438984
277500003941 19.637919
277600005470 19.225408
277700005098 21.033613
277800004928 21.416862
277900003364 20.483644
278000026836 23.580673
278100005310 23.518843
278200003894 19.418881
278300004708 19.860759
278400005247 19.442135
278500007485 15.739312
278600004166 18.581572
278700019174 19.420586
278800019908 20.486091
278900024703 21.497031
279000004417 22.989951
279100004048 21.469560
279200002813 20.319871
279300006233 21.868129
279400003506 19.871929
279500004024 19.979342
279600007454 20.006050
279700019840 19.422559
279800008264 17.580024
279900004224 18.764554
280000018470 18.657658
280100005571 20.772396
280200022277 19.190801
280300005196 22.377967
280400019685 20.294226
280500020997 20.063555
280600004203 21.141224
280700004817 19.289380
280800020705 17.515317
280900005810 23.543672
281000005062 19.657905
281100014244 20.255022
281200003713 17.792650
281300007105 17.891427
281400007870 18.560789
281500009212 20.123189
281600003273 22.150019
281700018528 23.238821
281800007512 22.375260
281900003845 18.053379
282000004406 18.760386
282100004239 18.837505
282200005085 20.155874
282300005588 19.330307
282400020237 20.017640
282500003610 18.002975
282600003881 17.789213
282700006024 18.268583
282800018869 18.602417
282900024159 19.282633
283000005631 18.778560
283100004291 20.113958
283200005069 20.551351
283300003810 20.560570
283400019078 20.523552
283500004028 20.588924
283600007005 21.527976
283700009071 20.147630
283800018670 20.294526
283900017750 20.290884
284000004940 18.384217
284100021004 14.851089
284200005483 18.321029
284300013710 18.040169
284400004841 18.433688
284500004294 20.792986
284600004948 21.375366
284700019724 21.028982
284800004032 21.003444
284900003346 21.618985
285000007032 20.905216
285100004309 21.626771
285200004894 21.018225
285300006438 19.570540
285400005464 20.547744
285500018870 19.810084
285600003037 19.951442
285700004141 19.154067
285800020151 20.610055
285900003913 17.456586
286000004458 17.031639
286100022813 17.777211
286200005295 21.795541
286300006775 20.965207
286400003920 21.968495
286500004167 20.825621
286600005279 20.113470
286700018022 18.045895
286800004102 20.268838
286900019639 21.124635
287000004292 22.323495
287100004090 21.282489
287200003782 21.430181
287300005862 21.467756
287400004870 19.220921
287500004126 20.554590
287600004674 21.623213
287700023007 21.405563
287800007137 22.248599
287900004493 20.227069
288000005127 19.431210
288100021991 19.102376
288200008458 18.499017
288300004927 18.570568
288400004121 23.711998
288500005857 21.981024
288600006820 22.967209
288700020184 23.003958
288800006882 19.992080
288900004822 18.417709
289000004785 19.936684
289100005817 19.138080
289200006181 19.348652
289300022002 19.496188
289400023178 19.530507
289500018875 18.840558
289600019746 20.586582
289700005501 16.763134
289800004333 17.343966
289900019860 16.123614
290000005582 15.329037
290100003858 13.769468
290200015684 20.031750
290300004669 16.596482
290400026067 19.623362
290500005110 23.823718
290600005209 23.338662
290700004009 21.267800
290800019607 21.718141
290900005366 20.975670
291000004046 20.984263
291100005148 21.253082
291200018455 20.247179
291300004239 20.910491
291400026112 19.892188
291500004184 17.859322
291600004056 17.423068
291700006174 20.874707
291800019116 19.327865
291900009706 20.422053
292000003871 20.555231
292100004837 20.294761
292200013366 19.822685
292300004735 20.210810
292400005836 20.246337
292500004949 20.300596
292600002767 21.090027
292700004187 21.120451
292800004304 20.531160
292900004593 20.550299
293000017944 19.846439
293100017319 19.960125
293200004800 20.794668
293300006128 19.806624
293400018731 20.155760
293500003414 20.795295
293600003630 21.672691
293700005840 21.018119
293800015451 22.044041
293900019779 20.990104
294000005223 19.600868
294100009438 19.114061
294200005681 18.375145
294300004026 18.254625
294400004562 19.769539
294500004968 19.214551
294600004768 20.135526
294700009949 20.427225
294800019181 19.748620
294900023058 23.363129
295000006014 19.434628
295100022128 18.738427
295200010124 21.091840
295300006133 20.905506
295400005796 18.019767
295500003377 21.267176
295600005157 24.400495
295700017543 25.439322
295800021605 25.236509
295900015074 24.580384
296000007019 20.737019
296100004646 16.566141
296200004187 14.561481
296300010718 15.256890
296400012699 14.674671
296500004326 19.002868
296600011376 20.237389
296700002919 20.811484
296800003629 19.573330
296900006807 21.055810
297000005570 24.595194
297100017677 25.984734
297200004687 24.091665
297300006943 24.210182
297400007674 23.621177
297500006398 19.562990
297600004090 18.006015
297700004379 15.712937
297800018889 16.420257
297900010593 15.741746
298000004100 16.657563
298100004339 15.671608
298200005800 20.900906
298300004353 21.347175
298400004927 21.435547
298500017429 20.124242
298600004866 22.571591
298700021927 23.822110
298800005204 24.241167
298900006156 24.475920
299000005189 24.618793
299100011977 22.608915
299200006328 23.182956
299300004075 18.958166
299400018457 18.528510
299500018267 18.741777
299600004644 18.800294
299700004394 18.873456
299800020581 19.120155
299900005285 19.307931
300000008876 18.868518
300100004007 18.763227
300200018084 18.470202
300300019981 18.585641
300400018322 18.596220
300500017468 18.584391
300600018412 17.155911
300700005001 16.004563
300800013846 15.913023
300900005380 16.200623
301000024683 15.809390
301100019248 18.547256
301200005831 21.031008
301300006567 21.914487
301400004847 19.857964
301500004841 20.458629
301600005403 19.512054
301700003978 19.494576
301800017062 20.884042
301900004752 22.589490
302000006806 23.408545
302100003836 24.472175
302200004001 24.189412
302300004245 20.706888
302400004328 20.399891
302500008032 20.055045
302600003763 19.019749
302700025131 19.207318
302800018919 15.947929
302900004181 15.807243
303000019059 16.663509
303100004270 18.577780
303200004136 18.321913
303300004120 25.105949
303400007681 22.010005
303500004042 19.693325
303600005231 20.161840
303700005518 18.735180
303800003390 15.711111
303900004814 18.664810
304000020240 22.586789
304100003772 20.952543
304200018811 18.896141
304300004004 23.407283
304400017952 24.449185
304500005146 20.806633
304600019627 15.647771
304700009617 20.189650
304800003970 16.877502
304900011230 16.543263
305000011631 16.858674
305100003923 20.910567
305200018938 23.345603
305300019095 23.603476
305400020540 23.922157
305500004985 22.171695
305600004068 20.428434
305700005039 18.157437
305800004233 17.117861
305900004959 16.585688
306000004647 17.424206
306100011801 20.589506
306200004464 19.962394
306300006311 20.461533
306400004959 22.219010
306500004124 22.667118
306600007098 24.730046
306700005044 24.608852
306800003878 25.231528
306900003400 19.750335
307000003432 17.420556
307100005636 20.332151
307200004586 17.916420
307300004160 15.244970
307400006507 19.256611
307500005708 21.682111
307600004286 18.675818
307700009726 19.745994
307800005105 23.561039
307900013486 23.853773
308000008027 23.649410
308100018886 19.936434
308200005129 19.883745
308300004203 20.896830
308400013430 20.434971
308500004477 21.133791
308600020820 21.291189
308700017823 19.498652
308800020128 19.289047
308900023050 16.397495
309000004974 16.787746
309100006433 16.980651
309200003831 18.840046
309300004043 20.463349
309400004913 20.113590
309500005281 19.471943
309600017758 17.515020
309700004286 17.611692
309800004471 18.009608
309900004428 20.829601
310000010658 18.783415
310100004494 20.232657
310200003035 20.886980
310300004231 21.074011
310400009235 16.364267
310500007616 18.955991
310600007969 19.891866
310700019040 21.609977
310800004050 18.606160
310900007551 18.920040
311000007287 18.242272
311100013317 17.830776
311200004404 15.157877
311300017805 20.286874
311400003865 18.509339
311500003005 20.160872
311600021675 20.399855
311700016273 20.528891
311800009576 20.322706
311900004260 20.685526
312000004264 19.038476
312100004522 17.981147
312200003675 17.817236
312300022860 18.162914
312400018604 18.430010
312500005126 20.107502
312600003368 19.861226
312700017838 20.297637
312800005852 20.402727
312900005269 20.698055
313000004853 19.887158
313100005642 20.797635
313200004584 19.838463
313300110533 20.499768
313400003909 19.639801
313500009814 20.635081
313600005179 18.972058
313700010662 19.916401
313800014940 19.197833
313900004216 19.535999
314000003182 19.564807
314100013410 19.768576
314200021973 20.501217
314300004825 19.861025
314400011534 20.672418
314500007078 19.423198
314600018507 20.146826
314700004997 19.248349
314800005173 20.725096
314900004909 20.873200
315000016815 21.785065
315100007590 22.452704
315200005420 22.956185
315300018555 19.721366
315400003624 18.274562
315500006223 17.575124
315600004321 17.773832
315700014863 17.131964
315800004845 18.406146
315900004073 20.536322
316000004235 20.312598
316100004143 20.032783
316200004392 19.984545
316300090986 20.498289
316400003639 19.922270
316500004804 19.958216
316600005117 19.923570
316700003951 19.858989
316800010880 19.856672
316900005590 19.855164
317000004151 19.879723
317100009736 19.227097
317200004839 19.646698
317300004801 19.882866
317400017964 20.225400
317500004344 19.776672
317600004357 19.757446
317700002267 20.517464
317800004927 19.653258
317900004548 19.876910
318000004072 20.449087
318100009281 22.647120
318200004945 19.595170
318300008178 19.491699
318400019669 19.631999
318500004935 19.382014
318600014114 20.231745
318700005027 19.797529
318800017878 19.814831
318900013074 19.932726
319000005144 19.662975
319100006159 19.208694
319200007426 19.896786
319300003466 19.570246
319400008272 19.658853
319500004221 19.977144
319600003982 19.741779
319700005150 20.330431
319800004516 19.971719
319900014569 19.889565
320000005452 20.124727
320100009618 19.565414
320200004874 19.616943
320300005842 20.520865
320400004157 20.068533
320500004083 20.423278
320600004784 20.152124
320700003128 19.975167
320800005639 18.834637
320900003719 18.993544
321000006540 19.775296
321100004251 19.656104
321200002848 20.033027
321300004219 20.810634
321400017734 20.268449
321500020110 19.639226
321600003624 20.069111
321700010433 20.273333
321800006941 18.923280
321900004953 19.187379
322000003066 19.816880
322100005121 20.358695
322200003800 20.321151
322300004960 20.033384
322400006411 19.986620
322500004688 21.451665
322600003145 20.103026
322700016721 20.039123
322800004746 19.846367
322900008195 20.378403
323000022177 20.596689
323100004596 18.169171
323200023446 19.853757
323300015373 20.395009
323400014756 20.328582
323500009725 18.772627
323600018114 18.698140
323700004787 20.106065
323800005389 20.009912
323900017488 19.581887
324000004365 19.653262
324100004409 19.544138
324200004324 19.673405
324300013890 19.916741
324400007137 19.716822
324500008944 19.642224
324600006621 19.745416
324700003914 20.500370
324800026254 20.393083
324900005440 19.628480
325000003130 20.583919
325100021465 19.831186
325200004727 19.602076
325300004018 19.392978
325400009318 20.246629
325500019834 19.997073
325600004514 20.436611
325700005396 21.164521
325800017119 20.165220
325900016640 19.985004
326000004210 19.881346
326100003897 19.562624
326200020643 18.692245
326300005017 19.174255
326400011939 19.633885
326500007220 20.367830
326600004963 19.747926
326700004342 19.493104
326800004274 20.246533
326900004880 20.271478
327000003794 20.001963
327100005500 20.241357
327200007002 20.388638
327300019332 19.892722
327400006007 23.181033
327500004062 19.667005
327600004952 19.972935
327700004398 19.652835
327800003810 20.410389
327900026647 22.334245
328000004841 21.220088
328100004118 19.924246
328200004136 20.838270
328300003889 19.590443
328400004948 18.709467
328500004906 17.011281
328600004747 20.297195
328700013053 19.773889
328800012047 19.590304
328900005980 20.458231
329000005275 20.332043
329100003220 19.096586
329200004831 19.970309
329300016182 20.290376
329400010003 19.680735
329500003352 19.444543
329600003704 19.897463
329700004710 20.439225
329800003381 20.446661
329900006552 20.490035
330000014434 19.952183
330100003991 20.062528
330200005220 19.774509
330300003015 20.127060
330400010323 19.699860
330500008786 19.727229
330600006427 20.363741
330700004244 20.115089
330800004053 19.712171
330900017120 19.980976
331000007152 20.741603
331100019425 19.594861
331200002672 20.378274
331300004863 19.956124
331400005224 20.227524
331500013641 20.110859
331600005795 19.843556
331700005386 20.192613
331800004247 20.072206
331900005030 20.321793
332000005181 20.046392
332100015904 20.289138
332200005563 19.641806
332300003136 20.165063
332400005517 20.018262
332500004060 19.683478
332600004928 20.377349
332700004802 20.438400
332800005015 19.973214
332900003966 20.165962
333000004816 19.966310
333100019765 20.349063
333200004867 20.196588
333300004928 19.620061
333400020369 20.356715
333500013472 19.521540
333600016961 20.086180
333700020735 19.509585
333800004497 19.823679
333900018529 19.891986
334000004769 19.651986
334100004825 20.416102
334200004932 20.162150
334300006431 20.187510
334400004830 19.931468
334500018813 19.941684
334600005309 19.814001
334700005912 20.052414
334800005462 19.807198
334900004939 19.970065
335000015582 20.820495
335100004225 20.032048
335200004969 19.875382
335300004196 20.426103
335400043080 20.138379
335500018114 20.182227
335600004639 19.210131
335700006069 19.785372
335800005600 20.110144
335900004013 20.011629
336000018076 19.566977
336100004568 20.229110
336200006783 19.838608
336300005038 20.251981
336400004363 20.534968
336500013638 20.368512
336600005494 23.042418
336700017820 20.009592
336800018272 19.872468
336900005315 19.111431
337000004577 19.508837
337100009910 19.713112
337200005889 19.967083
337300003989 20.433592
337400003857 19.842978
337500007149 20.388912
337600003527 20.016660
337700004424 20.779555
337800019165 19.747060
337900004191 19.750203
338000004275 20.201629
338100005251 19.873181
338200004514 19.371150
338300014957 20.382138
338400003519 19.773558
338500005281 19.881609
338600008828 20.233729
338700010021 21.062931
338800004004 20.180294
338900004137 20.715959
339000012648 20.570778
339100003130 20.564774
339200017478 18.956533
339300006957 19.231466
339400016708 19.683357
339500006291 19.464908
339600003037 19.544548
339700007618 19.915748
339800003855 19.164759
339900004491 19.340865
340000005018 19.113949
340100005730 19.343614
340200015450 19.129302
340300007949 19.884124
340400003644 20.922920
340500008680 20.707876
340600004906 20.290675
340700006876 20.775506
340800005117 20.160862
340900003887 19.512039
341000021001 19.033747
341100004476 18.691018
341200005373 18.972382
341300019035 19.664612
341400004392 20.184508
341500019970 20.353837
341600004202 20.120627
341700004955 20.396931
341800004977 20.474825
341900004248 19.777713
342000004312 20.272203
342100003840 21.623305
342200017810 20.762106
342300006265 20.111441
342400018808 20.945312
342500004651 21.366223
342600005206 19.601344
342700005769 20.493791
342800004588 21.002095
342900003906 20.919945
343000018197 18.765326
343100004210 19.605080
343200003979 19.308282
343300019295 19.664170
343400004243 19.155547
343500019933 19.263991
343600004304 20.139540
343700015776 19.350561
343800017799 20.077543
343900019183 20.041107
344000008022 20.172465
344100003459 19.038297
344200008486 18.936588
344300003311 20.044645
344400004033 19.425888
344500005512 18.993890
344600005898 19.445933
344700003802 20.532115
344800004352 19.309979
344900004881 18.941919
345000006536 19.555562
345100006452 20.134373
345200005083 19.619661
345300004766 19.519819
345400005163 19.228322
345500004700 19.542114
345600001733 18.958665
345700003827 18.149836
345800003837 19.468082
345900007871 18.717995
346000005123 22.452322
346100007305 20.611742
346200004237 21.443242
346300021063 21.471954
346400004974 21.628996
346500017628 21.465002
346600006903 21.090697
346700009606 20.530983
346800004450 18.933585
346900003949 19.161504
347000004076 19.287676
347100004008 19.262261
347200014182 19.245838
347300005101 19.139827
347400014098 19.588565
347500015033 19.969741
347600018778 19.081916
347700004350 20.307633
347800017765 19.635712
347900004676 20.202914
348000004264 19.527613
348100004904 20.037798
348200022752 20.480658
348300005014 20.967971
348400017397 20.175831
348500008066 20.795883
348600018483 20.439188
348700004007 20.286354
348800006378 19.377073
348900004825 20.813516
349000014993 21.139455
349100003628 21.097460
349200004449 20.753525
349300017971 21.415514
349400018909 20.913683
349500004531 19.401188
349600018860 20.237994
349700010845 19.553924
349800004471 19.329204
349900004929 19.411920
350000021952 19.799265
350100005719 19.975185
350200019134 18.697976
350300004078 19.268498
350400004843 19.647790
350500006825 19.713528
350600018320 18.725764
350700004179 19.456543
350800005100 19.323832
350900008171 19.639306
351000007060 19.461713
351100004978 20.356739
351200004817 19.919756
351300003955 19.255363
351400004849 19.399172
351500017994 20.038466
351600004770 19.685507
351700019344 19.808184
351800004265 19.495139
351900004077 19.353530
352000018904 19.222966
352100006252 19.799695
352200018040 19.072861
352300004607 19.193914
352400004687 19.057834
352500004082 19.455958
352600020212 18.962770
352700004834 18.414069
352800014475 19.664328
352900005862 20.456450
353000006311 20.440533
353100004568 21.066997
353200004945 19.695733
353300005614 19.892162
353400004005 20.133294
353500012177 18.684886
353600003171 19.420643
353700014454 20.181340
353800005030 20.228803
353900023933 20.135211
354000007200 19.826149
354100005022 19.968217
354200003337 20.426725
354300004156 20.360133
354400003211 20.477698
354500003887 20.767569
354600004860 20.581606
354700017927 20.287136
354800004825 20.003865
354900023881 19.799388
355000005009 20.618859
355100012381 20.438938
355200008807 20.514638
355300012223 20.599490
355400021561 23.242513
355500010869 19.595711
355600004498 19.997546
355700003626 20.027374
355800005418 20.268647
355900006380 20.290446
356000018199 20.827617
356100003978 21.281557
356200006536 20.206306
356300003176 20.483963
356400003171 19.717036
356500003853 19.436107
356600005022 18.679171
356700003417 19.047457
356800005881 20.425696
356900001144 20.070748
357000004386 20.337353
357100005302 20.781544
357200004711 19.553464
357300006455 20.959420
357400004990 20.191061
357500004862 20.658793
357600004875 21.256971
357700003396 19.938850
357800003590 19.815569
357900019216 19.918076
358000006743 20.072411
358100015189 19.801500
358200017001 19.322290
358300018258 20.383546
358400010324 20.526508
358500003957 20.127411
358600012649 20.315624
358700005272 19.520258
358800020400 19.901598
358900004191 19.979540
359000004081 19.360690
359100021468 19.305860
359200004458 19.710735
359300004504 18.979094
359400004095 19.113227
359500004851 19.177795
359600004677 20.403175
359700005243 20.613206
359800016424 19.861053
359900065028 21.298878
360000004107 21.239088
360100013104 21.095872
360200003811 20.895854
360300004032 20.510609
360400005561 21.059626
360500004104 20.173391
360600004954 19.999846
360700019160 20.653439
360800015994 19.787579
360900011065 19.362877
361000003953 18.686694
361100004186 19.624711
361200018538 19.408656
361300017404 18.950694
361400004677 20.100114
361500017537 20.156059
361600005120 19.517907
361700004030 19.569224
361800004009 19.163736
361900010815 19.546464
362000019331 19.931569
362100015497 19.208656
362200004121 20.207346
362300015207 19.889337
362400004034 19.930623
362500004861 19.959169
362600005747 19.105165
362700004215 20.058632
362800004239 19.906384
362900010927 20.848753
363000017765 20.957417
363100017113 22.889119
363200006143 20.099890
363300012636 19.939427
363400004059 20.063759
363500004077 18.530493
363600026464 18.791030
363700004128 16.683753
363800005086 19.701102
363900004333 19.700731
364000004570 19.753150
364100005812 20.369677
364200004881 18.564514
364300011782 20.340132
364400016476 20.814849
364500006566 20.462175
364600005331 20.462275
364700007982 19.961492
364800003558 23.047213
364900014553 19.721164
365000020117 20.124604
365100004529 20.741852
365200019032 21.197534
365300017875 22.521097
365400004846 20.498695
365500004138 20.822867
365600018201 20.054042
365700004235 19.674192
365800004216 17.947405
365900005211 18.516430
366000004595 19.250329
366100003255 19.254015
366200006452 19.662504
366300016505 20.446609
366400014090 20.079822
366500004977 19.282777
366600003294 20.564668
366700018314 20.458919
366800022092 21.791902
366900004175 19.577446
367000004173 19.960264
367100005759 20.216416
367200010159 19.899634
367300022718 19.923839
367400008393 17.796732
367500003460 19.405997
367600005152 19.414892
367700017205 20.045640
367800004447 20.584678
367900005265 19.249326
368000012238 19.541486
368100021673 20.482116
368200015639 20.624549
368300003986 19.738557
368400004887 20.005045
368500019257 19.932770
368600012667 20.412919
368700004230 21.495462
368800005151 20.125391
368900014635 20.730866
369000021963 20.211675
369100004115 19.864071
369200015464 20.042881
369300011350 18.442670
369400004796 21.316039
369500004426 20.079205
369600003654 19.808841
369700004083 21.713141
369800004953 20.549505
369900019852 20.356120
370000018599 17.839772
370100016779 19.566438
370200022000 20.802874
370300004183 19.181148
370400004409 19.613707
370500007619 19.499728
370600003870 20.392088
370700005039 20.381468
370800017944 21.512668
370900023784 22.692342
371000003651 23.689133
371100009709 19.870866
371200015686 47.831060
371300015546 46.377632
371400015553 39.225088
371500014310 38.566091
371600016752 38.017625
371700015931 161.230230
371800016154 1.427793
371900015464 1.611467
372000015362 1.709634
372100006547 1.820030
372200015800 1.868605
372300015759 1.947042
372400014864 1.915242
372500015666 1.958952
372600015263 2.038659
372700015597 2.029500
372800015946 1.989785
372900015203 2.124564
373000014656 2.227078
373100016725 2.128730
373200015608 2.138629
373300014117 2.126291
373400015195 2.168094
373500015268 2.137789
373600015143 2.167018
373700016347 2.135499
373800016248 2.114438
373900015537 2.130095
374000016173 2.108100
374100015341 2.142357
374200016593 2.141227
374300015684 2.140194
374400015618 2.135701
374500016646 2.159410
374600013870 2.128698
374700011655 2.146484
374800016162 2.137904
374900015922 2.138365
375000106966 2.124770
375100015424 2.159232
375200016277 2.136299
375300015554 2.121551
375400016198 2.134020
375500014986 2.165842
375600016335 2.154186
375700015456 2.161231
375800083423 2.145225
375900015825 2.105987
376000015797 2.142134
376100014625 2.118229
376200016778 2.168051
376300016887 2.168446
376400016839 2.095737
376500014137 2.142414
376600016083 2.128342
376700016362 2.135095
376800012963 2.197719
376900014656 2.139920
377000015397 2.157750
377100015662 2.169579
377200015446 2.163379
377300015572 2.151821
377400015458 2.170703
377500015769 2.179166
377600015911 2.101700
377700014831 2.180697
377800016006 2.147349
377900016276 2.143160
378000125179 2.157458
378100015826 2.283417
378200016733 2.248511
378300015501 2.205828
378400014762 2.263370
378500015591 2.261994
378600015321 2.190471
378700016296 2.226044
378800014895 2.158170
378900015463 2.159061
379000016697 2.148947
379100015830 2.253981
379200014537 2.135830
379300015007 2.174035
379400015597 2.125359
379500015614 2.133707
379600015288 2.166139
379700014715 2.155430
379800013680 1.814187
379900016152 1.800760
380000013588 1.850429
380100013083 2.038755
380200018068 1.944851
380300015289 2.063663
380400016410 3.260407
380500015509 2.667385
380600015129 3.442070
380700017594 2.446921
380800016319 3.101119
380900013593 2.773010
381000015889 1.688810
381100015719 1.688259
381200017005 1.691490
381300014965 1.724290
381400016441 1.727113
381500015823 1.776647
381600015648 1.814595
381700016186 1.829875
381800016623 1.836346
381900016874 1.864085
382000015648 1.900263
382100015400 1.910700
382200014345 1.913090
382300015468 1.948009
382400015894 1.912202
382500015634 1.898957
382600015190 1.908575
382700016540 1.888458
382800016677 1.907855
382900014653 1.929088
383000015414 1.967128
383100015808 1.870155
383200015770 1.935136
383300015296 1.913939
383400016532 1.924192
383500015415 1.900427
383600016562 1.946209
383700016978 1.926527
383800015910 1.990561
383900014860 1.960429
384000015033 2.040999
384100016437 1.910775
384200014536 1.959264
384300014867 1.964679
384400010682 1.977605
384500016423 1.926481
384600015740 1.894237
384700014571 1.859163
384800015257 1.808659
384900014530 1.859770
385000016141 1.934849
385100016683 1.727274
385200016160 1.753435
385300015544 1.849522
385400015305 1.837294
385500015374 1.871069
385600016432 1.911581
385700017163 1.875794
385800007391 2.066233
385900014841 1.986496
386000015670 1.910293
386100016504 1.945144
386200016813 1.966340
386300015985 1.784709
386400015077 1.664322
386500017126 1.518094
386600016387 1.809815
386700016629 1.775992
386800015650 1.895803
386900015804 1.905790
387000017175 1.887888
387100016257 1.881473
387200016504 1.943352
387300017047 1.806855
387400016464 1.793689
387500017493 1.743810
387600007851 1.781781
387700016874 1.820541
387800016656 1.718665
387900015050 1.830827
388000012533 1.769169
388100017514 1.826059
388200015335 1.866630
388300017739 1.815370
388400015688 1.794943
388500016151 1.764556
388600015603 1.969352
388700014790 1.767901
388800016566 1.757305
388900015989 1.668762
389000014997 1.782071
389100015672 1.746160
389200016389 1.845067
389300015778 1.844085
389400016109 1.834419
389500015357 1.749466
389600014993 1.771678
389700016338 1.847912
389800016167 1.819755
389900015256 1.890120
390000016132 1.844211
390100016192 1.913440
390200015238 1.969868
390300015993 1.879744
390400016649 2.022354
390500014869 1.933835
390600015618 1.859382
390700016253 1.909866
390800015140 1.842549
390900015622 1.781344
391000015355 1.845114
391100015232 1.934921
391200016795 1.989491
391300015041 1.998316
391400014741 1.985375
391500014878 2.071650
391600014650 2.082227
391700014200 2.097412
391800015069 2.136961
391900016533 2.105576
392000015800 2.101096
392100015664 2.128642
392200015831 2.116136
392300015414 2.148499
392400016069 2.093653
392500015125 2.139491
392600014461 2.133516
392700016167 2.141225
392800015076 2.154065
392900015223 2.168298
393000016031 2.138787
393100016477 2.159813
393200015433 2.107555
393300016405 2.148181
393400015217 2.154367
393500015636 2.125734
393600016348 2.114406
393700014636 2.149975
393800013787 2.140319
393900016637 2.116098
394000014825 2.117414
394100015602 2.096976
394200015710 2.091885
394300015133 2.107862
394400016008 2.109390
394500016442 2.155252
394600015517 2.129529
394700015803 2.140650
394800037657 0.725855
394900038467 4.988776
395000038578 5.183091
395100038030 5.113951
395200039067 5.170858
395300034679 5.239147
395400040080 40.605858
395500040131 322.064185
395600039839 6.530035
395700039175 6.550999
395800038984 6.538775
395900038293 6.541945
396000038978 6.537980
396100040166 6.554791
396200038616 6.553009
396300039104 6.534189
396400038912 6.543873
396500038336 6.536127
396600038980 6.539070
396700038642 6.541145
396800038733 6.547307
396900038683 6.543453
397000038576 6.543566
397100037897 6.549970
397200038764 6.537648
397300038124 6.544609
397400039532 6.535809
397500039777 6.554161
397600038248 6.533259
397700038407 6.553883
397800039335 6.544966
397900035254 6.548592
398000040100 6.545871
398100038733 6.535191
398200039519 6.554852
398300040012 6.547095
398400040049 6.546965
398500035675 6.531824
398600035523 6.543998
398700039284 6.545831
398800038939 6.547029
398900039967 6.552016
399000038049 6.567675
399100039556 6.522475
399200039720 6.537103
399300039610 6.551302
399400038191 6.548550
399500039571 6.545910
399600037624 6.550975
399700039192 6.543320
399800036419 6.549996
399900034002 6.543195
400000036626 6.545213
400100039165 6.550201
400172979188 4.922424
