100335653 60455.000000
200320462 28668
300334290 32335
400317086 33638
500332345 35487
600328371 35786
700324615 36817
800331948 36702
900318536 37093
1000324445 38787
1100329364 38062
1200324224 38386
1300322047 39098
1400319237 40519
1500333482 38740
1600343648 39136
1700335968 39867
1800333749 40609
1900346971 40414
2000344450 41315
2100501993 40408
2200352607 40315
2300338852 40998
2400332063 41716
2500352419 42503
2600349928 41955
2700346874 41901
2800344387 42640
2900338193 42368
3000358785 42216
3100354173 43317
3200368686 42428
3300364350 43570
3400353525 42639
3500372613 44709
3600349435 43593
3700374512 44109
3800361802 43511
3900359070 44546
4000370868 44275
4100373719 45226
4200370727 43004
4300369100 44171
4400388906 43407
4500372666 44087
4600382012 45183
4700373881 44199
4800379078 44657
4900386778 45309
5000380175 45748
5100383212 45627
5200390423 45472
5300376119 45403
5400396755 45480
5500380952 45445
5600380162 44549
5700399051 45601
5800391505 45796
5900378466 44659
6000403260 45729
6100402775 45866
6200399991 45637
6300391440 45546
6400397942 48414
6500403168 48144
6600400915 46965
6700412769 48609
6800405350 48484
6900409093 47998
7000413499 48747
7100630805 46937
7200427732 45975
7300406953 47607
7400423551 48254
7500418044 46905
7600415611 47110
7700401853 47218
7800430084 46101
7900427773 47522
8000422212 47296
8100429851 47314
8200431749 47496
8300435996 47180
8400418031 46172
8500381246 50337
8600520099 47786
8700385902 61046
8800390826 54385
8900429554 57835
9000389817 44788
9100412186 51347
9200439219 51655
9300444387 41699
9400453855 41122
9500438052 40937
9600454458 38316
9700453601 39732
9800441106 40397
9900451631 41113
10000464443 40787
10100457185 43283
10200445002 41396
10300457448 42194
10400471127 40931
10500460257 42275
10600476993 41173
10700453191 42270
10800456050 39400
10900480354 39682
11000480466 39400
11100464874 40440
11200467615 40028
11300487641 39838
11400476918 40411
11500489761 41356
11600467117 42458
11700472051 42607
11800471968 42346
11900487730 41643
12000488411 44199
12100463577 43999
12200482653 44293
12300496731 42843
12400310657 42800
12500497667 40199
12600501081 44078
12700503884 38298
12800508999 37334
12900503559 36213
13000519575 37915
13100513559 37238
13200506068 38434
13300513691 36934
13400507723 35980
13500506800 40169
13600501931 39142
13700512870 42937
13800496678 43243
13900512125 40681
14000515959 44567
14100518571 41042
14200525970 40934
14300527474 43318
14400508738 43774
14500512310 35999
14600461528 33348
14700530890 30279
14800507959 35687
14900436352 38726
15000509196 38308
15100518405 40838
15200526964 40028
15300476122 41592
15400561129 39497
15500538008 40369
15600552305 34774
15700548953 32938
15800536762 37576
15900551212 38676
16000577096 36897
16100565537 39246
16200576561 36460
16300572137 39215
16400565357 36025
16500540968 34970
16600722863 37061
16700554590 40626
16800554866 42118
16900578261 34212
17000568234 33458
17100722831 34039
17200384840 36596
17300708102 35456
17400572999 42391
17500727988 41901
17600580295 35439
17700586247 32075
17800560307 41043
17900546057 42042
18000703752 39442
18100582933 41852
18200584025 39684
18300580213 41301
18400590221 39422
18500713668 41321
18600586594 43690
18700602043 42783
18800591892 42827
18900589751 42972
19000711804 41180
19100571930 37283
19200604628 41783
19300593358 45602
19400566831 45934
19500606811 46821
19600583322 47324
19700580542 47102
19800600226 47843
19900597350 48346
20000606352 47586
20100605011 47072
20200608127 48101
20300599750 47679
20400596467 49582
20500605084 46746
20600608024 47952
20700622285 47864
20800621743 48169
20900604015 48252
21000621343 48169
21100616264 47782
21200615495 48446
21300620531 47311
21400624585 47344
21500629080 47839
21600624916 47912
21700795552 47800
21800629858 48066
21900623465 48600
22000614798 47495
22100760940 47084
22200629275 46741
22300621361 47886
22400632536 46924
22500631341 47214
22600633308 48014
22700641504 47719
22800627686 47500
22900631745 47035
23000647794 46807
23100634000 46898
23200652286 46617
23300649365 48024
23400653449 47267
23500642438 47739
23600640824 47751
23700641050 47130
23800661692 48413
23900655511 48015
24000650975 47671
24100661069 47555
24200665295 47425
24300660297 48245
24400651666 46857
24500655143 48530
24600672718 46685
24700657032 48263
24800663180 47449
24900677980 47438
25000630173 51040
25100793175 47732
25200691993 46819
25300674505 47216
25400661167 46619
25500647244 47428
25600656866 47733
25700671736 47920
25800693511 48432
25900671783 47290
26000686431 46789
26100691139 46483
26200680619 47045
26300686206 46932
26400699038 47458
26500699682 47797
26600705516 46748
26700698476 48196
26800712389 48138
26900699758 47858
27000705885 47013
27100702725 48394
27200700030 48404
27300711935 47075
27400700703 48170
27500709482 47414
27600719372 47819
27700875342 48485
27800705623 48875
27900719987 48609
28000716735 48325
28100723550 48550
28200722624 47643
28300721972 47456
28400732117 48208
28500721130 48110
28600725177 48064
28700715426 47947
28800750151 28326
28900750998 24999
29000743066 24816
29100764817 24141
29200740053 29176
29300710282 31645
29400763724 34832
29500756277 33957
29600695263 144884
29700680074 131446
29800679712 135146
29900703529 133641
30000688174 138981
30100687450 133139
30200685520 150548
30300686028 151442
30400698550 147251
30500699950 125745
30600696243 145660
30700695500 149985
30800671585 135361
30900689990 119217
31000464459 1328764
31101206025 2366876
31201186392 48819
31301193997 48766
31401191305 48811
31501185460 48791
31601187410 48794
31701200534 48779
31801197412 48777
31901195755 48774
32001203452 48792
32101192779 48806
32201201210 48774
32301193762 48805
32401192450 48773
32501192489 48790
32601238026 48799
32701231091 48764
32801215312 48779
32901208274 48768
33001228726 48804
33101211780 48762
33201240536 48799
33301220344 48768
33401236249 48773
33501237934 48806
33601221350 48767
33701182907 48796
33801231073 48797
33901233377 48809
34001230348 48778
34101262435 48795
34201248015 48763
34301228223 48783
34401256211 48805
34501259940 48798
34600810818 48592
34701082689 48889
34801241631 48911
34901262636 48819
35001069472 48664
35101097950 48807
35201243012 48829
35301252401 48794
35401258047 48778
35501246259 48786
35601226018 48763
35701377331 48868
35801251254 48742
35901109781 48723
36001114948 48827
36101393073 48899
36201267711 48743
36301263661 48773
36401118483 48740
36501270944 48918
36601282624 48814
36701306789 48825
36801661954 48926
36901275223 48613
37001303240 48776
37101281814 48784
37201291744 48777
37301278684 48789
37401287219 48765
37501282389 48787
37601305303 48817
37701294859 48775
37801284162 48794
37901321184 48767
38001289983 48790
38101287330 48764
38201304700 48812
38301290959 48771
38401310412 2666051
38501302085 48736
38601338922 48782
38701282166 48763
38801306474 48791
38901302434 48739
39001338957 48798
39101308539 48775
39201310696 48801
39301308794 48754
39401346425 48802
39501318581 48780
39601402214 48797
39701316024 48754
39801322263 48759
39901346174 48792
40001757849 48991
40101313703 48525
40201322169 48796
40301333723 48763
40401344492 48801
40501328335 48760
40601332387 48791
40701339829 48760
40801340351 48776
40901364191 48893
41001333638 48755
41101342305 48792
41201351633 48778
41301691227 48956
41401370837 48642
41501357481 48807
41601342259 48780
41701280941 48737
41801357913 48793
41901348180 48765
42001381246 48833
42101358115 48754
42201356774 48805
42301367160 48795
42401362381 48793
42501356130 48766
42601364500 48766
42701359722 48791
42801357980 48760
42901377256 48812
43001754854 48959
43101366736 48621
43201366095 48772
43301371700 48787
43401410486 48760
43501374044 48744
43601371426 48789
43701381825 48758
43801403263 48795
43900984776 43564
44000932627 27704
44101120379 43338
44200958174 57321
44300964730 64516
44400992521 76496
44501070948 65117
44600993314 56908
44700990023 69288
44800958258 125260
44901027502 155194
45000917729 184359
45100888420 209489
45200915730 243309
45300903141 258281
45400879779 284881
45500869544 301867
45600877866 327204
45701051272 343489
45801069259 357221
45900850590 376416
46000841386 386061
46100873931 382657
46200863264 396352
46300908334 410659
46400860428 417278
46500884960 429733
46600839818 428800
46700840187 460335
46800858926 468984
46900853457 462540
47000856969 483535
47100851777 453983
47200851838 470135
47300876949 481251
47400861011 475342
47500869970 485197
47601056908 501138
47700852468 506883
47800850994 507510
47900861369 521441
48000844512 536360
48100882428 530893
48200884177 536272
48300876791 539120
48400869206 542658
48500999318 567317
48600840632 574721
48700866575 581757
48800867367 581854
48900854987 582805
49000890599 592121
49101028041 606259
49200839013 606352
49300885992 588362
49400858773 597321
49500896290 610027
49600875667 604043
49700872341 600884
49800875113 610745
49900935869 612291
50000902854 608360
50100861234 610466
50200872414 636277
50301102273 653536
50400902101 652325
50500903283 643777
50600872585 650435
50700872332 629178
50800920159 648439
50900926508 635641
51000936612 644723
51100899547 624371
51200917027 616663
51300887163 644222
51400896742 655666
51500880633 672883
51600911248 665326
51700963282 666591
51800929817 660234
51901141872 675271
52001136010 667805
52100874021 681310
52201006244 679062
52300899573 681465
52401043601 692586
52500874032 699038
52601133175 686901
52701146316 708468
52800892964 699386
52900891380 722183
53000897937 719601
53100938167 717302
53200924292 701802
53301156465 747592
53401150643 738550
53500901353 726013
53600993580 663602
53700927864 692688
53800911876 706005
53900922469 694596
54000952583 715149
54100931294 700834
54200971573 696700
54300911590 713871
54400911204 720483
54500911376 714846
54600902544 737598
54700955070 689409
54800946380 751488
54900913316 763913
55001186219 767661
55100928246 773697
55200918740 775661
55300958539 762285
55400929764 750959
55501170272 746173
55600933768 754490
55700973728 758648
55800964006 751376
55900936175 757994
56000951007 762663
56100940413 757754
56200936643 766261
56300946644 773564
56400943911 767407
56500958047 791288
56600942355 796546
56700963537 802774
56801211524 806492
56900957382 788968
57000997660 779500
57100975710 801811
57201201002 781089
57300959813 800813
57400945003 823569
57501006028 816571
57601200707 779374
57700967229 821630
57800973838 819462
57900949022 824451
58000967471 819712
58100973327 804990
58200966731 833639
58300961663 831450
58400960651 823499
58500976414 819671
58601087135 837745
58701013812 814207
58800996639 836075
58901054786 833614
59001245476 820469
59101080656 790860
59201009404 836846
59300996489 840274
59401006310 826537
59501229416 829813
59600991927 846031
59700983457 843556
59800968447 842015
59900988505 850826
60001010703 820370
60100997317 847080
60201079875 849816
60301018712 849726
60401005102 835572
60501007511 858285
60601248163 851797
60701021779 839831
60801008331 838963
60901024388 845688
61001027245 858415
61101017457 859719
61201002666 837877
61301152659 848022
61400999605 845202
61501023528 865440
61601014430 871058
61701267706 858150
61801028625 856181
61901157062 829395
62001017484 844709
62101028973 850072
62201035261 838911
62301030030 837349
62401068762 851606
62501041027 853940
62601032818 844082
62701202528 822921
62801187515 855879
62901066346 826669
63001097135 839381
63101023066 857266
63201050621 863479
63301043231 872012
63401045792 840774
63501068790 871003
63601055522 852397
63701080045 844552
63801306145 846950
63901298565 857784
64001070837 856984
64101057211 866718
64201048229 855961
64301061279 873718
64401065112 867674
64501093127 832115
64601081002 846620
64701064292 860284
64801049032 853215
64901194111 858439
65001062819 848005
65101053503 852550
65201071388 856922
65301081536 872461
65401087429 866237
65501083878 860753
65601177360 861008
65701075413 858149
65801059662 864181
65901068062 870694
66001136159 834546
66101086638 873155
66201090448 849051
66301082910 864799
66401341581 868120
66501109601 853462
66601116584 861327
66701091404 880082
66801112981 878542
66901085748 871858
67001121657 868592
67101103089 866839
67201093390 864532
67301115136 870538
67401112636 854287
67501105140 852922
67601093807 856613
67701114776 866526
67801113227 851592
67901379260 865423
68001137669 867819
68101138130 846101
68201128110 856566
68301120201 873971
68401128415 840361
68501111934 852638
68601137805 858841
68701133377 852473
68801139719 986155
68901113876 853039
69001372063 837479
69101104294 849342
69201243611 869105
69301120541 851878
69401306564 831476
69501154027 853105
69601142250 843760
69701592999 856735
69801132306 849268
69901271837 866989
70001151113 816987
70101151342 849164
70201162484 833915
70301158851 838478
70401155170 838291
70501333854 855533
70601229078 856435
70701184090 852790
70801152354 848540
70901411481 852704
71001420515 852496
71101179670 837814
71201151475 823192
71301183272 830039
71401149192 818688
71501209764 840275
71601184811 813523
71701452166 818275
71801152237 843778
71901157947 841015
72001379161 867704
72101432204 828398
72201425744 833211
72301185199 842064
72401233034 848833
72501162882 833626
72601225152 830591
72701559529 831470
72801199029 842414
72901200203 847369
73001464353 822272
73101188919 844047
73201223082 852760
73301184044 836361
73401181263 828319
73501203056 840248
73601182546 848469
73701191030 852206
73801186042 826770
73901233019 863062
74001194501 833224
74101457513 848103
74201452391 860431
74301303342 831570
74401213935 831209
74501189981 839863
74601226574 866890
74701215814 852706
74801227610 815224
74901214120 831006
75001208631 812993
75101294746 810569
75201206595 850776
75301237313 850092
75401243489 832667
75501222087 841273
75601244762 847111
75701259948 830820
75801211035 824167
75901227061 858975
76001233391 837880
76101240985 850285
76201231599 839876
76301243980 858869
76401242814 842488
76501255399 823823
76601237721 738615
76701223855 818164
76801241187 824833
76901250410 808747
77001223737 824307
77101257883 822604
77201254539 830767
77301261614 835487
77401424154 863376
77501248980 860012
77601234539 843879
77701321060 829743
77801265521 850096
77901241969 849454
78001510303 829342
78101281100 814366
78201280554 807087
78301259212 978128
78401246302 866009
78501269976 833848
78601269158 864699
78701252360 855071
78801273036 855842
78901267410 843473
79001303257 839650
79101261587 812154
79201271340 862400
79301269730 836350
79401272885 843658
79501324134 852082
79601304578 844162
79701333249 830727
79801358062 816121
79901428424 794059
80001302049 789464
80101303585 799901
80201297570 789528
80301316881 797068
80401549063 799329
80501233879 823269
80601557050 821130
80701300547 860238
80801340603 831277
80901475067 853314
81001331246 851084
81101300131 841068
81201310589 825987
81301297948 861801
81401582115 855594
81501450430 852920
81601313705 782226
81701348852 817245
81801299211 846135
81901321243 850805
82001570069 862584
82101320542 832119
82201439462 845370
82301292924 865120
82401348757 859256
82501339195 852687
82601576557 844007
82701335694 842986
82801322097 820104
82901386937 807848
83001339303 810057
83101360851 819355
83201348245 841441
83301354867 817665
83401330079 866612
83501340323 833725
83601341724 847283
83701391453 838536
83801587671 826950
83901393175 842544
84001342657 854539
84101351592 798754
84201352790 837134
84301361106 820352
84401385471 812578
84501349908 842751
84601366295 822555
84701620849 828948
84801358809 839466
84901382716 826164
85001357517 839740
85101351238 843907
85201397542 851796
85301632249 857943
85401367117 875987
85501358252 850250
85601383469 852516
85701390451 849287
85801398235 841842
85901375099 846311
86001406642 826426
86101389802 826178
86201392803 817408
86301384379 818771
86401633046 831352
86501392178 831914
86601378079 861895
86701386967 874336
86801422264 835219
86901394467 855976
87001426302 842732
87101408545 838841
87201544600 839726
87301656854 859013
87401427726 838633
87501411453 984797
87601405660 838413
87701424990 836033
87801426702 811559
87901658064 843151
88001417896 847397
88101423122 724842
88201414705 851046
88301424506 807478
88401667277 800490
88501420685 797683
88601624339 792252
88701410503 806279
88801439417 795779
88901406524 794855
89001443808 814827
89101459771 810189
89201690730 799645
89301452224 796486
89401450384 812287
89501447337 813967
89601423320 813874
89701441556 829733
89801452993 821156
89901461038 846216
90001454479 846345
90101452158 863290
90201429578 847435
90301441946 854540
90401496436 838010
90501458136 837285
90601448803 830515
90701460924 819423
90801448156 829440
90901702623 818579
91001465085 830654
91101487918 834335
91201460588 858591
91301456029 837780
91401465590 850701
91501460507 823249
91601465735 839774
91701467748 797927
91801708399 757921
91901499707 785011
92001487810 791505
92101491702 775441
92201490948 818172
92301551128 825370
92401481670 833721
92501461269 802928
92601476680 814729
92701470763 824170
92801488324 839605
92901740005 835557
93001508150 850662
93101462838 839960
93201479216 838094
93301489244 783057
93401498295 845819
93501494941 842407
93601486893 848051
93701487071 856348
93801483305 799308
93901481342 794710
94001539541 804296
94101510726 817067
94201497967 852490
94301495097 837592
94401508006 863276
94501511377 848648
94601542574 818837
94701498989 861808
94801507256 824707
94901556838 825814
95001504971 773867
95101519401 764241
95201528951 785629
95301510127 792819
95401585033 805814
95501516582 837598
95601517931 830696
95701511152 845130
95801510958 854470
95901526884 836150
96001535899 827103
96101554862 828262
96201663443 819309
96301785417 835776
96401521231 832937
96501546167 850367
96601543088 855004
96701780116 827476
96801542595 955562
96901532032 823267
97001558154 816421
97101531145 869724
97201541432 842357
97301540743 854079
97401542531 830945
97501554114 838916
97601528640 840897
97701570890 836235
97801591785 773981
97901558031 810053
98001820285 814537
98101543788 836086
98201556692 833285
98301558495 852195
98401557245 843964
98501605067 832711
98601558241 853877
98701599637 853324
98801579647 826954
98901558831 846019
99001567352 833779
99101554701 849147
99201587473 820715
99301568282 830069
99401570116 836643
99501603467 838660
99601605428 806619
99701579807 820330
99801835347 841690
99901597881 835826
100001591199 815973
100101567410 844399
100201666770 818322
100301910557 767156
100401597526 796088
100501640589 776799
100601584105 784517
100701607714 803590
100801912365 794787
100901643488 805878
101001633002 801959
101101600856 811434
101201613802 805067
101301612961 798506
101401618132 820993
101501627314 811801
101601732554 813340
101701870689 820692
101801647665 791122
101901614148 806602
102001642186 815978
102101637881 845905
102201602986 813344
102301788715 847983
102401620168 823207
102501617220 826459
102601627454 842386
102701617924 827562
102801885641 849571
102901652043 834510
103001637270 818742
103101657211 844659
103201622121 840254
103301624086 837894
103401625384 842584
103501658677 789244
103601641844 795524
103701656844 810285
103801628226 822203
103901678356 815279
104001662173 784987
104101672870 801417
104201651789 805990
104301673660 808002
104401666448 811072
104501642689 825933
104601671416 824453
104701669850 789405
104801692053 804785
104901877056 829149
105001764568 852000
105101679374 848363
105201658295 841555
105301663621 848618
105401926467 811842
105501667257 811000
105601675645 754296
105701687972 813578
105801663703 852377
105901690701 873260
106001678743 842304
106101692721 859330
106201664489 980592
106301684183 823794
106401766231 849153
106501705509 845817
106601683193 853177
106701716146 842092
106801681880 841568
106901715754 843626
107001684080 834764
107101678876 773079
107201940346 791286
107301705183 794151
107401746323 785127
107501691404 787556
107601704111 800680
107701855759 801476
107801703880 810987
107901957593 809378
108001733257 805227
108101700384 819108
108201690697 855064
108301711834 844226
108401710843 848871
108501977682 858122
108601700727 833458
108701716139 854849
108801715911 844601
108901733843 828097
109001730008 837795
109101720843 851186
109201723638 841931
109301721230 827955
109401723102 841466
109501726608 851922
109602057539 789531
109701746069 846411
109801738393 830530
109901739481 807960
110001741646 844115
110101735236 840409
110201731662 843557
110301997947 841784
110401731196 833636
110501753565 834541
110601753131 826081
110701724548 847053
110801727841 826346
110901822052 801043
111001780734 813942
111101789092 805724
111201755424 804901
111301762143 787394
111401800439 794323
111501781832 790730
111601753704 790078
111701779265 786127
111801742761 737344
111901755812 804545
112001779445 791967
112101756209 811374
112201847831 810072
112301877463 823387
112402008488 841195
112501762967 834746
112601781464 828549
112701772121 822416
112801918246 833021
112901776069 799077
113001773658 809988
113101768212 817511
113201830375 818780
113302033940 801119
113401788329 823897
113501789896 817862
113601805290 845778
113701788698 811473
113801797968 821317
113901794637 826620
114001786058 812700
114101885123 834351
114201786648 838117
114301814819 858105
114401776652 851116
114501826650 851790
114601824366 836418
114701838750 839477
114801796849 840968
114901819974 852590
115001815564 841195
115101816633 833317
115201955989 791596
115301822971 768575
115401836502 806493
115501811010 909358
115601812160 806841
115701809411 814641
115801854790 792106
115901814265 813389
116001853760 813122
116101825789 785990
116201828604 864380
116301833775 852392
116402074049 857964
116502090410 851084
116601847374 842455
116701850315 798313
116801826866 817746
116902104756 797870
117001856524 823729
117101849565 845373
117202101247 853561
117302080741 843284
117401878149 813502
117501869029 843340
117602108307 835909
117701868283 840323
117801837579 841056
117901887858 855533
118001860898 851268
118101856673 841832
118201841644 819889
118301822972 843836
118401870016 856993
118501862530 853107
118601888117 853805
118702099395 842803
118801849569 828089
118901885047 841444
119001853322 851780
119101887514 855564
119201868582 844470
119301885756 815922
119401868566 845402
119501881634 830183
119601850333 864435
119701865821 852076
119802124848 839512
119901880356 849896
120001876851 852685
120101875262 830410
120201879286 838466
120302018532 849982
120401883627 835112
120501883772 835897
120601905893 827905
120701918470 844741
120801903579 833908
120901988506 832620
121001931533 825950
121101934080 830708
121201915897 816540
121301894296 828037
121401907491 813533
121501909459 783133
121601922968 830335
121702179656 734933
121801906185 843361
121901960549 826934
122001926262 827078
122101923193 832634
122201938335 838044
122301925165 828779
122402169205 844426
122501973590 830854
122601923768 846249
122701951011 839382
122801939308 831138
122901929584 844881
123002200750 831653
123101923048 836117
123201936523 850341
123301956963 852260
123401939779 832418
123501923089 817012
123601956873 818399
123701968538 828607
123801952961 815818
123901940948 851189
124002205135 845958
124102062933 834322
124202017367 838639
124301955193 843985
124401965588 822651
124501932580 828472
124601964447 829724
124702054165 956757
124801935734 839657
124901969479 814692
125001968133 819698
125101950447 829340
125201973896 843783
125301964556 807241
125402006007 841981
125501957233 841495
125601975491 846609
125701953186 837586
125801967027 839427
125901972449 823910
126001993548 841888
126101971068 839554
126201973361 809141
126301964511 836611
126401965675 841353
126502031327 840471
126601978115 800736
126701992558 844080
126802007140 849341
126901976436 837599
127001996417 820899
127102004713 755328
127202232420 823896
127301988537 819193
127402013406 829113
127502000082 832701
127602011987 835075
127702031760 824156
127802007030 821730
127901998849 827383
128002024024 824275
128102010495 825716
128202002664 831119
128301983014 819405
128402081727 831067
128502015663 850060
128602004661 848119
128702041605 825346
128802009852 827530
128902017779 818936
129002037042 821671
129102032149 853861
129202038460 848533
129302269604 821190
129402020895 844638
129502037912 830500
129602032135 821528
129702038583 816912
129802044959 821726
129902021758 814709
130002045014 840208
130102017775 817742
130202026004 815654
130302054297 810875
130402037183 857217
130502038604 805182
130602028081 840565
130702064779 839146
130802023542 838450
130902289307 840397
131002066419 806888
131102068158 844611
131202087337 819016
131302056056 801746
131402202791 827231
131502050496 820524
131602070963 842809
131702049611 845877
131802047256 832403
131902063564 839611
132002074492 810479
132102064703 836915
132202052473 795005
132302084646 856614
132402060488 848318
132502057340 843998
132602058488 848642
132702256149 801991
132802325892 824846
132902117033 817136
133002056091 821903
133102086007 819325
133202075511 826148
133302086234 815633
133402094078 824676
133502081563 822340
133602341804 817957
133702087735 823638
133802078941 814813
133902091269 938119
134002095171 827070
134102082572 818335
134202128188 828988
134302108479 814335
134402155274 822127
134502129282 821164
134602096940 826062
134702101836 805941
134802110352 816975
134902101568 836323
135002130418 832943
135102105074 834646
135202117271 774272
135302284836 837743
135402106299 821540
135502104559 819694
135602108215 783041
135702111103 796256
135802285654 833729
135902112603 820115
136002112889 810711
136102120755 835702
136202118832 814148
136302147393 828235
136402270146 822472
136502147400 822041
136602131974 819365
136702261110 819786
136802150665 817935
136902298890 827911
137002147734 835501
137102159144 823960
137202386559 824761
137302163397 830890
137402139162 828088
137502156700 835357
137602149843 830532
137702184677 823372
137802140773 818053
137902164318 823421
138002139503 823382
138102394014 845368
138202154164 817756
138302158708 825004
138402162215 822461
138502155318 823811
138602161888 824797
138702155400 815782
138802166675 828857
138902193045 809068
139002169966 810682
139102174193 826735
139202170802 815600
139302231877 804125
139402166058 816916
139502176713 821568
139602219735 804793
139702197416 815437
139802184958 820596
139902235671 824316
140002187450 829113
140102198502 791623
140202212592 803477
140302227777 812954
140402175393 812104
140502173068 815891
140602444291 804755
140702192779 809492
140802216218 815446
140902189685 777489
141002254163 804772
141102194940 831270
141202394302 826968
141302228216 796279
141402218428 821449
141502236012 829427
141602221189 834560
141702202406 821683
141802205266 836659
141902218686 821125
142002238405 823026
142102217567 815682
142202220957 801439
142302313236 818858
142402332396 835123
142502246401 830467
142602206761 819386
142702229026 810614
142802261535 774551
142902238290 791757
143002255803 779994
143102209481 829464
143202492005 851671
143302220664 962352
143402237071 828344
143502231036 831838
143602238903 847767
143702208730 814861
143802427406 836197
143902229272 828529
144002243725 794721
144102489194 771449
144202234905 769494
144302241066 822905
144402245857 843069
144502271082 764559
144602310005 839998
144702231719 841830
144802265638 834023
144902497837 822895
145002261463 839687
145102482730 851367
145202254258 851347
145302255684 836316
145402257382 822266
145502508680 839565
145602271266 830650
145702278086 828420
145802259322 835271
145902294549 829685
146002277594 820448
146102266742 834289
146202285838 828839
146302271416 849800
146402259347 842764
146502277358 816126
146602513102 812767
146702261723 813292
146802266996 842288
146902306748 830443
147002276775 829966
147102281864 832763
147202306085 836923
147302282461 818496
147402277730 809717
147502298823 835465
147602326252 828957
147702291512 822920
147802282266 828933
147902306542 840121
148002554426 821276
148102292787 832955
148202572401 837027
148302298364 818184
148402295356 824020
148502386010 820710
148602318813 825400
148702306526 810327
148802310028 824694
148902309458 822819
149002313074 842127
149102347761 836497
149202306615 838611
149302325733 833590
149402525191 813816
149502334594 839421
149602323655 806503
149702343063 822877
149802347531 822840
149902324841 832851
150002318122 833188
150102347962 837199
150202358266 817333
150302332238 843390
150402588813 818259
150502356954 837422
150602343418 847761
150702363868 814545
150802333597 827378
150902394146 823980
151002418062 845310
151102331261 836507
151202346405 824511
151302334651 829799
151402357991 841143
151502340321 841782
151602611503 830646
151702326539 846550
151802344376 836444
151902350662 834816
152002603636 830279
152102361813 822394
152202608050 820322
152302383713 839704
152402373159 840158
152502371934 957550
152602873353 841764
152702359113 798487
152802406973 816457
152902407583 815334
153002368118 840654
153102365593 824449
153202470151 832577
153302372578 769368
153402391592 768497
153502376463 829753
153602384745 841273
153702379407 846552
153802374598 834724
153902403183 807094
154002640550 849880
154102393042 854320
154202385334 834401
154302402898 834221
154402424030 834622
154502394025 849561
154602389775 814361
154702396899 839649
154802389953 832938
154902404056 819746
155002395203 839297
155102399137 847866
155202514796 820703
155302406591 839038
155402417425 840422
155502650739 838854
155602408679 839398
155702415539 836274
155802416429 824311
155902664746 832745
156002416594 842152
156102432541 830086
156202417039 836519
156302412834 836490
156402452958 838910
156502444263 850377
156602448932 836767
156702685710 824102
156802673731 826929
156902438075 835890
157002673717 844038
157102443930 825883
157202434721 836958
157302627923 837221
157402458463 853163
157502448491 824486
157602435604 834544
157702455306 840082
157802436506 827235
157902470326 837242
158002443871 833749
158102450255 818557
158202457040 825346
158302438597 840653
158402452292 825698
158502448013 816230
158602712986 835252
158702479286 838107
158802451193 830170
158902451563 825094
159002704000 835085
159102488892 847940
159202446852 827281
159302478815 828980
159402718057 843708
159502488613 832469
159602471609 828256
159702475992 842106
159802467724 835577
159902472973 822623
160002477186 834742
160102474113 831100
160202489812 833176
160302465500 843946
160402478382 823056
160502485996 765438
160602499393 762670
160702502853 832826
160802480455 843257
160902485287 853039
161002476606 827696
161102476314 820474
161202494601 806990
161302512558 845428
161402501381 763498
161502476788 832910
161602432584 939772
161702577734 854235
161802513712 825972
161902490250 839141
162002539545 843337
162102515261 836442
162202563590 840541
162302560173 829170
162402509347 817441
162502518495 829450
162602520078 844411
162702523290 815262
162802537232 851918
162902548486 819647
163002550353 844666
163102560488 827097
163202515409 814602
163302525008 823280
163402784434 820776
163502540792 820447
163602563066 817328
163702523645 816704
163802531733 814510
163902521964 857622
164002587972 841043
164102538009 818054
164202529654 812912
164302544633 827822
164402534340 829752
164502526492 779673
164602523241 811150
164702541878 818530
164802780562 816531
164902571001 817865
165002689008 486008
165102731659 476054
165202574300 574254
165302644429 746788
165402714930 385176
165502776279 370401
165602710979 467478
165702580357 193431
165802901471 333103
165902719668 284885
166003045384 340565
166102650684 239098
166202649207 405451
166302854731 354365
166402719814 273368
166502652028 220634
166602698243 219740
166702615842 347715
166802534039 319160
166902751927 249811
167002692549 244205
167102667614 636042
167202693992 427545
167302670839 355751
167402622897 558380
167502582383 588336
167602644325 645347
167702636679 588843
167802636258 598385
167902732769 642123
168002629917 641349
168102608835 585535
168202603886 579926
168302790527 619319
168402593695 606128
168502627229 653136
168602763328 609672
168702614817 566247
168802633965 583067
168902609500 608003
169002685503 423017
169102570858 525105
169202694737 510205
169302632047 693532
169402635446 646007
169502579264 647202
169602685122 617530
169702657738 647397
169802738439 561446
169902575891 418477
170002701509 668190
170102631421 640609
170202656267 807837
170302616150 658620
170402678939 669571
170502640743 578337
170602721980 653793
170702597086 622892
170802638011 619396
170902660288 700828
171002700831 707475
171102636969 755387
171202888011 810464
171302714435 734856
171402898308 739671
171502857092 804293
171602655095 814069
171702625787 881803
171802625082 839967
171902619011 905992
172002636806 850155
172102676636 786058
172202714625 865725
172302766057 418527
172402676057 652234
172502644711 697566
172602810239 839287
172702644052 871842
172802742913 751940
172902844591 638130
173002742158 546350
173102785245 597744
173202674226 604855
173302676684 628887
173402637851 596339
173502723240 634393
173602706498 645281
173702857905 609324
173802739931 696712
173902680183 755174
174002668097 560529
174102914319 680840
174202800902 618662
174302708495 498897
174402799812 824851
174502667914 851843
174602697830 847896
174702663866 904241
174802906439 857648
174902923734 831883
175002790202 793281
175102934076 740550
175202669225 872628
175302821185 793283
175402671695 835314
175502764862 624457
175602752680 529184
175702700871 748457
175802730867 789828
175902746931 825845
176002931574 802346
176102972319 798090
176202706656 787541
176302706504 769953
176402747238 801260
176502738269 792214
176602791069 790909
176702727582 794017
176802718620 803565
176902709014 777491
177002981574 795209
177102853182 799665
177202760358 781495
177302738354 801326
177402838590 757016
177502750677 780731
177603001400 788749
177702751287 776640
177802763108 792498
177902742634 790402
178002929237 770628
178102764807 784221
178202740649 738625
178303013850 788768
178402755720 737826
178502783025 783330
178602762896 786481
178702750540 752450
178802788446 764404
178903016603 875204
179002785483 763341
179102752003 783208
179203024466 788904
179302758389 763389
179402766489 781998
179502837354 782840
179602800158 767309
179702800690 723775
179802757278 791844
179902777340 799905
180002808304 693333
180102808457 741750
180202792132 673829
180302786355 675019
180402789546 737164
180502758539 729528
180602800386 736188
180702766824 734135
180802849265 756633
180902801752 714947
181002793887 747508
181102862255 681392
181202826314 722062
181303078607 719558
181402787890 686725
181502844663 732261
181602827122 718923
181702883081 722204
181802824630 722494
181903087775 782105
182002812792 755227
182102824347 749570
182203082577 770893
182302803978 766146
182402872978 763875
182503063283 752991
182602842624 839072
182702817929 751101
182802831829 840451
182902871061 763269
183002826679 871107
183102868721 763791
183202815826 768181
183302848720 807109
183402833405 835031
183502806494 781823
183602880672 796744
183702855239 866201
183802846779 871812
183902837853 829214
184002848045 817426
184102833394 840897
184202849035 805363
184302864391 782167
184402832547 917105
184502836114 851446
184602827782 839483
184703103055 891656
184802845690 841609
184902851686 881130
185002838929 841566
185102921376 918771
185202831433 831617
185302841160 890103
185402842375 908674
185502837797 886628
185602860403 865270
185702865743 862664
185802846445 838614
185902848990 923461
186002839541 949225
186102900566 901614
186202861980 915344
186302858755 920231
186402855026 886451
186503133501 877544
186602891586 860456
186702885774 868365
186802922484 871954
186903151586 901059
187002873044 893641
187102912657 871998
187202870444 861280
187302879874 836692
187402891107 870771
187502889870 878931
187602887220 916322
187702888158 892666
187802886735 909770
187902865022 808092
188003088693 860667
188103145273 941551
188202928750 866135
188302889922 885762
188402884881 895666
188502880676 915470
188603114757 915933
188702917492 951242
188803043746 852721
188903151999 863519
189002912369 913912
189102901992 881176
189203177764 953238
189302900598 916498
189402902189 884046
189502922921 919554
189603159707 900615
189702901769 871944
189802904662 933829
189902902812 938319
190002946643 887311
190102913905 893000
190203162843 941213
190302917019 888681
190403166377 905702
190502960894 929877
190602916151 917485
190702915706 913883
190802927233 917714
190902942009 940723
191002932812 872012
191102926569 934804
191202953974 918682
191303088236 882385
191403197638 829245
191502940636 961090
191602927620 905558
191702952468 973926
191802934397 954348
191902937084 905622
192002934096 904682
192102948462 945159
192202947364 905430
192302940509 926195
192402996945 902918
192502936015 844589
192603229123 931579
192702994866 889211
192802952846 895045
192902955293 826507
193002965202 936301
193103002477 932532
193202970341 932339
193302975609 984214
193403240035 956008
193502973620 924709
193602969873 957385
193702995292 960891
193803097223 907376
193902971707 937527
194002937984 897193
194102972566 956125
194203189079 949772
194302987711 946075
194402999782 798041
194502962880 891839
194602980595 841536
194702978167 873451
194802972659 846036
194902976392 776551
195002990715 975916
195102994749 907256
195203003322 914228
195303273770 727090
195403002124 925210
195503121294 896997
195602995296 903593
195703035831 850285
195802999597 943173
195902997041 941680
196003051600 919811
196103004126 833883
196203002014 818153
196303056021 860506
196403291414 802318
196503012260 827582
196603028539 905936
196703017546 853787
196803292801 832316
196903023865 896750
197003291294 908568
197103034443 878009
197203021587 888268
197303010444 952787
197403026150 1089796
197503018385 933209
197603155310 913725
197703049585 914229
197803029713 900171
197903070824 883495
198003043683 852722
198103114195 884048
198203069357 887890
198303060267 884420
198403081442 906718
198503047962 908785
198603036552 885973
198703030154 880986
198803049649 837611
198903035820 899520
199003035821 897478
199103027698 910929
199203038553 916763
199303098330 846308
199403095937 833095
199503073855 844526
199603089317 897950
199703058220 911826
199803057747 912719
199903058489 908121
200003108723 864665
200103069515 895071
200203089999 817794
200303091215 750531
200403063846 910642
200503310345 930701
200603071336 928459
200703055025 915347
200803159018 915326
200903109972 874280
201003093214 818103
201103086334 811549
201203078841 882725
201303081121 852980
201403328542 802587
201503093945 825388
201603111192 877409
201703141857 810527
201803131180 721602
201903076105 822534
202003113627 833547
202103087321 843415
202203103678 862060
202303109011 917068
202403111012 895675
202503122287 877954
202603094181 877240
202703383032 822523
202803133911 828202
202903169105 803201
203003101848 860004
203103107729 889111
203203134875 866993
203303115062 902218
203403389191 825328
203503147875 773239
203603140938 818510
203703123059 806266
203803150805 862966
203903365433 807928
204003157595 839270
204103185273 849049
204203149332 896342
204303126538 893329
204403148975 821522
204503158544 835547
204603401132 891630
204703145879 888384
204803150856 872590
204903151853 849038
205003163107 845937
205103160125 859920
205203152473 917203
205303168272 906091
205403139775 906128
205503176816 900977
205603153445 891068
205703159311 899358
205803175101 836927
205903198618 857608
206003428594 742052
206103172968 841323
206203175227 720891
206303180934 889701
206403172965 881627
206503389373 792602
206603245750 638769
206703197224 957862
206803175667 842128
206903169535 842809
207003293988 796415
207103181308 866607
207203171165 871163
207303254321 811588
207403226283 793330
207503178914 867797
207603435449 883133
207703182959 844078
207803199147 824781
207903193262 839779
208003179032 888002
208103192170 865017
208203211771 866179
208303180399 818150
208403202104 809408
208503186748 837893
208603206412 794783
208703204512 783856
208803194502 854020
208903423993 870704
209003185896 848537
209103197217 905128
209203205189 868901
209303199669 866047
209403241867 807673
209503231084 807259
209603257075 814689
209703224608 822168
209803227203 840810
209903141437 856072
210003233679 874264
210103279795 838879
210203232703 843318
210303243187 871790
210403318529 822575
210503259484 825997
210603213482 901801
210703258273 901846
210803453228 891927
210903225587 882825
211003222369 890972
211103239214 868302
211203271089 785447
211303253167 852424
211403248606 894477
211503309135 785073
211603237250 825746
211703252933 861671
211803228203 918968
211903272478 904974
212003265508 894025
212103257711 874503
212203460430 841863
212303265734 834906
212403263199 893532
212503267257 823140
212603291302 841611
212703276540 824801
212803268484 892397
212903239863 880427
213003267161 889471
213103523281 882832
213203295867 862664
213303262058 889707
213403327460 903684
213503267935 901984
213603293278 840244
213703296012 823679
213803267994 849748
213903271242 820581
214003278827 849700
214103278991 888068
214203275968 904256
214303273463 916772
214403279885 907078
214503556412 918939
214603277676 926312
214703302205 909127
214803314267 820418
214903341964 853979
215003286258 860854
215103289983 859245
215203296809 845970
215303312602 866765
215403305099 849055
215503296193 858158
215603289982 908703
215703562602 917665
215803308489 915960
215903301506 986545
216003436906 880540
216103311915 874983
216203308838 882508
216303326940 868224
216403591757 835722
216503301792 798001
216603585620 914928
216703331062 860904
216803406119 790410
216903398337 752988
217003289755 863194
217103305763 876752
217203308897 861670
217303281676 872051
217403308696 869645
217503298735 903620
217603318172 775968
217703323354 815523
217803317469 877643
217903330577 864900
218003476140 827883
218103317477 875159
218203326347 843300
218303332376 819825
218403329513 814273
218503308679 858185
218603334274 864669
218703325676 835289
218803607439 836544
218903387177 845828
219003347464 825665
219103357240 887168
219203367253 844890
219303629802 884120
219403416825 731427
219503636920 728653
219603370390 845842
219703399639 828517
219803355195 810932
219903367868 824330
220003366254 824983
220103381420 834433
220203378916 867860
220303389468 782467
220403397822 765129
220503427680 762730
220603364154 765272
220703377230 777493
220803366872 859742
220903377644 881765
221003376085 899484
221103379819 900369
221203384769 887678
221303397707 887716
221403470198 857949
221503398083 887894
221603397750 862039
221703385637 870180
221803411582 846248
221903441650 847693
222003385605 840943
222103395503 832837
222203394639 832394
222303441390 786059
222403409146 885532
222503478477 903562
222603409452 892534
222703417216 837707
222803426022 837310
222903677026 850135
223003397229 836024
223103390445 862506
223203420036 820361
223303410362 862416
223403407946 746206
223503704030 863280
223603423896 815665
223703420981 809962
223803431598 793980
223903422668 840468
224003433751 879263
224103438356 833626
224203433048 817183
224303706378 822914
224403458251 817154
224503443444 807417
224603467866 809026
224703457579 840383
224803437236 824652
224903447465 814253
225003456922 815772
225103475297 936131
225203434557 848308
225303692038 874724
225403453155 852058
225503706807 845624
225603497959 878076
225703501054 733802
225803512967 677659
225903448900 815260
226003452884 907321
226103462407 817291
226203486700 771820
226303466850 733824
226403456192 811657
226503459673 842848
226603476390 875174
226703475532 842583
226803484751 809257
226903474702 803184
227003489012 778440
227103470766 808533
227203493758 819071
227303507730 851711
227403600267 875568
227503738601 873119
227603491248 858136
227703491239 857848
227803484433 847369
227903485297 845789
228003497860 897474
228103469546 871270
228203505608 843523
228303524780 840285
228403502562 833312
228503490200 816677
228603506509 821657
228703517964 808835
228803774084 834955
228903500222 809085
229003509791 813953
229103499249 853568
229203532212 895822
229303508825 902806
229403517911 886841
229503524803 875580
229603525353 863857
229703525977 869178
229803776849 858656
229903668243 852480
230003521578 922283
230103786667 928572
230203555298 815163
230303537467 856094
230403543858 882976
230503518812 862522
230603535206 851115
230703569166 794537
230803681262 789414
230903554263 775126
231003535811 780529
231103549529 781665
231203569457 780034
231303540847 781757
231403579929 788496
231503543557 786510
231603528457 804775
231703560520 849829
231803555309 747306
231903538385 865054
232003557947 855878
232103552895 817772
232203566210 827640
232303563469 826120
232403726908 790415
232503577236 765051
232603555869 852324
232703808931 888512
232803557002 890125
232903552389 865753
233003592306 858214
233103569092 723966
233203550068 881274
233303559299 850362
233403592451 828223
233503827080 882247
233603587445 861633
233703588151 789020
233803573322 897509
233903566946 860937
234003599480 853038
234103593150 852815
234203585359 861483
234303575071 866548
234403595426 814246
234503863957 860938
234603583485 955115
234703725752 763609
234803638875 521008
234903804145 496806
235003631116 812740
235103632158 820475
235203588673 820173
235303563197 921344
235403625105 918761
235503624744 749769
235603596249 833341
235703602753 874189
235803648910 865100
235903613408 853968
236003603428 864073
236103865583 852850
236203623988 815254
236303626021 813303
236403642940 811691
236503873882 903104
236603646721 864519
236703632258 782734
236803753750 747602
236903637651 749931
237003619697 818850
237103616193 840743
237203640925 894183
237303646075 882591
237403628727 881667
237503659158 775818
237603635112 772367
237703620882 891276
237803642664 871728
237903646039 895306
238003637295 832670
238103672884 825155
238203650737 839086
238303640276 806915
238403638439 856912
238503794672 885338
238603905195 894848
238703641688 871530
238803660412 854690
238903703122 837245
239003645889 849097
239103778849 816837
239203704562 726526
239303665267 747675
239403649898 837682
239503645901 844491
239603671574 876064
239703646386 912085
239803649840 880012
239903663498 881374
240003658695 859647
240103744358 829055
240203700696 846030
240303660756 850214
240403694397 842206
240503746772 825165
240603687442 866780
240703678725 860888
240803671304 918710
240903941194 895548
241003940664 888173
241103681039 886334
241203687788 866038
241303734596 808788
241403686928 850674
241503727466 804242
241603705786 752554
241703699750 848239
241803675751 891886
241903699464 893679
242003736848 809797
242103702303 886949
242203685965 875809
242303694977 849952
242404178065 841920
242503705658 797127
242603695030 807312
242703715574 861724
242803936229 798868
242903727710 840136
243003929526 837581
243103725958 787156
243203756239 679238
243303808406 877103
243403714730 850765
243503698161 868380
243603754106 757895
243703874299 709055
243803731014 886283
243903712823 1032485
244003725213 913583
244103753252 861244
244203761703 776754
244303744652 812880
244403995852 837766
244504005952 849708
244603730151 842665
244703731513 861525
244803735960 834212
244903733948 837406
245003754540 814125
245103759949 818233
245203733350 892167
245303781765 860992
245403748838 862146
245503771549 902748
245603735186 907353
245703747995 899930
245803740929 901093
245903793031 847376
246003761769 795234
246103771282 900004
246203749139 912443
246303766914 891373
246403736090 882944
246503795666 785068
246603799709 738791
246703793312 741638
246803770632 701764
246903828020 695320
247003769186 739487
247103768333 884217
247203752630 874999
247303814958 779462
247403812950 678588
247503838657 703286
247603765946 808166
247703776755 893597
247804034236 864000
247903783890 821857
248003805131 708977
248104081824 737638
248203845381 668197
248303838290 631031
248403792669 663247
248504033469 657912
248603824552 725283
248703859049 815798
248804114194 794706
248903799854 796966
249003826613 803376
249103891937 708294
249204107546 710861
249303858883 703214
249403842589 714276
249503842546 715962
249603847894 698966
249704074363 721327
249803846436 693266
249903813313 721619
250003860731 737038
250103867464 721782
250203836731 739927
250303880428 889934
250403869648 686211
250503791007 849604
250604076125 906110
250703828489 825500
250803855571 793977
250903845035 819829
251003875075 780632
251104092427 766185
251203994315 767301
251303833080 768876
251403837491 767497
251503869547 760267
251603833575 760799
251703841463 763194
251803845255 782930
251903856855 902141
252003857211 877063
252103830522 827676
252204111787 821161
252303839882 901156
252403859215 763145
252503872734 744623
252603861801 812843
252703875524 882725
252803873852 862920
252903865669 894293
253003881011 863314
253103888949 777928
253203893161 794908
253303849582 841067
253403905731 994589
253503895136 863965
253603902902 750238
253703943437 711596
253803881008 781484
253903898582 701350
254003866563 699754
254104157918 842916
254203891317 785644
254303898608 847667
254403905960 837291
254503913164 856354
254603890841 865180
254703917560 882513
254803891285 834116
254903890565 811117
255003927366 773908
255103904285 861442
255203982738 813613
255303896380 802032
255403891750 880617
255503890508 863120
255603895103 858822
255703905196 817255
255803907980 771990
255903899082 771537
256003890299 825952
256103933301 858432
256203923443 852860
256303908012 814950
256403922854 815459
256503987592 790871
256603936515 849627
256703914517 879147
256803916175 829817
256904198700 761317
257004012328 848451
257103939756 764889
257203949840 855131
257303933901 868629
257403945087 849467
257503964446 835181
257603946773 780684
257703927140 857292
257803960458 852374
257903959894 855365
258003944852 843074
258103922737 850852
258203942947 851952
258303949402 886174
258403952080 812027
258503938716 823214
258604091554 776029
258704213562 838734
258803943358 868393
258904216798 849277
259003985522 852495
259104221819 830738
259203977755 835770
259303986511 839106
259403970222 796874
259503963991 797200
259603911657 771920
259703949199 774122
259804119101 761211
259903993384 758083
260004004130 767223
260103957640 917884
260203960285 954156
260304051407 929125
260403962266 880517
260503981878 881277
260603984974 867849
260704111144 901371
260804007125 839481
260903989186 874407
261003983679 790851
261104124016 791443
261204030752 795917
261304006561 783587
261404269552 789052
261504010325 786239
261603994086 789921
261704001264 787228
261803981487 798870
261904144240 862759
262004020018 769863
262104097324 754632
262204008944 720064
262304011931 769084
262404001949 867256
262504266686 847070
262604017258 829578
262704071351 963414
262804030490 830101
262904267461 827268
263004170833 822999
263104045537 802327
263204044088 812078
263304029420 792260
263404291088 779154
263504132544 787631
263604055173 721257
263704040373 775283
263804066333 857785
263904017389 886604
264004017329 889020
264104032542 892967
264204186936 912708
264304033753 865336
264404062103 864162
264504302626 861072
264604078171 903871
264704062813 850898
264804028905 872747
264904067852 835557
265004310831 799979
265104084644 846025
265204047049 844608
265304008051 832786
265404055178 814697
265504308781 896954
265604042055 874297
265704031689 867317
265804078783 854821
265904084179 818962
266004102010 802541
266104070416 685448
266204069449 731791
266304074729 799128
266404052708 826187
266504064430 887871
266604348164 853293
266704071517 896833
266804057727 890648
266904069740 872161
267004070844 868831
267104226372 875742
267204077281 831901
267304101236 851264
267404075153 822413
267504076179 824075
267604077188 817755
267704113517 826843
267804085576 768879
267904072960 790493
268004069996 922768
268104078455 879730
268204099349 870578
268304091377 854369
268404105141 846073
268504101713 800625
268604124420 789909
268704081589 747832
268804136686 792495
268904091956 798722
269004167124 731471
269104111777 723036
269204101510 781033
269304100580 768518
269404141991 765684
269504144394 763625
269604122676 761803
269704118772 765912
269804122758 763506
269904133998 771902
270004413806 783924
270104182224 733723
270204135973 794632
270304128756 775591
270404161362 778591
270504158724 781354
270604169999 898994
270704150605 782954
270804130283 810789
270904133302 828640
271004419134 735737
271104115990 664565
271204131859 891060
271304123747 857563
271404607981 817703
271504161990 836217
271604151782 850045
271704187220 896864
271804202700 1014499
271904145507 804751
272004153217 799192
272104174050 801278
272204148861 797250
272304148851 784899
272404170328 813241
272504167844 822951
272604186489 825370
272704170352 813587
272804183228 822995
272904165147 816732
273004214870 817960
273104142551 782840
273204162752 868940
273304171423 897580
273404175988 884681
273504167947 894355
273604172978 889892
273704186329 841575
273804213088 783516
273904160986 780618
274004168213 890687
274104174682 878999
274204192842 892794
274304202339 889442
274404173180 831823
274504173206 830410
274604201717 817253
274704459985 859849
274804184407 851772
274904462957 839615
275004188172 902969
275104202948 918476
275204191178 918689
275304206882 913431
275404212472 877871
275504224945 813818
275604200768 821987
275704210469 807974
275804201938 803966
275904206198 812811
276004317346 757578
276104494009 705669
276204231282 682384
276304226821 789812
276404212315 928095
276504211366 915272
276604302264 911790
276704242705 870685
276804471923 837613
276904211904 913090
277004484837 904127
277104221279 889882
277204237184 851664
277304213862 858522
277404379204 838867
277504240316 871310
277604221988 835652
277704234588 901883
277804226662 897061
277904223105 866650
278004237911 902183
278104240450 862663
278204274188 830705
278304237971 855865
278404239454 842210
278504293856 684326
278604244455 810433
278704258325 841678
278804238271 869325
278904236686 880466
279004241434 884900
279104248907 892261
279204273745 848749
279304273599 829873
279404540373 770822
279504272846 782707
279604541544 844745
279704266856 791146
279804552655 727654
279904264096 772338
280004273876 755086
280104300940 871023
280204283340 781586
280304265567 850112
280404322089 801848
280504512193 793664
280604292728 841475
280704311376 798044
280804300065 709994
280904275308 904676
281004284021 756785
281104297054 790801
281204326727 794616
281304295065 788695
281404287316 732388
281504313529 738408
281604561445 818675
281704283011 921417
281804279004 905696
281904330838 727755
282004314745 698961
282104340536 714587
282204334952 784350
282304300859 780556
282404313112 808470
282504313417 732377
282604333313 738329
282704317138 778416
282804305828 791716
282904329236 813227
283004487193 799675
283104432253 847196
283204334010 849341
283304341599 851716
283404568486 846792
283504320940 846634
283604318314 824881
283704544696 815972
283804330629 821549
283904362268 809357
284004326471 792845
284104332453 737175
284204355733 806636
284304384055 796215
284404323537 811298
284504315353 868745
284604397015 892968
284704331807 888592
284804350293 884093
284904360734 900960
285004328387 828712
285104354087 848551
285204342175 851410
285304508477 851761
285404370175 845756
285504364155 783970
285604357978 778900
285704358982 833434
285804349461 882603
285904351917 813074
286004508987 775977
286104367004 804827
286204616852 885608
286304461230 906906
286404416656 961064
286504348201 948956
286604368717 905447
286704395325 811291
286804389575 902435
286904356413 883116
287004444797 929929
287104379941 906006
287204379005 907349
287304365748 899298
287404422095 803391
287504398612 844638
287604362683 868322
287704386138 847412
287804409894 832749
287904405478 840573
288004484984 816188
288104417163 796974
288204443221 770482
288304392006 725954
288404397422 846282
288504396849 855301
288604402047 866440
288704409741 857856
288804386063 751909
288904406868 693434
289004408923 747507
289104457383 711240
289204388524 715258
289304438700 726805
289404415352 715105
289504463067 710482
289604420995 699339
289704428591 692978
289804545514 685880
289904395138 685616
290004447282 720150
290104501248 638762
290204706792 919827
290304433200 766898
290404424345 891977
290504411686 977546
290604423994 970413
290704424478 945379
290804431853 946753
290904444612 915265
291004448573 832667
291104473583 824483
291204429212 923115
291304433850 882000
291404469336 873183
291504713290 794926
291604555531 774061
291704460214 930275
291804437459 853317
291904452060 905388
292004697926 903525
292104436101 899620
292204466648 893427
292304446760 886489
292404459240 888935
292504443635 873428
292604456291 889208
292704435637 922721
292804475792 885376
292904468807 896173
293004462720 861129
293104466845 846328
293204458149 895428
293304451099 869820
293404465186 886463
293504477908 875003
293604457552 863434
293704484749 864174
293804452627 893168
293904476268 903210
294004471856 827232
294104466275 793258
294204494766 824299
294304458420 799857
294404685977 881421
294504505794 838322
294604465194 859418
294704510627 905919
294804475970 890857
294904481137 919169
295004529562 877167
295104486379 841167
295204513279 914666
295304497383 913243
295404503894 780211
295504502056 919098
295604519824 915431
295704499620 870487
295804541726 887682
295904500030 857464
296004490839 872884
296104545859 727559
296204544896 633012
296304561552 659452
296404547437 645674
296504507229 845749
296604497781 897698
296704504983 905235
296804547699 866982
296904516067 900932
297004510306 911153
297104522152 907313
297204521252 881032
297304792422 899246
297404526145 860321
297504543503 717225
297604599078 660329
297704531923 709484
297804557996 746253
297904557062 713813
298004561529 727631
298104534753 710488
298204581445 941152
298304679346 943809
298404538842 939358
298504551467 895150
298604539990 939347
298704529603 926865
298804549481 905231
298904566927 906711
299004546023 913040
299104557731 837562
299204596375 863142
299304564659 710806
299404591777 699006
299504579979 702481
299604603839 695776
299704571669 701804
299804609709 706808
299904588898 716765
300004818789 702307
300104571735 689094
300204583340 695068
300304602349 691958
300404583032 699005
300504582222 698052
300604592155 702452
300704606108 713009
300804620013 699425
300904589879 700790
301004490825 700479
301104569638 806434
301204582461 906138
301304595613 905828
301404627461 868841
301504604355 904336
301604591646 874146
301704577270 868382
301804592680 828918
301904585817 888464
302004596046 901452
302104570297 917089
302204593635 911106
302304604643 778818
302404600892 766114
302504603803 750053
302604693612 717547
302704848758 722136
302804625740 710929
302904617342 712772
303004645881 709747
303104639162 721225
303204655638 718229
303304771951 891238
303404611391 928311
303504612318 867209
303604616220 790166
303704838071 792107
303804670784 689612
303904616010 840276
304004628659 906447
304104615819 778516
304204637472 847617
304304806274 879300
304404617471 929145
304504921355 820518
304604654925 706742
304704641437 909758
304804711502 753556
304904662908 737865
305004657171 753608
305104632408 932420
305204615154 922627
305304646248 923768
305404628165 917247
305504660384 901909
305604906585 908114
305704666821 809257
305804654945 767769
305904704611 739129
306004915568 769992
306104911356 920342
306204794915 895720
306304671152 916696
306404709719 919948
306504665268 893190
306604644081 913170
306704663422 909286
306804686668 921886
306904713136 850030
307004683055 774006
307104706474 711874
307204787268 694090
307304718855 680930
307404659149 831906
307504682699 906503
307604724218 713491
307704686187 730829
307804667948 915704
307904723927 893232
308004706469 838808
308104680967 754170
308204751876 742804
308304714371 739495
308404747245 698537
308504754967 723150
308604677851 720022
308704729830 736881
308804720139 762415
308904734046 637430
309004965618 633338
309104760197 631945
309204705495 710973
309304966963 776508
309404716375 752782
309504720321 725683
309604819910 714062
309704738298 726412
309804876532 722728
309904755197 718885
310004765289 705925
310104730697 777457
310204739897 822783
310304753698 824434
310404731627 633904
310504786230 729413
310604989820 738481
310704853699 763534
310804800140 761535
310905002376 750404
311004753078 730259
311104811151 727835
311204733547 607158
311304759437 834436
311404779583 772384
311504754541 794614
311604800015 794195
311704740558 796946
311804747336 812273
311904821032 829077
312004790711 795439
312104758305 753756
312205018534 750777
312305025644 777520
312405008623 772202
312504770304 843093
312604756936 826631
312705002077 854149
312805006876 860432
312904794811 852190
313004792172 841718
313104787719 831762
313204764472 841975
313304767490 845560
313404819999 823753
313504796080 842573
313604769527 802301
313704856515 843275
313804787343 813806
313904789638 837310
314004783011 815466
314104800090 839353
314204776784 854108
314304798701 836321
314404772335 855430
314504784243 828285
314604776945 849612
314704808329 823660
314804786158 841609
314904781202 820045
315004807467 851160
315104773385 847498
315204792807 851112
315304856657 826399
315404822539 785424
315505023163 752701
315604853249 755613
315704826826 721814
315804790227 795415
315904826703 869679
316004802404 862419
316104829976 841765
316204814643 841719
316304857582 863509
316404808450 847513
316504847859 854323
316604854541 823765
316704810668 829502
316804851255 841674
316904823145 850044
317004812973 843345
317104815448 822336
317204826021 833775
317304845992 841894
317404840518 857729
317504856890 851914
317604839256 850546
317704834107 846385
317804823256 842448
317904825443 831048
318004824647 862115
318104851438 964297
318205108707 832989
318304831623 837817
318404831842 831402
318504836459 825360
318605104818 844571
318704867555 844552
318804848180 846974
318904886982 844592
319004850066 845965
319104849552 824097
319205089168 854978
319304843067 838358
319404848173 840767
319504890448 858781
319604864277 835748
319704863423 865001
319804852101 849964
319904846770 848360
320004879480 861700
320104875399 837148
320204865204 841051
320304897442 845652
320404883787 831405
320504871112 862068
320604875641 851690
320704872446 841819
320804880625 809976
320904875264 803855
321005125367 830323
321104873122 830113
321204872735 848902
321304864174 854728
321404881077 844641
321504893999 841155
321604897378 831594
321704885013 857841
321804926944 813346
321905144577 823469
322004914750 852427
322105162715 841047
322205136206 870571
322304896787 860576
322404897256 862780
322504903379 854936
322604931017 819481
322704909803 862780
322805175306 853497
322904934300 868959
323004920057 817794
323104912429 771207
323204906158 852113
323304941824 862004
323405029998 862164
323504921819 786842
323604909958 796978
323705076926 858208
323804914031 850632
323904921369 834049
324004954178 843827
324104954269 833102
324204931827 849563
324305187867 859969
324404959913 839935
324504965202 844641
324604937492 848474
324704924628 863178
324804921138 866752
324904949206 839440
325004929853 870374
325104941566 852912
325204953611 838948
325304936285 837199
325404941999 865016
325504956215 841408
325604953346 849260
325704947172 847170
325804930544 866025
325904944224 861486
326004952524 852041
326105207708 839654
326204955495 810783
326304958527 841556
326404987687 849752
326505074843 863046
326605224809 863353
326704974934 853798
326804961756 879770
326904942433 875236
327004980256 850496
327104954615 865922
327204963383 879573
327304982932 860521
327404984422 987648
327504967216 848399
327604990919 851750
327704987200 853910
327805230972 868271
327905009837 854506
328005245079 846576
328104991443 853758
328204915455 870065
328305002111 847351
328405003768 801059
328505254141 726645
328605001869 854302
328705022137 845953
328805018058 852181
328905077720 848780
329005020336 874639
329104990016 820884
329205003628 862754
329304979469 879834
329404993219 842766
329505026447 841025
329604996844 844958
329705270897 878061
329805016080 874215
329905416323 860697
330005018852 857121
330105032548 856315
330205014003 857703
330305019692 848902
330405031844 856257
330505019487 852565
330605015619 857678
330705100161 865254
330805454449 837981
330905020915 861767
331005040564 876685
331105029563 843057
331205040603 865955
331305020258 849874
331405032559 866230
331505052081 865712
331605040648 857463
331705038049 854282
331805047066 859395
331905033234 858189
332005187857 860309
332105055912 878812
332205047954 844778
332305048485 862469
332405077886 847764
332505049968 851572
332605129905 869842
332705056526 866714
332805067543 856720
332905033786 854695
333005076519 849375
333105063785 857887
333205058564 863830
333305086039 843385
333405074979 865961
333505089317 839971
333605101139 849917
333705063761 841345
333805308460 856471
333905062257 850245
334005066695 848709
334105064744 863354
334205081780 863507
334305074297 862238
334405331812 858449
334505075832 863575
334605080622 845955
334705100019 861544
334805063263 849095
334905097275 862459
335005086310 868537
335105087153 855414
335205106425 853949
335305110146 867858
335405111611 860101
335505154456 862788
335605090252 832594
335705093074 853671
335805355649 868294
335905113641 864442
336005110158 863273
336105123916 847607
336205103536 868044
336305295378 854323
336405118491 872893
336505367624 861687
336605131722 977071
336705115867 862567
336805110500 864190
336905203234 825556
337005134577 848447
337105316782 845321
337205106310 855362
337305146387 861902
337405136759 857478
337505123472 868515
337605117737 856689
337705160684 868837
337805139804 848596
337905203715 844967
338005397582 858401
338105130582 846877
338205144022 840311
338305127142 851327
338405133500 852296
338505279619 857458
338605133055 843540
338705414007 857613
338805151307 841439
338905156029 844866
339005169719 855627
339105211785 847767
339205152412 780731
339305163211 800978
339405164072 822113
339505183894 804419
339605191762 814037
339705152740 841874
339805172373 816665
339905181296 831492
340005174386 800701
340105184053 820703
340205159066 833730
340305333806 845960
340405421597 861451
340505177684 848481
340605396064 826508
340705176946 880593
340805179553 862295
340905188904 835478
341005209462 820683
341105184935 816971
341205165077 819013
341305190905 856158
341405176400 864956
341505173391 869382
341605177287 874497
341705191809 868642
341805208280 877449
341905205734 854476
342005216403 872451
342105182654 859073
342205191395 872353
342305201294 858138
342405195027 859953
342505192775 858370
342605186560 797153
342705198276 838737
342805205771 861629
342905360337 850107
343005236339 771728
343105261618 793850
343205212792 802082
343305205208 811604
343405212946 797087
343505225638 797246
343605475143 823442
343705210675 791321
343805207926 820783
343905311146 814030
344005215269 829517
344105259342 801589
344205242141 787115
344305210639 810101
344405398470 808224
344505490450 798706
344605234696 807263
344705332322 844067
344805489503 804883
344905232363 803534
345005235089 821330
345105257794 828473
345205255855 822406
345305241759 825493
345405248684 818204
345505254461 851921
345605257711 827452
345705244899 790007
345805270161 844381
345905261477 828400
346005252431 980631
346105268151 884815
346205254880 868875
346305282558 874525
346405251829 889590
346505298731 887244
346605368277 872216
346705292856 849895
346805283577 798628
346905259121 803549
347005256990 812051
347105276980 819193
347205285705 821759
347305286285 820717
347405529882 855694
347505499960 829607
347605279946 829387
347705730300 870181
347805296188 860625
347905294890 877299
348005309213 841335
348105281043 861021
348205284428 863664
348305300286 882887
348405282097 869448
348505304027 878806
348605294014 868089
348705321089 867177
348805300081 838763
348905299521 854373
349005302234 864167
349105307010 857825
349205350837 837368
349305301081 860158
349405334084 865601
349505562371 796690
349605330289 797846
349705575059 796604
349805356933 779787
349905328639 793016
350005557278 819174
350105319125 815442
350205325264 767910
350305408392 792212
350405334496 810810
350505313631 818872
350605317557 797039
350705310221 801091
350805345966 797424
350905333442 816564
351005340408 808957
351105335916 824455
351205339734 828520
351305348798 803611
351405328108 804930
351505333628 820984
351605422050 807882
351705373706 815703
351805332282 803409
351905368196 817734
352005337157 813238
352105336602 818366
352205384720 794140
352305347836 812287
352405353658 817598
352505361033 838169
352605359311 827757
352705361490 796233
352805381395 842359
352905371588 847527
353005499250 852754
353105361459 884813
353205377645 869538
353305365618 861708
353405367484 872494
353505384523 809514
353605391997 852466
353705412831 866743
353805350320 890309
353905409208 878279
354005370110 876461
354105386659 877607
354205365838 877828
354305390662 878461
354405376316 888351
354505403360 901588
354605385437 900577
354705356883 885676
354805394566 880192
354905472962 867166
355005388993 887651
355105386204 880798
355205431623 890035
355305407427 880863
355405397278 1013414
355505400041 852638
355605410382 861193
355705424745 875089
355805394370 873598
355905391955 860140
356005400369 863882
356105411989 874360
356205401412 868559
356305439848 877767
356405671743 856935
356505444766 845852
356605673543 802394
356705404108 822080
356805431758 871441
356905424626 854865
357005454753 873583
357105636076 883203
357205435253 841238
357305463110 868013
357405688786 852361
357505695681 845536
357605432910 857257
357705414145 838402
357805454457 845600
357905516329 829334
358005758885 845195
358105438472 808291
358205434593 793272
358305540575 846343
358405462571 849477
358505454831 839856
358605467963 838288
358705665567 813345
358805428558 818290
358905446343 821032
359005443108 819138
359105449704 826293
359205475960 823985
359305462046 829813
359405448889 816429
359505487779 842415
359605481422 864451
359705472121 865060
359805448981 846199
359905469550 884795
360005527060 860954
360105457276 884688
360205718236 856384
360305464453 844863
360405498861 844997
360505487687 814797
360605459282 818963
360705473212 834148
360805460762 811026
360905739979 807558
361005739337 776858
361105486659 809099
361205468133 802018
361305529352 789594
361405477410 828487
361505522112 827556
361605479323 825556
361705501378 826289
361805520135 805678
361905585030 824164
362005552906 813511
362105773171 812701
362205492196 847840
362305486911 834416
362405515156 846137
362505493959 840020
362605504765 802912
362705494896 852802
362805505430 835617
362905498898 845074
363005775764 838943
363105514355 842474
363205544482 835802
363305507961 843791
363405529659 837158
363505578761 795083
363605540541 775554
363705506286 694694
363805533067 848831
363905958967 839199
364005738357 836070
364105526267 862810
364205550259 804226
364305543949 859912
364405528320 874261
364505560687 858939
364605552526 862787
364705537906 852968
364805554437 983688
364905521336 847559
365005535573 844251
365105538172 860052
365205537349 830838
365305639100 857144
365405547256 856217
365505536194 860788
365605577796 830327
365705565169 829747
365805562548 750316
365905563013 749798
366005583519 831810
366105541581 822065
366205568385 823882
366305599354 854325
366405810963 827085
366505558115 818292
366605555569 875946
366705569667 852807
366805571527 847112
366905581971 824004
367005572194 831640
367105572032 848358
367205585309 853856
367305577764 821194
367405615503 745261
367505591884 844836
367605578407 835821
367705551184 839134
367805600870 863620
367905574963 812500
368005570013 841482
368105613781 881439
368205592143 872065
368305799915 838043
368405599876 840685
368505629270 843997
368605593715 875680
368705587931 864825
368805609872 846859
368905594327 860357
369005596582 843530
369105592914 848231
369205661502 867090
369305598817 789053
369405613726 845600
369505627654 831832
369605628711 844177
369705597677 873587
369805635415 865205
369905627821 859118
370005656737 764663
370105605506 845725
370205660136 848651
370305635557 804585
370405599719 845073
370505615703 843321
370605627064 873470
370705601626 866704
370805657729 799787
370905609329 838909
371005631696 876777
371105622313 861062
371205660311 868704
371305644306 840656
371405639360 710128
371505644240 700023
371605649784 692246
371705858735 2937743
371805824024 26100
371905814706 29416
372005820615 31368
372105833291 33411
372205825397 34332
372305834858 35753
372405830572 35296
372505845086 35926
372605830922 37426
372705836294 37191
372805847868 36553
372905842503 38999
373005847936 40951
373105848638 39032
373205848782 39174
373305845148 39033
373405858196 39756
373505855046 39219
373605858750 39866
373705857087 39313
373805846156 38863
373905865218 39190
374005858324 38704
374105863577 39390
374205854859 39278
374305871679 39262
374405869558 39139
374505870559 39657
374605871666 39060
374705872849 39530
374805870328 39355
374905874291 39361
375005876475 39103
375105878683 39698
375205879122 39153
375305879943 38909
375405885691 39102
375505877933 39677
375605887846 39613
375705878690 39650
375805891412 39513
375905883723 38703
376005884282 39303
376105884976 38867
376205895537 39913
376305879863 39810
376405889911 38546
376505899588 39468
376605896345 39095
376705905916 39168
376805895969 40357
376905897012 39183
377005905976 39726
377105904048 39897
377205907862 39808
377305903444 39523
377405906359 39930
377505920010 40140
377605890506 38621
377705905618 39961
377805920030 39404
377905916003 39298
378005920404 39611
378105917087 41976
378205924493 41396
378305928023 40595
378406133370 41635
378505926168 41642
378605933462 40262
378705930531 40875
378805932608 39689
378905935847 39590
379005932022 39470
379105925146 41381
379205939458 39175
379305936785 39922
379405936296 39068
379505943833 39113
379605934822 39803
379705945124 39589
379805951860 39799
379905930601 39375
380005956957 39366
380105950508 39087
380205954932 38925
380305954851 39808
380405910893 59027
380505893147 48149
380605931710 62025
380705938514 43643
380805940656 54906
380905959680 50059
381005888163 30587
381105894876 30610
381205983867 30668
381305958662 31335
381405931881 31530
381505986840 32437
381605898296 33107
381705986206 33413
381805977354 33349
381905981757 33901
382005971086 34599
382105984865 34827
382205996806 34842
382306087570 35455
382405995177 34809
382505998953 34442
382605988303 34731
382706059390 34118
382805997034 34569
382906005442 35061
383006004459 35722
383105998700 33858
383206006626 35234
383306004834 34816
383405999524 34803
383506010526 34407
383606012408 35135
383706016765 34677
383806015298 35854
383906004529 35230
384006013167 36016
384106016422 34183
384206070763 34814
384306015390 35018
384406010246 35717
384506003876 34158
384606044912 33996
384706016367 33713
384806041027 32507
384906036403 33514
385006023691 35011
385106047502 31214
385206039106 31951
385306031537 33486
385406022946 33029
385506045694 34020
385606037127 34665
385706060344 33253
385806037637 34958
385906040013 33986
386006049286 34149
386106053187 34846
386206043826 35096
386306073349 31924
386406075446 30063
386506077850 27322
386606066327 32407
386706055267 32047
386806058205 33470
386906072886 33488
387006057598 33416
387106065168 33476
387206070961 34706
387306064703 32341
387406100578 31967
387506080356 31119
387606080025 31699
387706091030 32646
387806076293 30868
387906085148 32978
388006081171 32039
388106083079 32645
388206142274 32923
388306077148 31882
388406088531 31966
388506076352 31291
388606078792 35376
388706093496 31679
388806089257 30768
388906285209 29466
389006099423 32020
389106093922 31326
389206105399 33255
389306103071 33327
389406119361 32956
389506108826 31287
389606093362 32174
389706104355 33717
389806108376 33062
389906100594 33936
390006104255 33462
390106118336 34641
390206107507 35390
390306112818 33279
390406119969 36191
390506132640 35103
390606128314 34043
390706117624 34891
390806141889 33567
390906136421 32679
391006124956 33780
391106113339 35366
391206120376 36452
391306121243 36625
391406122646 36325
391506125573 37979
391606121675 38261
391706127510 38397
391806136892 39212
391906130015 38605
392006139080 38579
392106122016 39116
392206137864 38767
392306317114 39408
392406140468 38357
392506133074 39404
392606140410 39075
392706147784 39360
392806147563 39509
392906141066 39625
393006149866 39264
393106142160 39565
393206143520 38620
393306158283 39228
393406146298 39275
393506156016 38811
393606152759 38669
393706161105 39378
393806163135 39260
393906158736 38846
394006157269 38808
394106167228 38313
394206168839 38136
394306170956 38535
394406175886 38511
394506167509 39321
394606174907 38935
394706164925 39054
394806178851 38366
394906175115 37154
395006188347 38601
395106178495 38179
395206183596 38493
395306182733 39003
395405892360 303180
395506635210 2398047
395606633276 48750
395706639752 48773
395806624177 48780
395906622351 48757
396006618183 48803
396106623323 48772
396206617908 48787
396306627889 48784
396406652280 48773
396506639228 48740
396606640597 48753
396706631997 48774
396806632761 48752
396906633958 48782
397006642466 48761
397106634068 48775
397206634647 48770
397306639033 48781
397406636327 48784
397506638324 48809
397606669923 48773
397706654551 48792
397806649340 48785
397906642399 48778
398006647152 48771
398106639108 48750
398206650193 48795
398306652096 48796
398406681030 48772
398506680348 48785
398606651784 48775
398706652235 48794
398806652377 48778
398906658019 48759
399006852006 49006
399106657041 48592
399206660436 48803
399306664896 48790
399406659481 48798
399506693267 48775
399606672701 48766
399706698687 48764
399806685398 48784
399906682690 48795
400006688880 48785
400106700724 48825
400206688626 48752
400306684807 48786
400406717237 48771
400506684691 48750
400606684589 48818
400707074820 49000
400806681363 48580
400871313083 974906
