100297240 1177176
200575867 1290452
300189552 1338867
400358288 1443123
500399047 1489987
600584157 1533756
700694430 1579137
800494232 1725421
900839545 1751952
1000524958 1781816
1100765373 1805925
1200231436 1827416
1300756275 1867929
1400416930 1909381
1500620204 1923786
1600362742 1934927
1700781675 1943869
1800599878 1954930
1900773874 2134465
2000776218 2168132
2100552347 2196027
2200593776 2231597
2300610024 2431188
2400744126 2465380
2500786137 2492962
2600786628 2515878
2700749578 2552901
2800808306 2575226
2900793001 2590042
3000717759 2631571
3100416061 2668627
3200415798 2687940
3300789707 2709706
3400763527 2733717
3500810317 2752313
3600770434 2768424
3700807730 2780576
3800808575 2787771
3900808480 2795254
4000832105 2803387
4100808338 2812670
4200809059 2824859
4300813204 2856056
4400597681 2927648
4500242536 3910984
4600206128 5287968
4700195770 6333259
4800235849 8789996
4900231537 13679962
5000283454 14955124
5100206795 15872908
5200178826 16743249
5300259804 19843173
5400261907 20316340
5500333333 20761924
5600315514 21269099
5700294689 21710786
5800265056 22702746
5900270559 22963190
6000264041 23226213
6100245421 23482167
6200282384 23743798
6300372368 27393107
6400238128 29112485
6500263716 30152763
6600260754 31179476
6700231407 32403540
6800207099 36143729
6900290722 36976251
7000282110 37208105
7100312043 37441752
7200352964 37674052
7300273879 39645092
7400324970 40917379
7500285626 41421196
7600364148 41654932
7700291095 41883612
7800305084 42112097
7900363492 43307745
8000289393 45033242
8100306674 46474767
8200231240 47629459
8300280947 48605568
8400242153 49943816
8500239635 53177721
8600322844 54800187
8700315428 55026411
8800289726 55362856
8900282447 55593326
9000295206 56054465
9100341781 57207693
9200279994 58264392
9300272982 59000744
9400267807 59797237
9500290743 60432902
9600269504 61407590
9700291178 62135186
9800306269 62894313
9900286950 63393406
10000281616 64274552
10100302471 64964308
10200309141 65875623
10300283636 66686423
10400274152 67595365
10500290056 68281095
10600305622 68980683
10700308846 69815110
10800302468 70504811
10900282377 71315156
11000297767 72235294
11100323983 73129341
11200302260 73858562
11300357195 74496516
11400294266 75013743
11500302923 75662447
11600338667 76384658
11700320923 76950460
11800317039 77673567
11900317744 78285094
12000342370 78886466
12100316243 79503070
12200300578 80292302
12300310358 80881224
12400297360 81408777
12500242900 82047224
12600330389 82466903
12700318282 83184603
12800334976 83673761
12900338483 84218268
13000328956 84837025
13100338169 85975162
13200342511 86420241
13300342345 87036618
13400325667 87594244
13500343360 88185616
13600375417 88953008
13700323762 89711236
13800328265 90528419
13900348767 91319023
14000363013 92007887
14100360602 92630313
14200353568 93268834
14300349651 94023418
14400354488 94876863
14500337762 95466526
14600345476 96216998
14700365519 97082330
14800369919 97857765
14900364756 98600902
15000346830 99277477
15100412793 99993110
15200366940 100658322
15300372080 101210134
15400360960 101788984
15500376450 102288152
15600359231 102904331
15700419774 103553554
15800369586 104101241
15900380656 104669891
16000386348 105103286
16100401966 105767005
16200409931 106383643
16300377299 107289814
16400434340 108078629
16500375274 108806776
16600382682 109374095
16700366003 110158240
16800381921 111314343
16900391620 112084062
17000395275 113009064
17100378868 113748034
17200391334 114369317
17300402677 114943292
17400384440 115665381
17500388703 116447943
17600407447 116955042
17700398423 117679849
17800401924 118365489
17900407659 118970189
18000414235 119618021
18100392933 120154015
18200414747 120767333
18300408569 121393432
18400416879 122230784
18500418716 123068216
18600419548 123642206
18700424783 124280611
18800402000 124890613
18900418387 125362612
19000427350 125972435
19100414875 126677755
19200444556 127360360
19300412095 128023896
19400425762 128919993
19500430206 129712694
19600424028 130430642
19700440103 130968187
19800424897 131616059
19900433604 132266571
20000434288 132999375
20100436747 133590501
20200427870 134471701
20300438359 135247197
20400428789 136088793
20500443754 136935680
20600462412 137637135
20700454850 138295344
20800432393 138835968
20900444976 139439370
21000458362 139934736
21100458116 140856560
21200485633 141427826
21300457011 142016205
21400451668 142586450
21500460915 143141471
21600461962 143935366
21700461165 144660989
21800463759 145332210
21900478844 145982746
22000477658 146614347
22100457970 147185168
22200470883 147820957
22300455331 148530545
22400485203 149230313
22500500881 149884979
22600462422 150484681
22700482081 151239532
22800484790 151893805
22900475529 152507491
23000465155 153045389
23100480358 153856450
23200474072 154444943
23300482302 154971226
23400503222 155554360
23500480756 156029388
23600477389 156785876
23700488267 157534961
23800485207 158138112
23900480723 158973099
24000489019 159676681
24100497165 160186499
24200483201 160724412
24300450916 161617910
24400483267 162184572
24500508786 162986590
24600491218 163549200
24700508636 164076773
24800512833 164866378
24900508071 165635495
25000515429 166337198
25100509944 166875378
25200508473 167597344
25300522820 168073543
25400527784 168502791
25500511216 168993322
25600526447 169535413
25700525021 170024713
25800525581 170773719
25900558996 171309826
26000524961 171789094
26100531320 172500288
26200519297 173229110
26300525901 173834917
26400535691 174527396
26500530830 174991912
26600530327 175970459
26700539297 176581226
26800535894 177159840
26900525369 177875671
27000558634 178518650
27100544250 179209986
27200539110 180027445
27300538411 180842091
27400638238 181512963
27500542687 182268239
27600536714 182916659
27700541218 183796216
27800543009 184505530
27900548806 185073978
28000552267 185812701
28100562996 186730442
28200575228 187336966
28300552565 188060782
28400571360 188721326
28500550926 189191548
28600537096 190003146
28700575839 190647192
28800573947 191165896
28900584739 191825209
29000582290 192616546
29100573169 193196423
29200566466 193896803
29300603719 194710104
29400585787 195558324
29500582413 196109122
29600585060 196700690
29700572408 197200987
29800582727 197764519
29900590137 198264624
30000578083 198902581
30100585651 199484049
30200581857 199992841
30300563311 200883338
30400578012 201763188
30500592142 202585149
30600585169 203286700
30700605832 203813932
30800599343 204457074
30900593462 205047326
31000615201 205780586
31100588775 206479842
31200607745 207336694
31300609089 208100036
31400608170 208584179
31500610917 209246414
31600619544 209942028
31700600530 210662450
31800612842 211461391
31900616588 212209703
32000606518 213044207
32100616348 213658563
32200621927 214376410
32300614805 215031198
32400634915 215677215
32500609949 216859951
32600634776 217559890
32700614603 218141744
32800612297 218962826
32900619967 219573731
33000594002 220214589
33100633146 220888616
33200640849 221565002
33300632479 222272728
33400634716 223048562
33500641037 223480557
33600637519 224134639
33700642826 224886497
33800638705 225690811
33900628287 226113674
34000698974 226697776
34100630669 227592585
34200649796 228404821
34300669564 229254735
34400670825 229937891
34500662723 230665552
34600654823 231195194
34700649573 231974226
34800663430 232679192
34900659786 233254094
35000651248 234060154
35100663877 234606518
35200658452 235453683
35300665156 235998988
35400665711 236716070
35500674499 237485205
35600649092 238190604
35700674502 238715298
35800651895 239472964
35900656914 240515519
36000680128 241487490
36100739303 242104110
36200679527 242793120
36300651444 243458104
36400665470 244135202
36500675882 244995692
36600657964 245786682
36700678539 246406448
36800679297 247254134
36900699226 247701663
37000669866 248274670
37100701419 248860522
37200686734 249432453
37300711166 249996131
37400685406 250840605
37500709777 251461578
37600690482 252272780
37700700992 252920462
37800692291 253684876
37900754095 254372253
38000707216 254943796
38100709689 255523175
38200697462 256151570
38300700483 256677065
38400702626 257364579
38500694966 257958384
38600692316 258681010
38700683773 259384321
38800720488 260575666
38900730317 261489579
39000719841 261993557
39100701143 262573830
39200742390 263134424
39300720684 263776794
39400783922 264245479
39500735559 264882485
39600698512 265524410
39700720658 265964473
39800695950 266552744
39900706731 267189659
40000718940 268029512
40100740851 268654913
40200736114 269319732
40300740133 269918946
40400751380 270540438
40500739456 271019519
40600716158 271788418
40700662305 272702070
40800797638 273631759
40900748594 274241902
41000735852 274842649
41100748959 275463945
41200724969 275938918
41300743305 276664591
41400756365 277376215
41500765210 278112236
41600761003 279033651
41700762686 279764979
41800762477 280480351
41900761143 280978900
42000760924 281570832
42100780973 282247696
42200759363 282814957
42300756559 283426355
42400803756 284178347
42500783723 285033044
42600757539 285487060
42700768496 286030070
42800771244 286636286
42900786326 287360538
43000772554 288072673
43100790735 288623058
43200769569 289206466
43300772335 289820666
43400769452 290634320
43500800255 291390483
43600782879 291936139
43700790188 292725981
43800784532 293356086
43900794996 294261242
44000790350 294733197
44100804044 295444326
44200807710 296158062
44300780840 296792926
44400796495 297392159
44500800105 298087775
44600792723 298900087
44700792375 299677442
44800796654 300420565
44900824338 301044128
45000799097 301546476
45100787433 302431943
45200802830 303049944
45300785073 303606643
45400791578 304654335
45500814027 305332314
45600795109 306109228
45700829525 306785415
45800823182 307331572
45900823285 308161097
46000823632 308625649
46100836070 309235099
46200829947 309874040
46300849563 310429230
46400818130 311098622
46500850517 311662638
46600839575 312320516
46700851532 312786148
46800834997 313402000
46900840825 313969994
47000836347 314650348
47100842262 315117298
47200847340 315559472
47300841119 316372443
47400835248 317060778
47500857968 317701526
47600846284 318347649
47700851604 319019939
47800838827 319458424
47900762377 319974758
48000855569 320683146
48100859377 321292652
48200835040 321961478
48300865813 322807346
48400839594 323356455
48500840995 324051644
48600858478 324956365
48700849208 325646125
48800916035 326548443
48900872783 327430553
49000866736 328013834
49100870819 328917600
49200865769 329434477
49300872410 330067279
49400788915 330919803
49500876585 331862052
49600877112 332625046
49700875533 333229505
49800875700 333766388
49900869362 334676699
50000879591 335427042
50100883930 335850655
50200910993 336732789
50300918819 337477489
50400889886 338371514
50500890822 338949851
50600903284 339566066
50700890813 340098103
50800811521 341476161
50900821850 346692814
51000819833 351914695
51100820831 357307846
51200820331 362613071
51300846352 368098949
51400824555 373192378
51500828505 378379975
51600834240 384196648
51700836806 389588311
51800832585 394996066
51900781141 400115817
52000833552 405298183
52100834070 410801574
52200840497 415802821
52300787620 420965601
52400840701 426807340
52500842732 431919069
52600846598 437217055
52700847207 442500306
52800847770 447587344
52900846200 452782727
53000844661 457987816
53100852532 462971033
53200854458 468184210
53300854446 473590429
53400852445 478674086
53500858564 483964896
53600860114 490075432
53700807318 495569865
53800861401 500777880
53900864476 505991777
54000812191 511281396
54100866169 516786852
54200867279 522392701
54300870258 527467942
54400817561 532243653
54500875981 537556131
54600872765 542555024
54700875140 547549553
54800883470 553056516
54900825525 558142952
55000887241 563362208
55100881979 568342312
55200885115 573743104
55300885251 578819021
55400889345 584307516
55500886996 589510987
55600886863 594396976
55700837647 599637834
55800889595 605001624
55900894096 610604422
56000841811 615624116
56100898335 620873008
56200897341 625860363
56300902127 630955732
56400899550 636159593
56500905823 641260075
56600902684 646465201
56700906773 651679259
56800883080 656683101
56900904525 661881483
57000910032 667296050
57100907784 672374487
57200915286 677161814
57300910833 682060986
57400912636 687257296
57500918440 692650228
57600920621 697844670
57700913826 703030413
57800921146 708333975
57900921578 713520057
58000922134 718425472
58100923984 723515722
58200923941 728814207
58300924499 733917285
58400929158 739120029
58500927525 744614870
58600934657 750001015
58700931298 754997690
58800937158 759864438
58900938830 764947878
59000938915 769930010
59100936092 774910871
59200940778 780083670
59300900346 785364872
59400947209 790657328
59500949483 796145831
59600944905 801234823
59700949278 806417201
59800952496 811629986
59900951173 816708872
60000951648 821797324
60100952535 827290774
60200962807 832687890
60300962723 837979917
60400956362 843142738
60500960805 848328089
60600962438 853908787
60700962842 858979895
60800972116 864035846
60900965317 869300658
61000970722 874574493
61100969678 879951450
61200970858 885034485
61300975497 890320394
61400978092 895508054
61500923134 900385458
61600912952 905598152
61700981349 910919556
61800980654 915992687
61900999050 921275736
62000985607 926744601
62100932267 931534643
62200988203 936423527
62300935819 941898232
62400991859 947188395
62500990532 952571927
62601022355 957554702
62700993368 962536910
62801000152 967630456
62901003041 972297723
63001001993 977570288
63101018873 982339496
63201002512 987918770
63301003795 992898571
63401001386 998664355
63501005681 1003641400
63601011783 1008732414
63701009766 1014718821
63801007561 1019689706
63901014810 1024772196
64001041104 1029739119
64101014675 1035233696
64201018392 1040014453
64301017243 1045087368
64401022180 1050263514
64501026240 1055349488
64601020171 1060212920
64701022846 1065502312
64801024712 1070806361
64901024289 1075985927
65001030575 1080859705
65101028937 1086142857
65201032743 1091124235
65301032173 1096409867
65400989516 1101456024
65501035002 1107158295
65601044784 1112351012
65701038175 1117341645
65801037571 1122907083
65901041488 1128488048
66001041414 1133677764
66101041610 1138654459
66201046615 1144156428
66301046845 1149121064
66401053575 1154597186
66500997893 1159782179
66601053450 1164764807
66701001722 1170143336
66801055321 1174790700
66901059565 1179658239
67001021466 1184867614
67101046552 1189964751
67201063315 1195138083
67301009608 1200381060
67401064019 1205821279
67501071643 1211004193
67601071673 1216359170
67701015630 1221553736
67801067638 1226677291
67901072071 1231838939
68001074125 1237192988
68101073603 1242347841
68201075418 1247505527
68301082398 1252980528
68401080423 1258435775
68501079381 1263898040
68601038881 1269155151
68701081684 1274436350
68801090586 1279394589
68901087369 1284551781
69001089960 1289938933
69101091114 1295002513
69201094603 1300165629
69301095167 1305214028
69401093912 1310673066
69501097036 1315833407
69601098636 1320994624
69701103189 1325867146
69801098975 1331027343
69901108390 1336693832
70001097865 1342358693
70101102988 1348023804
70201101527 1353278068
70301109936 1358431539
70401062976 1363193523
70501105558 1368462365
70601115893 1373529430
70701112925 1378987262
70801111526 1384081451
70901112367 1388842721
71001117562 1394212850
71101117336 1399278380
71201122865 1404137088
71301121289 1409291688
71401112492 1414349710
71501124748 1419496324
71601124228 1424763962
71701128898 1429829032
71801133916 1435094481
71901077455 1440249471
72001127710 1445191103
72101089530 1450346469
72201141069 1455715782
72301136576 1460667788
72401136366 1465530302
72501140881 1471087683
72601143985 1476166471
72701140267 1481338566
72801146247 1486603314
72901146059 1491970539
73001094766 1496893728
73101147182 1502193451
73201152908 1507650121
73301150800 1513011621
73401152008 1518285612
73501159222 1523260286
73601157028 1528322274
73701156658 1533382765
73801106284 1538404346
73901156973 1543293308
74001158263 1548559305
74101160394 1553528406
74201163258 1558595850
74301170109 1563948714
74401166811 1569118258
74501174618 1574273431
74601117475 1579207339
74701180736 1584052739
74801174005 1588916283
74901178188 1594580144
75001176441 1599936209
75101178842 1605099973
75201178588 1610171418
75301187647 1615528556
75401181187 1620895295
75501185420 1626168218
75601187629 1631330749
75701185948 1636790723
75801192998 1641866514
75901193388 1647024829
76001196073 1652198096
76101199931 1657341857
76201194005 1662718780
76301201305 1668284589
76401204608 1673461661
76501198196 1678626672
76601203368 1683680587
76701200701 1688627257
76801208857 1693966296
76901205827 1698805228
77001210915 1703762766
77101204807 1708804658
77201221294 1714141677
77301216809 1718989196
77401208492 1724129577
77501215931 1729587034
77601158723 1734440711
77701325002 1739367266
77801218318 1744208352
77901242434 1749249875
78001207698 1753978975
78101259044 1759127128
78201224934 1764272871
78301173443 1769674895
78401228391 1774836372
78501242211 1780079986
78601237657 1785146614
78701234031 1790279845
78801246475 1794716745
78901559528 1795682807
79001548799 1796093581
79101621962 1796403197
79201643767 1796706013
79301594507 1796974889
79401507976 1797328379
79501580249 1797705107
79601490524 1798097585
79701444887 1798520929
79801488348 1798986019
79901469687 1799438281
80001485559 1799929850
80101754315 1800342212
80201661350 1800597153
80301586452 1800864684
80401538991 1801130339
80501539076 1801491369
80601433412 1801828785
80701484570 1802259509
80801514963 1802772484
80901522194 1803298999
81001481915 1803799812
81101596914 1804291249
81201473464 1804721899
81301517719 1805218791
81401492940 1805745655
81501555512 1806285681
81601550655 1806782789
81701640028 1807256047
81801686528 1807518937
81901682763 1807803353
82001660419 1808083448
82101693788 1808370786
82201515567 1808738970
82301552174 1809185757
82401594709 1809623379
82501610343 1810103406
82601484749 1810659289
82701542417 1810994451
82801649335 1811262699
82901700929 1811507815
83001636792 1811870008
83101595126 1812222129
83201604231 1812635500
83301564525 1813110994
83401626756 1813577733
83501512188 1814074024
83601529474 1814532801
83701580436 1815063484
83801539782 1815561008
83901520728 1816098136
84001733460 1816447417
84101687762 1816745556
84201756871 1816985529
84301767768 1817211440
84401734807 1817459523
84501611425 1817713008
84601646549 1818101285
84701604753 1818448534
84801607649 1818869079
84901603800 1819329807
85001567797 1819789511
85101532215 1820321537
85201602705 1820762399
85301629495 1821296341
85401566184 1821805580
85501577366 1822334426
85601687518 1822769753
85701723721 1823081363
85801772228 1823347989
85901666174 1823587296
86001603650 1823923782
86101623271 1824270403
86201604073 1824678948
86301555475 1825137979
86401603590 1825608445
86501565163 1826080955
86601716877 1826461515
86701763216 1826745444
86801591145 1827045916
86901749837 1827343230
87001710858 1827624859
87101728793 1827994757
87201660904 1828318474
87301647764 1828765530
87401818702 1829093676
87501786163 1829304502
87601693858 1829554505
87701694174 1829911180
87801639077 1830259720
87901663245 1830679541
88001646412 1831162278
88101580977 1831631553
88201576787 1832127068
88301541522 1832677563
88401714456 1833182078
88501610425 1833670598
88601664761 1834151036
88701602041 1834636753
88801881462 1835069999
88901845000 1835293729
89001772817 1835528599
89101734501 1835787070
89201673270 1836155143
89301707821 1836520795
89401616989 1836999165
89501890759 1837433413
89601816244 1837649292
89701749374 1837898039
89801771090 1838175191
89901776431 1838443739
90001691387 1838812225
90101608786 1839259238
90201619858 1839702845
90301605085 1840251490
90401640247 1840818239
90501659435 1841330702
90601708539 1841879074
90701661348 1842407473
90801712018 1842851775
90901893391 1843165347
91001951300 1843435854
91101786923 1843672449
91201717688 1844030516
91301663742 1844374016
91401702829 1844788392
91501726539 1845257965
91601688002 1845724155
91701661935 1846209211
91801650336 1846668463
91901644979 1847201048
92001632916 1847695239
92101666128 1848235503
92201767515 1848720636
92301713565 1849104687
92401658926 1849555775
92501846507 1850007055
92601851812 1850229316
92701785568 1850518979
92801783606 1850786203
92901753684 1851122672
93001586443 1851498755
93101704954 1851984253
93201502812 1852472478
93301608350 1853035891
93401606055 1853547843
93501680206 1854113436
93601912716 1854368663
93701824514 1854607178
93801843123 1854863311
93901832072 1855149063
94001925129 1855388092
94101832342 1855609234
94201806389 1855897291
94301675764 1856249487
94401709535 1856612742
94501715794 1857026895
94601944034 1857397941
94701818029 1857610728
94801829038 1857841910
94901809699 1858220269
95001769577 1858566274
95101930131 1858958183
95201942046 1859196558
95301857586 1859452965
95401775388 1859736141
95501767186 1860065435
95601737072 1860440370
95701759539 1860889437
95801718297 1861381497
95901708887 1861928111
96001716373 1862489134
96101698797 1863006049
96201732592 1863563047
96301813820 1863983847
96401743915 1864430863
96501878082 1864908330
96601888250 1865360687
96701690217 1865774518
96801703931 1866247119
96901789024 1866746888
97002169891 1867033298
97101915578 1867264298
97202073680 1867531626
97301851865 1867786114
97401826120 1868177910
97501819828 1868524475
97601783472 1868945591
97701792993 1869423261
97801770198 1869887194
97901747304 1870413683
98001746967 1870857211
98101857604 1871371725
98201735034 1871902236
98301782163 1872424955
98401825999 1872822892
98501807301 1873270450
98601988751 1873621851
98701925887 1873837400
98801918756 1874071208
98901767176 1874302084
99001799444 1874730525
99101934637 1875044654
99201948808 1875328763
99301883097 1875583950
99402004044 1875937739
99501808829 1876302929
99601868517 1876696607
99701846279 1877101710
99801846681 1877550090
99901966453 1878001327
100001889491 1878215487
100101962726 1878487411
100201969563 1878729835
100301877710 1879081102
100401787619 1879382116
100501832677 1879818920
100601798411 1880287451
100701804125 1880803693
100801787742 1881345169
100901845770 1881878129
101001781721 1882386304
101101874114 1882896035
101201787789 1883329196
101301801679 1883802360
101401863213 1884286827
101501836378 1884706353
101602330461 1885011591
101702040945 1885206782
101801878594 1885484751
101901880456 1885800390
102001909405 1886132227
102101869044 1886580824
102201850069 1887025330
102301849545 1887564482
102401803171 1888086970
102501789144 1888644198
102601864364 1889186855
102701861430 1889726366
102801887735 1890166528
102901973415 1890572810
103001909450 1891043068
103101951667 1891489606
103202121784 1891850766
103301927410 1892091819
103401954394 1892354536
103501879718 1892614435
103601965982 1892962493
103701894397 1893285181
103801869071 1893722786
103901828244 1894235234
104001846538 1894767595
104101822156 1895329743
104202067652 1895692912
104301880262 1895956308
104401979010 1896236289
104501945647 1896499175
104601943302 1896844488
104701872264 1897271622
104801878146 1897679885
104901886049 1898186517
105001861108 1898710804
105101891700 1899229905
105201956375 1899504618
105302004533 1899810220
105401940992 1900077695
105501892839 1900339728
105601925504 1900718713
105701932227 1901154198
105801862142 1901632923
105901837489 1902104621
106001974706 1902654135
106102008128 1903132963
106201857414 1903664945
106301865888 1904195421
106401823659 1904739652
106501938456 1905116685
106601887035 1905574057
106702051472 1905831143
106802036980 1906099753
106902032986 1906378187
107001920077 1906664249
107101957179 1907029530
107201896808 1907506515
107301831158 1907957610
107401885942 1908512312
107501953628 1909063766
107602053064 1909284063
107702083579 1909532545
107802035096 1909764803
107901910316 1910109907
108001896255 1910477645
108101875729 1910955825
108201894193 1911473961
108301900191 1912012916
108401939706 1912520764
108501889202 1913047719
108601941057 1913607929
108701931174 1914037135
108801964141 1914524251
108901919286 1914958274
109001907699 1915419110
109101934476 1915836640
109201920486 1916324643
109302032631 1916794465
109401950500 1917293428
109502153780 1917624239
109602043679 1917897423
109702086508 1918139351
109802100337 1918462056
109902120897 1918706596
110002089533 1919007355
110102085359 1919268531
110202082810 1919533703
110302002485 1919878858
110401983201 1920315187
110501943243 1920700840
110601989453 1921195036
110701921015 1921726692
110801934679 1922217339
110901959633 1922782424
111001954820 1923339755
111102164968 1923616371
111202108985 1923871201
111301963951 1924124898
111402034945 1924467823
111501963559 1924811521
111602042515 1925207588
111701957559 1925707213
111801956091 1926236889
111901948212 1926789362
112001971268 1927309072
112101916080 1927863597
112202051124 1928304050
112302054517 1928749513
112402020205 1929221869
112501772335 1929721927
112602037221 1930107145
112702031087 1930599443
112802000916 1930938608
112902149030 1931182717
113002113521 1931478916
113102097293 1931747134
113202075836 1932090818
113302103793 1932389102
113402107340 1932788914
113502099481 1933103838
113602148186 1933402522
113702135775 1933660410
113802153536 1933990281
113902039655 1934373081
114001988634 1934739368
114102038803 1935153530
114202015802 1935601092
114302049275 1936058264
114401987466 1936513080
114501960171 1937064004
114602274566 1937461459
114702204535 1937679670
114802124574 1937911171
114902289508 1938236950
115001932876 1938578908
115102001985 1938990835
115202216040 1939217264
115302081155 1939450547
115402101204 1939716553
115502081757 1940085653
115602100162 1940452535
115702009399 1940927484
115801980921 1941383502
115901931702 1941947432
116002012058 1942465494
116101967136 1943032070
116202037317 1943558050
116302099332 1943954049
116402220543 1944173485
116502108741 1944612278
116602295461 1944935501
116702232054 1945161749
116802170065 1945406921
116902103555 1945714824
117002052276 1946036746
117102101050 1946423031
117202046850 1946887924
117302015357 1947364596
117402012480 1947914305
117502040805 1948476163
117602137618 1949000443
117702042662 1949556481
117802123846 1949985632
117902239307 1950434689
118002189238 1950907321
118102126304 1951362312
118202070217 1951769546
118302090838 1952242776
118402044344 1952740852
118502164800 1953022385
118602132247 1953323583
118702145912 1953587234
118802161164 1953849735
118902112856 1954207976
119002085955 1954648314
119102038263 1955107445
119202040907 1955575318
119302089779 1956091887
119402059950 1956604169
119502053649 1957131292
119602122674 1957668084
119702128643 1958216202
119802159680 1958622774
119902080559 1959052566
120002140752 1959560683
120102406156 1959897996
120202280359 1960144592
120302300983 1960374362
120402154446 1960703588
120502153555 1961058085
120602092133 1961458307
120702135562 1961870803
120802105874 1962340721
120902131304 1962819691
121002154574 1963311360
121102083950 1963808963
121202282604 1964196137
121302167057 1964435709
121402176127 1964751635
121502234414 1965018427
121602259636 1965285694
121702126796 1965639535
121802149408 1966076943
121902086380 1966513958
122002133345 1966989334
122102099076 1967552542
122202081399 1968009934
122302068623 1968568679
122402134313 1969102256
122502164876 1969645266
122602164490 1970053393
122702170787 1970516147
122802154212 1970929985
122902145709 1971377690
123002111463 1971859201
123102207645 1972346447
123202381206 1972629084
123302324125 1972830838
123402261527 1973115636
123502181279 1973381233
123602176310 1973718011
123702133383 1974095468
123802177402 1974579703
123902064023 1975068056
124002140419 1975632702
124102133190 1976145126
124202122474 1976711241
124302467982 1977175825
124402311727 1977382973
124502230529 1977659726
124602182184 1977975300
124702165858 1978316125
124802151468 1978710770
124902214193 1979168632
125002174533 1979615910
125102203248 1980134895
125202169536 1980656058
125302182128 1981208032
125402169553 1981656241
125502170218 1982160002
125602154589 1982642019
125702253199 1983124849
125802201280 1983520082
125902257638 1983859422
126002442111 1984172570
126102314292 1984425866
126202302017 1984698929
126302277753 1984973058
126402243258 1985392119
126502233458 1985743429
126602201690 1986149957
126702194598 1986621171
126802197078 1987102886
126902289920 1987599876
127002210235 1988058046
127102209921 1988582635
127202191213 1989082961
127302232281 1989612346
127402207259 1990095872
127502184397 1990567772
127602327666 1991072626
127702339982 1991556714
127802414449 1991866504
127902394568 1992107425
128002337801 1992339140
128102404451 1992531502
128202338452 1992815929
128302299363 1993063473
128402320593 1993318999
128502341592 1993676623
128602263248 1994071297
128702216843 1994480130
128802260745 1994974417
128902222730 1995500788
129002196667 1996024559
129102235848 1996563680
129202193876 1997128723
129302256868 1997655265
129402219282 1998100605
129502309334 1998554034
129602211147 1999047774
129702269511 1999409660
129802287466 1999883837
129902344609 2000146047
130002381970 2000407827
130102369398 2000682160
130202443121 2000960165
130302313209 2001327964
130402316210 2001599100
130502319376 2001853941
130602376282 2002102818
130702367178 2002447645
130802178341 2002770335
130902373200 2003182157
131002297824 2003662401
131102249320 2004186755
131202245849 2004736141
131302245237 2005255067
131402259203 2005811110
131502291954 2006257895
131602321302 2006709104
131702348061 2007134733
131802309980 2007453771
131902555038 2007849878
132002474518 2008073483
132102389317 2008305185
132202302402 2008567888
132302351509 2008935721
132402372132 2009302837
132502268940 2009769681
132602248882 2010224171
132702245792 2010786716
132802243205 2011304195
132902260663 2011869880
133002283059 2012398546
133102262969 2012887285
133202340525 2013303494
133302379401 2013740340
133402328716 2014255472
133502352141 2014628712
133602284224 2015092621
133702310372 2015581063
133802352061 2016085237
133902474508 2016384587
134002442615 2016684762
134102401845 2016946440
134202475000 2017211310
134302379511 2017560690
134402363651 2017996681
134502303186 2018432288
134602348215 2018910365
134702291063 2019426889
134802355128 2019928546
134902281063 2020458293
135002355302 2021008951
135102493455 2021337682
135202501755 2021650920
135302457109 2021959993
135402472298 2022205154
135502301215 2022502981
135602408649 2022892902
135702434263 2023232244
135802395789 2023664964
135902338680 2024101569
136002328631 2024556740
136102552773 2024823616
136202526594 2025105854
136302447623 2025348383
136402458701 2025722626
136502425754 2026074493
136602336082 2026484840
136702411580 2026959018
136802451618 2027421557
136902325081 2027922614
137002304560 2028374024
137102308668 2028905268
137202306843 2029407561
137302368433 2029941557
137402450165 2030383614
137502484628 2030797253
137602400759 2031262974
137702460948 2031757987
137802515777 2032260654
137902557644 2032464243
138002517026 2032741765
138102484095 2032988967
138202453308 2033304087
138302468329 2033607527
138402386619 2033989473
138502456520 2034301296
138602587969 2034665927
138702443671 2034961330
138802486458 2035222089
138902429438 2035506504
139002462161 2035918797
139102472945 2036281134
139202442273 2036708531
139302425363 2037154575
139402369427 2037613947
139502407311 2038060097
139602416832 2038600552
139702403695 2039135771
139802390194 2039668767
139902398231 2040228285
140002452185 2040712829
140102626330 2041149291
140202445216 2041457390
140302487686 2041802236
140402447628 2042108091
140502518540 2042361049
140602381719 2042666687
140702463160 2043066528
140802436879 2043428404
140902446416 2043854865
141002458227 2044322148
141102389544 2044783440
141202388890 2045232963
141302418793 2045778007
141402379472 2046313374
141502369832 2046847836
141602351735 2047401436
141702489040 2047875591
141802624816 2048269472
141902622592 2048496702
142002550168 2048731908
142102509192 2049000578
142202458883 2049370312
142302482603 2049736057
142402637471 2050209241
142502626615 2050425534
142602586972 2050653249
142702414201 2050925830
142802459400 2051275364
142902500915 2051637746
143002423516 2052116772
143102388566 2052575148
143202443459 2053138095
143302458733 2053655038
143402418488 2054219459
143502412212 2054704091
143602472471 2055237664
143702486608 2055673914
143802503020 2056104149
143902660655 2056347883
144002584535 2056615839
144102603704 2056893230
144202452713 2057173883
144302735081 2057542136
144402549634 2057756414
144502564816 2058023003
144602740856 2058267426
144702598606 2058509239
144802634278 2058766795
144902512457 2059032973
145002512806 2059353583
145102232307 2059724506
145202461696 2060158705
145302443867 2060618672
145402475581 2061164857
145502422715 2061721245
145602457110 2062252665
145702441541 2062797151
145802581056 2063261424
145902515291 2063699586
146002467384 2064143839
146102575090 2064624856
146202560297 2065022274
146302463539 2065498937
146402518672 2065985650
146502530058 2066492245
146602714676 2066801710
146702661237 2067076390
146802609986 2067316478
146902559338 2067586207
147002567951 2067922075
147102611339 2068239382
147202487582 2068655140
147302520725 2069119817
147402495312 2069613019
147502451051 2070150968
147602454712 2070705324
147702472046 2071222535
147802482185 2071785809
147902470135 2072344924
148002667971 2072810348
148102649912 2073020708
148202553297 2073304655
148302606357 2073569097
148402598081 2073904046
148502482720 2074265991
148602470471 2074755601
148702491694 2075241715
148802500239 2075804655
148902487014 2076317452
149002534004 2076884413
149102612350 2077403010
149202516219 2077936154
149302566581 2078339002
149402540214 2078761279
149502738089 2079206468
149602665884 2079421853
149702744679 2079687034
149802679052 2079931564
149902599613 2080261851
150002623296 2080559477
150102533954 2080966763
150202497325 2081421931
150302535752 2081932752
150402534145 2082479741
150502501328 2083031789
150602519873 2083555209
150702538255 2084118818
150802762835 2084521120
150902683025 2084737371
151002682650 2084980156
151102741737 2085270783
151202687908 2085510486
151302698748 2085800277
151402596455 2086067021
151502596255 2086329914
151602586001 2086708685
151702673845 2087051247
151802933519 2087369498
151902635285 2087629054
152002672825 2087896159
152102580802 2088178244
152202670884 2088608718
152302675537 2088960805
152402655449 2089378640
152502592566 2089842237
152602607283 2090159539
152702761184 2090416373
152802745979 2090664596
152902684037 2091005318
153002636297 2091318274
153102648774 2091734026
153202578629 2092189701
153302594135 2092715286
153402566417 2093266106
153502591548 2093807710
153602673909 2094343157
153702665523 2094875850
153802627647 2095303554
153902675999 2095734261
154002701324 2096228840
154102652647 2096621460
154202604753 2097085350
154302627385 2097577936
154402616622 2098050511
154502882846 2098521485
154602743767 2098758187
154702747689 2099075401
154802796173 2099345076
154902738201 2099611086
155002711537 2099953395
155102676634 2100382679
155202579741 2100805379
155302666328 2101279359
155402809873 2101719090
155502808616 2101935382
155602776756 2102157165
155702723617 2102450554
155802646444 2102800175
155902699143 2103160642
156002643448 2103652922
156102655377 2104135980
156202649733 2104681899
156302588615 2105214069
156402616707 2105778082
156502734955 2106157530
156602894873 2106466755
156702669388 2106719776
156802787434 2106989236
156902671341 2107265457
157002729781 2107695221
157102764705 2107964907
157202809690 2108183172
157302749554 2108473975
157402881952 2108747129
157502810872 2108996239
157602786667 2109219809
157702871010 2109441324
157802695742 2109693855
157902729253 2110032161
158002502750 2110408506
158102654181 2110843801
158202660122 2111303256
158302641718 2111858821
158402722546 2112375545
158502659374 2112939718
158602746196 2113446850
158702837925 2113733561
158802809539 2113994217
158902834698 2114273967
159002788054 2114542731
159102893105 2114870757
159202861684 2115114347
159302866366 2115359537
159402712304 2115617518
159502701378 2115983090
159602727462 2116396421
159702652940 2116864871
159802663579 2117385961
159902691977 2117925396
160002658990 2118447342
160102674813 2118965531
160202679781 2119521282
160302686207 2119948536
160402882242 2120403370
160502678922 2120851041
160602810861 2121257401
160702680776 2121709653
160802938874 2121961586
160902906393 2122216321
161002807242 2122468418
161102819769 2122818328
161202709442 2123135024
161302775733 2123568324
161402687483 2124057063
161502921682 2124318627
161602876762 2124521717
161702780609 2124813003
161802797748 2125141234
161902757469 2125488423
162002735353 2125951969
162102686562 2126421805
162202828745 2126952678
162302694457 2127486254
162402712481 2128046634
162502721443 2128570197
162602777742 2129122147
162702763292 2129527933
162802803917 2129940643
162902730900 2130436004
163003063985 2130801502
163102955534 2131025412
163202834935 2131298705
163302847610 2131648160
163402840434 2131936183
163502760180 2132218166
163602828293 2132594037
163702757692 2132946476
163802761319 2133386080
163902740189 2133896140
164002722777 2134403012
164102939112 2134800002
164202917926 2135046597
164302887084 2135284375
164402916971 2135652595
164502793137 2136001891
164602865839 2136412113
164702780332 2136861930
164802740503 2137327990
164903124619 2137763576
165002956223 2137985075
165102630496 2138212437
165202821172 2138498414
165302841128 2138849934
165402805351 2139210898
165502828034 2139697593
165602766111 2140165037
165702825174 2140724890
165802768532 2141245335
165902752130 2141810296
166002867879 2142333363
166102862635 2142833056
166202852628 2143244669
166302791659 2143676576
166402744424 2144198008
166502875637 2144566276
166602778319 2145038165
166703071351 2145518374
166802944339 2145733401
166902950051 2146037202
167002954661 2146314628
167102944643 2146576014
167202903071 2146905831
167302796620 2147302058
167402840679 2147699118
167502850666 2148223819
167602815962 2148726902
167702833850 2149234193
167802798231 2149787408
167902801179 2150348604
168002890030 2150873266
168102871915 2151321909
168202630722 2151770861
168302900473 2152263176
168402902534 2152630013
168502863799 2153106395
168602827976 2153606789
168703059176 2153948384
168803018779 2154217046
168902982263 2154472808
169002866275 2154790702
169102876679 2155101474
169202887518 2155520058
169302822384 2155953440
169402834865 2156459834
169503053853 2156928364
169602939377 2157189263
169702953249 2157489553
169802915112 2157756063
169902866635 2158046838
170002808545 2158436873
170102836833 2158856904
170202850009 2159322014
170302909052 2159736320
170402994050 2159995273
170503019430 2160297073
170603009624 2160565685
170702867832 2160860239
170802861027 2161252032
170902900734 2161672960
171002887035 2162181999
171102829656 2162679430
171202955791 2163165640
171303099942 2163711147
171403021753 2163921280
171503005280 2164168837
171602939934 2164402554
171702921504 2164760577
171802903633 2165071022
171902912388 2165377890
172003037047 2165683948
172102984026 2165942813
172202842247 2166302381
172302935334 2166658474
172402696469 2167053443
172502850291 2167468280
172602904867 2167938492
172702945576 2168407355
172802873107 2168929368
172902865937 2169477370
173003134875 2170014619
173103060160 2170254392
173203016877 2170512121
173302937628 2170766011
173402974245 2171109962
173502912440 2171435090
173602889391 2171870620
173703110460 2172274046
173802931627 2172530273
173903097975 2172814649
174002999654 2173087296
174102889249 2173431208
174203076698 2173722339
174302973668 2173957509
174402993840 2174255415
174503057169 2174530922
174602968592 2174868685
174702890534 2175281548
174802968758 2175755181
174902830965 2176272533
175002896404 2176841106
175102915977 2177353205
175203149648 2177785398
175303131764 2178031265
175403083110 2178276004
175503077033 2178531393
175603001446 2178894072
175702946786 2179308019
175803181922 2179660623
175903052444 2179894100
176003088387 2180120993
176103042149 2180379450
176203022487 2180740762
176302906489 2181160507
176402920208 2181626644
176502920934 2182145561
176602933148 2182699141
176702916560 2183206943
176802930735 2183730444
176903337832 2184179046
177003113157 2184422780
177103065479 2184660826
177202964166 2185020736
177302964144 2185361250
177403001016 2185773916
177502950316 2186213797
177602931389 2186683442
177702919262 2187159185
177802954668 2187625314
177903083950 2187852966
178003182686 2188126508
178103068043 2188401785
178202953879 2188700063
178303025942 2189059926
178403015112 2189538701
178502945081 2189996227
178602950908 2190555781
178703024682 2191096875
178802982740 2191636982
178903027248 2192156299
179002981685 2192710094
179103028500 2193122708
179203000571 2193318153
179302964069 2193618650
179402965784 2194078574
179502928581 2194469627
179602998838 2194838063
179702949640 2195243131
179802981709 2195676855
179902992532 2196114560
180002938363 2196561437
180103040034 2196933459
180202984406 2197246781
180302992290 2197571394
180402985935 2197953150
180502985640 2198394591
180602980037 2198852512
180702929491 2199413550
180802962077 2200215695
180902905855 2200871697
181002994797 2201451432
181102960062 2202039233
181202959060 2202590713
181303007351 2203219375
181402975239 2203841390
181502998797 2204486482
181602945435 2205096125
181702981529 2205668638
181802999198 2206241036
181903007641 2206816268
182003007265 2207380674
182103064017 2207658810
182203033665 2207962044
182302998866 2208304723
182403058547 2208787065
182502882651 2209367158
182602935505 2210037631
182702946648 2210723750
182802994158 2211371560
182902960518 2212082501
183002963531 2212762640
183103000900 2213456478
183202974669 2214073336
183302909413 2214705731
183403064630 2214908556
183503044609 2215232648
183603040013 2215609254
183702986200 2216096278
183802975352 2216629575
183903013438 2217245260
184002959106 2217935354
184103103700 2218343215
184203065849 2218597513
184303057106 2218914593
184402999974 2219315300
184503071879 2219693971
184603218816 2220122292
184703138079 2220483674
184803076846 2220777710
184903029917 2221174071
185003037816 2221638705
185103074440 2222020691
185203083110 2222295754
185303151564 2222633732
185403055683 2223002148
185503069140 2223455771
185603073541 2223907350
185703064339 2224407334
185803025018 2225008105
185902997534 2225541215
186003079205 2226118234
186103027016 2226718748
186203100931 2227014230
186303127551 2227260807
186403098554 2227553518
186503105643 2227877920
186603117349 2228251642
186703026767 2228666105
186803080814 2229072202
186903097839 2229535675
187003070881 2229956163
187103122312 2230218336
187203091697 2230498916
187303066855 2230852447
187403067170 2231304273
187503120242 2231723173
187603122016 2232150565
187703067231 2232588072
187803109875 2233040879
187903117743 2233484468
188003174331 2233925630
188103148518 2234352116
188203135166 2234777749
188303168721 2235171065
188403223907 2235381857
188503094144 2235692033
188603083755 2236067536
188703112937 2236464445
188803118811 2236873229
188903154242 2237263156
189003121531 2237662114
189103087381 2238023826
189203084832 2238412917
189303091769 2238801198
189403125472 2239146828
189503174690 2239445786
189603155373 2239776390
189703173194 2240127566
189803087777 2240527202
189903085029 2240968227
190003159683 2241426789
190103124669 2241947125
190203058845 2242542663
190303088060 2243103633
190403130690 2243681227
190503134160 2244267376
190603052577 2244820778
190703073579 2245434886
190803076763 2246050173
190903153691 2246686016
191003097273 2247292811
191103095736 2247862445
191203129439 2248439614
191303136984 2249017873
191403197085 2249422915
191503169591 2249742706
191603172425 2250042931
191703209323 2250366658
191803145940 2250713543
191903124162 2251081342
192003174066 2251501401
192103119578 2251975325
192203149163 2252482381
192303126042 2253035558
192403174531 2253565126
192503122041 2254140956
192603117842 2254721429
192703117517 2255241656
192803264798 2255686186
192903228046 2255875897
193003131976 2256188160
193103278787 2256490409
193203208279 2256763405
193303195291 2257087044
193403188221 2257454347
193503212240 2257846976
193603138933 2258310705
193703187575 2258732802
193803191687 2259213200
193903200602 2259623267
194003295958 2260014357
194103220227 2260231391
194203037707 2260458567
194303183637 2260751168
194403190385 2261091043
194503199778 2261501103
194603271947 2261940613
194703227754 2262397250
194803234998 2262644098
194903193865 2262949037
195003182489 2263294174
195103213782 2263689774
195203256099 2264061821
195303189567 2264424574
195403182929 2264833487
195503222226 2265272609
195603214513 2265728382
195703217599 2266169271
195803181515 2266577338
195903252116 2266941716
196003208846 2267337000
196103181734 2267752156
196203298689 2268179622
196303263469 2268411980
196403260221 2268756581
196503385481 2269113562
196603224926 2269548995
196703182270 2269998762
196803215302 2270454307
196903185184 2270950501
197003221418 2271427667
197103192867 2271937416
197203202311 2272427013
197303235577 2272925115
197403209401 2273453202
197503215331 2273925343
197603255064 2274353195
197703191675 2274809513
197803226344 2275251115
197903227548 2275717478
198003216190 2276297043
198103289116 2276748098
198203242101 2277026724
198303238797 2277403322
198403235544 2277764139
198503296658 2278104839
198603266691 2278437725
198703255977 2278824606
198803229270 2279231772
198903292851 2279660028
199003269134 2280128703
199103209271 2280653053
199203254566 2281176280
199303252980 2281695973
199403231872 2282267974
199503264420 2282796597
199603251823 2283329892
199703234872 2283809808
199803261446 2284331816
199903278028 2284910937
200003293492 2285480910
200103318580 2285827509
200203326983 2286104216
200303308719 2286456634
200403277716 2286916265
200503309791 2287369530
200603269958 2287816745
200703252160 2288328189
200803263625 2288767992
200903396862 2289256000
201003306529 2289484983
201103302233 2289799086
201203301376 2290215421
201303250084 2290696784
201403263496 2291109413
201503305867 2291623303
201603281785 2292064888
201703346859 2292563684
201803260183 2292999778
201903307787 2293470773
202003326268 2293946065
202103280675 2294413974
202203321215 2294901271
202303283317 2295360380
202403291560 2295805359
202503280378 2296249141
202603285459 2296783856
202703306330 2297358682
202803306781 2297927230
202903342107 2298325504
203003344007 2298576372
203103319387 2298864717
203203323426 2299236950
203303277855 2299672057
203403329999 2300157305
203503360665 2300601789
203603334756 2301097849
203703337656 2301575072
203803319558 2302086442
203903301574 2302641314
204003403792 2302888787
204103380166 2303107181
204203372266 2303454231
204303310841 2303830104
204403342140 2304369838
204503317582 2304988474
204603296102 2305610031
204703313862 2306221414
204803359996 2306891717
204903369077 2307581537
205003273378 2308262429
205103351476 2308921156
205203379360 2309546030
205303306908 2310133968
205403345785 2310673769
205503320429 2311187600
205603359487 2311541923
205703367485 2311898287
205803415202 2312267203
205903315832 2312690721
206003387558 2313117714
206103364793 2313578786
206203407603 2313836712
206303424282 2314042537
206403495904 2314345457
206503404166 2314698646
206603442403 2315022970
206703432332 2315308162
206803399845 2315619956
206903352969 2316026567
207003401202 2316456787
207103353101 2316898532
207203403110 2317287813
207303339497 2317700012
207403352120 2318122532
207503397220 2318585608
207603414583 2319020536
207703417012 2319460063
207803390178 2319867265
207903440222 2320143646
208003449930 2320399871
208103444502 2320674430
208203429378 2321090688
208303425996 2321552696
208403346121 2322050279
208503360002 2322576243
208603350891 2323155355
208703431221 2323657445
208803425887 2324183163
208903530448 2324719075
209003395156 2325157892
209103360749 2325633846
209203390831 2326048359
209303401055 2326495544
209403399209 2326959380
209503486888 2327368393
209603446793 2327580831
209703443571 2327894957
209803388593 2328255706
209903494341 2328688801
210003416137 2329080235
210103415004 2329513570
210203433782 2329914022
210303404427 2330287741
210403393232 2330666235
210503430707 2331052490
210603481305 2331401506
210703398511 2331768526
210803481306 2332119746
210903443585 2332535871
211003426030 2332982992
211103429365 2333423910
211203402556 2333887301
211303478770 2334325582
211403490576 2334597125
211503450380 2334994278
211603418215 2335387420
211703464067 2335792276
211803407400 2336236899
211903423598 2336683720
212003431883 2337195078
212103413346 2337683119
212203379437 2338197442
212303495401 2338665000
212403503677 2339004741
212503486113 2339309659
212603524466 2339608152
212703498021 2339940449
212803494268 2340346187
212903465971 2340792225
213003455098 2341304635
213103408386 2341843454
213203515042 2342383615
213303566236 2342931102
213403535451 2343135298
213503511385 2343409330
213603488928 2343792338
213703434103 2344156509
213803451145 2344591291
213903503257 2345037621
214003496674 2345488412
214103440255 2345974155
214203523026 2346390101
214303472625 2346781428
214403502286 2347182712
214503494309 2347589340
214603301386 2348005845
214703470835 2348415563
214803484233 2348836255
214903483006 2349289983
215003561231 2349626420
215103483807 2349938559
215203525399 2350327093
215303537469 2350780886
215403507919 2351280830
215503482221 2351755202
215603470349 2352226010
215703534304 2352753181
215803476427 2353228972
215903475804 2353744874
216003450561 2354294492
216103479310 2354834860
216203479491 2355387601
216303478383 2355883259
216403537242 2356340391
216503498008 2356810594
216603579503 2357302336
216703483745 2357549282
216803553676 2357841784
216903544212 2358200487
217003538165 2358644154
217103505017 2359090679
217203495487 2359536426
217303518135 2360057963
217403427370 2360480390
217503547418 2360999337
217603633584 2361353555
217703594601 2361569055
217803568756 2361835603
217903553387 2362169017
218003579762 2362532422
218103574028 2362896341
218203635899 2363251070
218303541165 2363652800
218403513907 2364079737
218503537551 2364523426
218603616990 2364916031
218703715322 2365129297
218803592895 2365395333
218903532199 2365693615
219003588796 2366043893
219103566181 2366386499
219203615734 2366755168
219303533790 2367187123
219403555043 2367626306
219503553080 2368079613
219603591682 2368527395
219703613930 2368925540
219803593095 2369289317
219903597195 2369694128
220003549350 2370104236
220103532736 2370555281
220203601778 2370844856
220303615736 2371109118
220403607331 2371510686
220503564994 2371928233
220603606109 2372249478
220703601318 2372561409
220803607534 2372943947
220903552195 2373394366
221003596631 2373895300
221103551116 2374334585
221203652228 2374696168
221303620879 2374983919
221403594582 2375350351
221503596813 2375678133
221603625284 2376117881
221703623061 2376422916
221803598817 2376710711
221903584536 2377049973
222003583865 2377450351
222103653094 2377906907
222203584641 2378416563
222303553785 2378877934
222403559086 2379385620
222503608116 2379822407
222603608045 2380274597
222703639612 2380681647
222803646254 2381046940
222903622034 2381413525
223003611609 2381843689
223103702266 2382228431
223203655868 2382457154
223303796410 2382691903
223403603403 2383008776
223503618166 2383334929
223603602630 2383706022
223703709636 2384116204
223803631731 2384433323
223903653154 2384739501
224003652672 2385184048
224103596395 2385639431
224203597094 2386124157
224303601791 2386606989
224403597951 2387057480
224503585877 2387568359
224603619941 2388079310
224703585284 2388604191
224803617964 2389156010
224903653602 2389718769
225003619190 2390288225
225103650096 2390817265
225203722966 2391295215
225303679572 2391513331
225403645377 2391818024
225503718295 2392219815
225603700404 2392437868
225703705917 2392698124
225803614278 2392968989
225903655949 2393321125
226003657572 2393683780
226103634784 2394098738
226203643385 2394581350
226303652471 2395034011
226403724211 2395485541
226503686533 2395756864
226603706480 2396086030
226703684517 2396430280
226803671139 2396783668
226903734337 2397147895
227003641467 2397492014
227103645697 2397912449
227203711381 2398357762
227303667334 2398834246
227403719809 2399096169
227503754372 2399396942
227603653946 2399776082
227703701374 2400207401
227803660174 2400624789
227903706125 2401080396
228003703115 2401527252
228103671518 2401958574
228203638688 2402468718
228303678862 2402902449
228403674643 2403403766
228503694574 2403871167
228603693371 2404340797
228703708109 2404780165
228803715262 2405217411
228903694342 2405666445
229003886956 2406174892
229103753217 2406414435
229203711187 2406766787
229303690410 2407173366
229403691650 2407635483
229503677435 2408072805
229603745040 2408560837
229703710468 2409049735
229803671507 2409570792
229903709812 2410099754
230003799429 2410507757
230103756279 2410725357
230203743335 2410974147
230303852892 2411275800
230403712769 2411577702
230503754192 2411916634
230603752955 2412265606
230703770832 2412621819
230803784462 2412894931
230903760291 2413224305
231003692452 2413677007
231103766603 2414165185
231203725156 2414670445
231303699675 2415255263
231403712251 2415802115
231503700577 2416347931
231603738240 2416916219
231703758398 2417431870
231803715373 2418009233
231903787214 2418527330
232003706744 2419087727
232103736576 2419707519
232203792447 2420083309
232303773472 2420416044
232403760710 2420748928
232503792985 2421117235
232603729669 2421559394
232703748350 2422031384
232803755085 2422533200
232903769091 2423048198
233003764999 2423620915
233103786615 2424149539
233203776321 2424669974
233303724112 2425234340
233403711819 2425809491
233503823964 2426357886
233603820984 2426571059
233703835112 2426848041
233803797438 2427191760
233903785360 2427561237
234003735802 2427976832
234103736651 2428409611
234203811148 2428850159
234303759150 2429275750
234403758228 2429739503
234503776829 2430178878
234603811894 2430613269
234703789103 2431050638
234803756006 2431477961
234903784127 2431891748
235003720373 2432340489
235103752774 2432798243
235203700888 2433263855
235303793922 2433839743
235403805243 2434409375
235503874577 2434774357
235603825751 2435064203
235703783307 2435413541
235803646150 2435825534
235903732548 2436233745
236003829977 2436652907
236103836772 2437120721
236203857318 2437529660
236304001494 2437995014
236403855425 2438220034
236503846339 2438538750
236603786321 2438899589
236703819420 2439314766
236803840236 2439759724
236903871802 2440210179
237003884484 2440630684
237103904959 2441107359
237203816568 2441540696
237303834823 2441959460
237403828001 2442330034
237503893365 2442705128
237603856958 2443084720
237703937561 2443473638
237803851414 2443680070
237903845096 2444013608
238003867050 2444397069
238103863447 2444799789
238203837739 2445180572
238303897696 2445541239
238403806597 2445911416
238503890382 2446300554
238603881273 2446610569
238703880707 2446853164
238803888793 2447147123
238903874684 2447561959
239003870286 2447996959
239103798239 2448480280
239203813844 2449029229
239303812649 2449601313
239403845072 2450143825
239503803510 2450714648
239603984033 2451281185
239703849921 2451779079
239803810581 2452276288
239903845422 2452707920
240003867761 2453161751
240103849239 2453628055
240203913224 2453872423
240303905979 2454138017
240403867879 2454493193
240503873098 2454873026
240603857702 2455369462
240703863433 2455818023
240803909152 2456274523
240903910151 2456762432
241003927740 2457014388
241103902510 2457328382
241203855132 2457686844
241303893110 2458133313
241403935902 2458507343
241504027836 2458850469
241603962258 2459090697
241703942876 2459303244
241803914798 2459602175
241903907909 2459923464
242003939443 2460248383
242103919761 2460634616
242203895074 2461070473
242303942837 2461503219
242403757416 2461915344
242503921685 2462328117
242603965061 2462609342
242703939703 2462877039
242803931140 2463197766
242903920026 2463590677
243003920427 2464022661
243103934083 2464497579
243203865173 2465010441
243303906391 2465474081
243403925617 2465916482
243503984187 2466171717
243604025817 2466402903
243703959154 2466688457
243803944729 2467045861
243903929945 2467483077
244003914069 2467980379
244103904900 2468476825
244203953079 2468966357
244303989884 2469497445
244403974494 2469938335
244503888914 2470433557
244603974965 2470860006
244704008979 2471190691
244803952917 2471448807
244903986069 2471783228
245003997594 2472103666
245103986719 2472428059
245203975456 2472770079
245303969830 2473153323
245403919698 2473586565
245503982543 2474035845
245603977230 2474472589
245703981830 2474913376
245804004046 2475328292
245903966245 2475747237
246003974573 2476146257
246103959376 2476553405
246204032722 2476957868
246304010526 2477284093
246404015652 2477611409
246503990083 2477944457
246603997464 2478158896
246703991806 2478433918
246803982061 2478760915
246903990910 2479142364
247003989450 2479514103
247104147341 2479950144
247204001647 2480357605
247303967964 2480830813
247404024924 2481302520
247504006799 2481775073
247604008321 2482266402
247703994881 2482718399
247804009174 2483038256
247904019493 2483329558
248003986522 2483666579
248104027423 2484012240
248204021213 2484397967
248303994110 2484779171
248403915513 2485239928
248504047115 2485755229
248603956427 2486294265
248704004653 2486859183
248804024425 2487430173
248903927737 2488054043
249003964896 2488614853
249104002973 2489149331
249203986252 2489638789
249304014196 2490124974
249403976202 2490625446
249503997480 2491198324
249604064561 2491663983
249704057621 2491873573
249804062542 2492196580
249904087318 2492562653
250003988366 2492942639
250104009347 2493391937
250204020337 2493820537
250304031899 2494319146
250404061908 2494751381
250504047696 2495113962
250604039922 2495497336
250704060463 2495867507
250804066524 2496214568
250904004111 2496583281
251004036628 2496995276
251104025596 2497409686
251204092414 2497829157
251304094813 2498032758
251404076692 2498311258
251504033978 2498690556
251604035793 2499062357
251704033076 2499470415
251804077337 2499890369
251904025371 2500331104
252004057705 2500776559
252104088557 2501194938
252204028167 2501631842
252304075334 2502041162
252404049563 2502471984
252504105176 2502795834
252604077559 2503033259
252704074653 2503371453
252804032402 2503782625
252904087109 2504172283
253004149296 2504536435
253104100316 2504909589
253204092519 2505310342
253303905108 2505729694
253404066281 2506160090
253504102821 2506549695
253604090321 2506915098
253703937497 2507283861
253804094217 2507677781
253904084499 2508107311
254004063176 2508564031
254104087241 2509020914
254204052853 2509535680
254304081064 2510106877
254404138968 2510400343
254504064579 2510719016
254604001549 2511045385
254704108317 2511446682
254804092932 2511821040
254904045856 2512228513
255004097067 2512686452
255104125341 2513114856
255204058939 2513556680
255304119897 2514087847
255404110332 2514614063
255504061881 2515163095
255604109257 2515736848
255704080935 2516307057
255804191717 2516659823
255904169907 2516934940
256004088569 2517241179
256104107658 2517610955
256204106962 2518005356
256304087758 2518430500
256404125328 2518832270
256504142274 2519261258
256604089218 2519726878
256704173358 2520137333
256804113091 2520581810
256904083036 2520985782
257004102277 2521420734
257104126182 2521834802
257204146413 2522263053
257304294416 2522620245
257404091328 2522992974
257504138205 2523324285
257604093976 2523725367
257704180810 2523965237
257804133888 2524205632
257904142549 2524529315
258004160627 2524892418
258104122343 2525324415
258204096883 2525822052
258304099793 2526302563
258404113764 2526816023
258504089967 2527310844
258604157334 2527759489
258704163727 2528254033
258804118773 2528685012
258904128038 2529145088
259004239568 2529549895
259104151875 2529995289
259204155445 2530457542
259304141480 2530926191
259404158531 2531489862
259504147562 2532065206
259604270907 2532604575
259704218833 2532852564
259804180181 2533057679
259904167547 2533351075
260004182421 2533675910
260104209904 2533996131
260204167484 2534380293
260304195405 2534803309
260404161767 2535245029
260504185700 2535650977
260604202196 2536072299
260704228627 2536470986
260804218746 2536887480
260904195226 2537272220
261004261650 2537625564
261104397258 2537861091
261204209979 2538211227
261304205857 2538599131
261404155996 2538995258
261504153357 2539363922
261604237561 2539683191
261704243799 2539884913
261804228708 2540127086
261904173367 2540436096
262004164400 2540754568
262104202399 2541081178
262204199071 2541468436
262304354924 2541668408
262404239712 2541966430
262504218260 2542334300
262604212400 2542734327
262704193080 2543177659
262804191742 2543624640
262904182470 2544111031
263004181370 2544557928
263104217486 2544953313
263204201111 2545328753
263304266189 2545704482
263404240032 2546040735
263504205362 2546419360
263604195964 2546813869
263704221829 2547226233
263804192322 2547660933
263904287821 2548025660
264004300414 2548250263
264104283324 2548469993
264204230298 2548777736
264304299649 2549109945
264404221638 2549497760
264504245522 2549924236
264604210696 2550421764
264704253985 2550828081
264804292644 2551189870
264904281478 2551557341
265004267232 2551935744
265104231843 2552277695
265204250984 2552663440
265304238270 2553037137
265404341898 2553440870
265504261225 2553706211
265604236223 2554079593
265704209029 2554508330
265804290816 2554971238
265904276454 2555430314
266004267521 2555951283
266104308740 2556286377
266204251005 2556586579
266304261413 2556907875
266404107674 2557128895
266504282289 2557417444
266604279865 2557760833
266704281739 2558145699
266804244192 2558513404
266904318879 2558947190
267004239113 2559395685
267104287350 2559940835
267204247139 2560448640
267304217352 2560990349
267404266040 2561555618
267504247794 2562042955
267604278664 2562346655
267704340471 2562575771
267804240270 2562785586
267904314754 2563063851
268004319760 2563435594
268104296810 2563832497
268204298193 2564318621
268304314142 2564771511
268404288848 2565284962
268504328822 2565692898
268604344082 2565875244
268704289822 2566197169
268804285423 2566545829
268904297236 2566964538
269004279750 2567444341
269104298785 2567978678
269204321618 2568503502
269304276927 2569080445
269404286688 2569730965
269504274860 2570321720
269604254972 2570866735
269704342567 2571435087
269804289714 2571913551
269904387168 2572295256
270004360187 2572535820
270104345234 2572785890
270204351703 2573134320
270304334076 2573539066
270404354275 2574005704
270504293229 2574442314
270604316590 2574901371
270704301118 2575370351
270804348193 2575858446
270904271919 2576405204
271004345455 2576957237
271104436189 2577464802
271204352599 2577669164
271304374925 2578001786
271404356824 2578400844
271504328150 2578890385
271604329064 2579432457
271704396517 2579643052
271804347579 2579906117
271904388950 2580231466
272004313748 2580590800
272104312733 2580945678
272204438162 2581283954
272304379706 2581510424
272404383761 2581828662
272504273998 2582200208
272604412617 2582625246
272704378867 2583074488
272804338388 2583533644
272904333783 2584024135
273004381895 2584500269
273104392989 2584793691
273204342496 2585070769
273304315416 2585423542
273404362107 2585867050
273504407643 2586268192
273604359056 2586692091
273704345835 2587120578
273804398815 2587566630
273904383484 2588005675
274004432050 2588440542
274104363353 2588870194
274204431408 2589291035
274304336575 2589728826
274404391741 2590170616
274504337758 2590602789
274604354563 2591045920
274704378919 2591529873
274804381293 2592093073
274904426812 2592427633
275004439850 2592730528
275104376730 2593098910
275204451552 2593524213
275304374550 2593970556
275404419707 2594452789
275504402987 2594974481
275604378107 2595474047
275704394391 2595993162
275804445871 2596498226
275904386342 2596965348
276004376757 2597463221
276104404085 2597920254
276204404162 2598349833
276304397688 2598796699
276404414860 2599241930
276504396897 2599707884
276604416189 2600257316
276704405964 2600830772
276804530998 2601331324
276904446031 2601651381
277004454520 2601980801
277104447360 2602319851
277204441381 2602698614
277304435946 2603153896
277404435830 2603493037
277504485016 2603858335
277604449553 2604229781
277704625255 2604634830
277804475930 2605046429
277904422240 2605500796
278004428598 2606033101
278104447592 2606585972
278204511584 2607131532
278304499191 2607311708
278404465882 2607582825
278504480927 2607975079
278604513670 2608385264
278704476076 2608713428
278804470146 2609043329
278904416212 2609375777
279004504917 2609623367
279104520353 2609867209
279204486441 2610156293
279304536102 2610488200
279404451798 2610838786
279504480742 2611196435
279604489370 2611602844
279704479358 2612033184
279804473581 2612475750
279904441521 2612914295
280004498391 2613310653
280104465430 2613672355
280204484077 2614065315
280304481508 2614465997
280404486768 2614912107
280504440119 2615383509
280604454603 2615848672
280704461204 2616388448
280804488904 2616957677
280904553925 2617439197
281004522615 2617705688
281104549478 2618040653
281204496952 2618460938
281304493134 2618912333
281404487858 2619383708
281504463796 2619858039
281604427154 2620373898
281704513222 2620860114
281804527270 2621382258
281904456027 2621859203
282004455378 2622354085
282104479407 2622844876
282204619667 2623315258
282304501830 2623753723
282404516968 2624222732
282504512809 2624695908
282604482313 2625177749
282704600310 2625548497
282804550953 2625883655
282904523374 2626274843
283004475901 2626656969
283104512333 2627074532
283204538520 2627501398
283304545689 2628016369
283404517507 2628554418
283504537355 2628826442
283604581920 2629028828
283704541473 2629315229
283804556969 2629634319
283904595821 2629954534
284004574132 2630332889
284104501118 2630873393
284204504825 2630935518
284304501977 2630984997
284404353413 2631822715
284504389714 2632718508
284604397621 2634677070
284704400653 2636421736
284804383678 2638020671
284904398136 2641610953
285004370011 2645653822
285104375959 2647136345
285204365534 2648399155
285304319050 2650617470
285404416667 2652460696
285504450463 2652894452
285604452646 2653319317
285704461780 2653740804
285804422151 2654537941
285904497333 2654775900
286004423736 2655013875
286104421291 2655251998
286204499555 2657617884
286304392003 2659758485
286404395470 2661391254
286504395755 2662836427
286604361824 2664908195
286704437530 2668247374
286804503853 2668456690
286904430965 2668718323
287004432837 2668929178
287104379367 2670315505
287204371834 2671570272
287304455597 2672327246
287404445438 2672533827
287504404949 2672741364
287604449226 2672947967
287704508020 2674054419
287804303591 2676510672
287904416487 2678339098
288004416181 2679863076
288104411349 2681386683
288204378178 2683409076
288304351145 2687711179
288404462242 2688560927
288504461668 2688767941
288604462514 2688975537
288704471023 2689181570
288804512453 2690268316
288904385517 2691489428
289004411711 2692673923
289104418088 2693780376
289204435856 2694783088
289304420564 2695442182
289404420043 2696805358
289504435644 2697941121
289604427461 2699437865
289704446337 2700515461
289804423632 2701671069
289904423926 2703251857
290004432295 2704429917
290104435261 2705251089
290204430488 2706449224
290304435729 2708194386
290404428295 2709342220
290504424929 2710887666
290604454171 2712255032
290704433859 2714038182
290804450655 2714508278
290904450010 2715408100
291004448617 2716454108
291104468174 2717282399
291204439145 2718592854
291304450141 2719736564
291404459480 2720607159
291504449327 2721076544
291604448705 2722271739
291704450163 2723727250
291804453972 2725307189
291904450000 2726617405
292004507508 2727218823
292104455177 2728820283
292204479475 2730704742
292304455433 2731738666
292404457123 2732851104
292504462472 2734314454
292604473220 2735775539
292704474955 2736252818
292804470662 2737234542
292904493285 2737952357
293004487911 2738747316
293104473987 2740174425
293204501147 2741064915
293304480528 2742080505
293404483711 2743110889
293504489399 2744120551
293604476308 2745996136
293704491470 2747619772
293804486176 2749075901
293904495631 2750303725
294004496552 2751331847
294104481905 2752525158
294204491177 2753770126
294304501655 2755404966
294404475080 2756338737
294504497926 2757310668
294604520985 2757896731
294704502738 2759245211
294804512445 2760693498
294904503048 2762070874
295004500892 2763436258
295104495977 2764408639
295204507418 2766023768
295304514928 2767204634
295404492531 2768938543
295504505190 2770533936
295604525145 2772123211
295704523629 2773318293
295804516600 2774664440
295904521182 2776194335
296004526092 2777746124
296104515161 2779361756
296204529122 2780504463
296304510276 2782232247
296404523848 2784665627
296504528763 2785632033
296604538041 2786953903
296704545864 2788504158
296804541342 2789468295
296904533805 2790539157
297004536465 2791933062
297104536699 2793634175
297204541166 2795046704
297304541793 2796418244
297404538629 2797932402
297504559510 2799752468
297604551205 2800444889
297704553209 2801584095
297804566897 2803159462
297904561500 2804843380
298004580856 2806635776
298104553588 2808545156
298204532222 2810324025
298304564625 2811980076
298404600490 2813180508
298504553087 2814325076
298604572246 2816122554
298704546140 2817510201
298804559174 2819067656
298904570879 2820575233
299004555136 2822381382
299104566179 2823854540
299204581013 2825339048
299304561011 2826777680
299404565636 2828602264
299504565680 2830073688
299604587613 2831239305
299704607158 2832899470
299804587528 2834231764
299904583336 2835065996
300004588672 2836413660
300104583471 2837701997
300204585111 2839199382
300304602028 2840644859
300404583482 2842254920
300504588339 2843287654
300604580577 2844783391
300704590904 2845932707
300804579401 2847267730
300904592038 2848583734
301004591411 2849792952
301104596661 2851042735
301204609471 2852596165
301304599022 2853716260
301404601342 2854602116
301504611334 2855257434
301604601473 2856611637
301704606629 2858078535
301804606442 2859071885
301904604322 2861540192
302004612399 2863066111
302104611687 2864209970
302204618193 2865507083
302304621728 2866743319
302404620038 2867763098
302504601022 2869437238
302604633549 2871362310
302704619252 2872641342
302804627101 2873849527
302904618420 2875518228
303004626647 2876711859
303104621775 2878327269
303204625919 2880363219
303304627954 2881459758
303404641902 2883051286
303504633461 2883996336
303604692945 2884954931
303704640170 2886348876
303804643172 2887808385
303904635172 2889124178
304004640810 2891126021
304104664827 2891914371
304204649615 2893036419
304304656874 2894655047
304404638923 2896502311
304504646914 2897792173
304604643059 2899676878
304704625009 2901560037
304804646839 2903147418
304904660598 2904098542
305004642654 2905665126
305104655643 2906644985
305204666060 2908275090
305304660718 2909409403
305404661070 2910576435
305504699672 2912162831
305604673541 2913819777
305704686855 2914656165
305804659480 2915597092
305904663958 2918137561
306004670953 2919481798
306104675622 2920503573
306204603081 2921502395
306304681055 2922967086
306404665180 2924511045
306504685733 2925619004
306604710015 2926628031
306704687210 2927559154
306804692593 2928654520
306904685019 2930232095
307004678932 2931309709
307104690890 2932712209
307204677352 2933634744
307304684081 2934858058
307404692925 2936400558
307504691623 2937708448
307604675526 2939071659
307704689182 2940797792
307804696275 2942277389
307904708852 2943430655
308004676091 2944188876
308104698507 2945637756
308204699195 2947286860
308304692464 2948495999
308404708419 2949289815
308504714521 2950783831
308604717739 2951786135
308704705118 2952733675
308804721376 2953703978
308904710762 2954833538
309004712947 2956153450
309104727721 2957151317
309204724977 2958268778
309304718919 2959009006
309404723255 2960328024
309504726477 2961492124
309604698486 2962711105
309704717102 2963969444
309804736275 2965364076
309904723174 2967056398
310004723703 2968153373
310104727879 2969707157
310204740343 2970874276
310304743641 2971791816
310404738358 2972654864
310504738536 2974255079
310604735554 2975880283
310704745930 2976908634
310804737927 2978198933
310904741682 2979858033
311004736218 2981566279
311104755976 2982711978
311204750399 2984030559
311304739838 2985567430
311404738288 2986929644
311504764063 2988002568
311604756019 2989442685
311704759752 2991181505
311804761496 2992210959
311904759973 2993288489
312004664769 2996398174
312104714400 3002637801
312204718077 3008559444
312304717177 3014514312
312404721649 3020754228
312504723763 3026881958
312604715572 3033308042
312704675298 3039573930
312804678014 3045741343
312904678589 3051876490
313004726519 3057707470
313104727894 3063695583
313204731504 3069541489
313304735743 3075300624
313404689027 3081973148
313504734351 3087898551
313604734471 3093782780
313704742624 3099829332
313804735601 3105664414
313904700922 3111626409
314004742627 3117806447
314104738204 3123939875
314204742458 3129722732
314304743502 3135906819
314404752073 3141961734
314504801799 3147751032
314604746948 3154079450
314704754777 3160124357
314804746646 3166068225
314904764705 3172186370
315004756309 3177910521
315104754418 3183834467
315204762771 3189877911
315304762168 3195522426
315404716810 3201438069
315504761274 3207349417
315604772359 3213688409
315704771235 3219484703
315804765357 3225611939
315904769368 3231885826
316004780388 3238288749
316104772094 3244363670
316204784013 3250506095
316304729459 3256794359
316404730316 3263065911
316504779511 3269981210
316604781735 3276238528
316704786095 3282488341
316804787820 3288421104
316904787016 3294482073
317004782362 3300464909
317104844160 3306443965
317204768032 3312583755
317304792916 3318451637
317404792999 3324512052
317504798480 3330562339
317604793736 3336954926
317704756530 3343091653
317804799173 3349217548
317904753688 3355333185
318004803084 3361567992
318104804733 3367418339
318204806613 3373611793
318304813089 3379866834
318404809991 3386481336
318504809106 3392318967
318604813276 3398581757
318704816689 3404505712
318804767325 3410326978
318904815061 3416712739
319004815795 3423003185
319104820223 3429342441
319204824846 3435327504
319304824748 3441106466
319404824390 3446947941
319504823800 3452791533
319604833048 3458921716
319704845355 3465262992
319804824592 3471168743
319904831294 3477229199
320004827943 3483557694
320104836139 3490044953
320204843025 3496364789
320304838462 3502146459
320404845944 3508228350
320504788340 3514145697
320604873311 3520223511
320704872767 3526410136
320804843346 3532387200
320904844948 3538797854
321004884323 3544643488
321104843182 3550493992
321204849852 3556391053
321304886433 3562586717
321404806108 3568668943
321504851087 3574913056
321604848415 3581457711
321704861810 3587518765
321804862026 3593629728
321904860030 3599614890
322004855511 3605957606
322104868216 3611819771
322204863843 3617803543
322304820847 3623715134
322404863011 3629972882
322504872863 3636248136
322604869161 3642100483
322704897444 3648240764
322804875323 3654652649
322904877346 3660712263
323004879592 3666779198
323104876589 3672486779
323204832632 3678857466
323304882153 3684745614
323404885411 3690810312
323504889637 3696869387
323604886127 3702845980
323704865123 3708976560
323804891905 3715039791
323904885446 3721455308
324004895639 3727798602
324104893012 3734059071
324204895232 3740101433
324304847492 3746337532
324404897711 3752625677
324504849098 3758806065
324604900744 3765159212
324704855523 3771382214
324804904189 3777614770
324904885569 3783527826
325004909598 3789379463
325104910748 3795535286
325204913294 3802076149
325304913514 3808246102
325404917293 3814295742
325504915361 3820356261
325604913948 3826481683
325704870024 3832291392
325804920627 3838549813
325904916370 3844832819
326004923103 3850751815
326104952230 3856804650
326204939585 3862949058
326304927081 3869129001
326404926726 3874963608
326504927925 3881027689
326604932219 3887281940
326704937878 3893006505
326804932482 3899013156
326904889326 3904756682
327004889825 3910727944
327104940674 3916561699
327204945043 3922419284
327304947241 3928758139
327404947259 3935018452
327504901360 3941431137
327604946721 3947436405
327704950961 3953769123
327804956870 3959841856
327904948161 3965959277
328004953841 3972161057
328104957941 3978583627
328204958967 3984839853
328304959767 3990945323
328404954287 3996863381
328504955841 4002568369
328604957529 4009099227
328704922355 4015421548
328804966745 4021604095
328904966721 4027913005
329004973945 4033825771
329104964579 4040140676
329204974642 4046345562
329304980195 4052744464
329404976972 4058590620
329504931301 4064791980
329604972775 4070707368
329704982505 4076896125
329804929008 4083221384
329904975957 4089317207
330004976313 4095585182
330104979767 4101649196
330204981014 4107423953
330304984954 4113203285
330404993553 4119334936
330504992823 4125647618
330604990585 4131574648
330704993313 4137494814
330804993990 4143766795
330905003079 4149898019
331004997259 4156303269
331104974531 4162168616
331204993708 4168228237
331305000033 4174970169
331405003144 4181106525
331505002170 4186975792
331604954318 4193172629
331705007720 4199183857
331805008830 4205445286
331905009003 4211137944
332005012095 4216840868
332104996927 4222833500
332205012201 4228800544
332305015959 4234799081
332405017363 4241072094
332505063299 4247486135
332605023564 4253353142
332704974673 4259639522
332805021913 4265756485
332905023545 4271894739
333005028830 4277874699
333105031527 4284345611
333204982097 4290206280
333305030902 4296252309
333405034589 4302520456
333505059715 4308634029
333605030366 4314548319
333705043334 4320755107
333805040645 4327239426
333905035776 4333439925
334005039216 4339832573
334105024560 4345931034
334205047439 4352066272
334305041881 4358106849
334405030057 4364013491
334505004039 4370274345
334605053644 4376341877
334705051424 4382381008
334805044402 4388244126
334905055424 4394284557
335005061677 4399923798
335105061362 4406188541
335205063743 4412117311
335305013633 4418191632
335405062409 4424316537
335505067564 4430366496
335605061539 4436335784
335705069279 4442610899
335805068274 4448952722
335905069516 4455096042
336005073601 4461008517
336105072858 4467060082
336205071061 4473049418
336305077635 4479175287
336405030284 4485119287
336505078058 4491337934
336605081535 4497471977
336705086482 4503606674
336805082925 4509588002
336905088324 4515705715
337005091059 4521686055
337105079600 4527954387
337205095425 4533888268
337305093393 4540028291
337405045474 4545954719
337505094608 4551858411
337605095942 4558329455
337705092188 4564522713
337805094771 4570652914
337905098500 4576977867
338005103383 4582906588
338105106078 4588917548
338205105230 4595175541
338305062131 4601620449
338405060405 4607926344
338505112609 4613300505
338605063636 4619214225
338705117377 4625621722
338805110107 4631202637
338905113808 4637305824
339005118782 4643152560
339105121276 4649353413
339205120683 4655211277
339305146844 4660979527
339405131061 4666887550
339505146290 4673015959
339605132546 4679193459
339705127800 4685728385
339805128687 4691914301
339905153488 4697557650
340005103704 4703832117
340105139661 4709822216
340205129472 4715925815
340305088979 4722055849
340405132079 4728289273
340505141813 4734067714
340605089297 4740117096
340705146155 4746177577
340805096627 4752082980
340905143848 4758365964
341005151978 4764503370
341105153165 4771071683
341205151998 4777325986
341305164210 4783497322
341405152058 4789831447
341505153955 4795801527
341605139775 4801961228
341705156106 4807940798
341805163181 4814068619
341905165808 4819967939
342005167164 4825918606
342105165723 4831944078
342205197244 4838156117
342305165933 4843849536
342405129095 4849837696
342505169723 4855652544
342605172972 4861856821
342705172587 4868123299
342805172019 4873966197
342905177095 4879878610
343005179515 4885845612
343105183532 4892183639
343205180038 4897887969
343305180794 4904148477
343405134976 4910019549
343505185998 4916473568
343605135550 4922660995
343705189263 4928860638
343805217930 4935075567
343905191052 4940856026
344005146927 4947171712
344105195313 4953579493
344205192712 4959844599
344305193390 4965611394
344405200925 4971676334
344505192873 4977663930
344605203372 4983668013
344705202264 4990066095
344805204779 4996111819
344905201358 5002583043
345005209383 5008714587
345105204050 5014479238
345205210815 5020688983
345305211281 5026668529
345405216723 5032864922
345505211867 5038979810
345605216635 5045105882
345705169833 5051054309
345805171194 5057250423
345905173010 5063074583
346005174936 5069310387
346105226860 5075214636
346205237708 5081286681
346305221535 5086998391
346405229245 5092922084
346505233999 5099397617
346605231194 5105377093
346705184147 5111399540
346805230852 5117375288
346905232871 5123431581
347005190080 5129697107
347105194997 5136179594
347205192828 5142316151
347305243228 5148225952
347405245874 5154445044
347505243760 5160574901
347605241294 5166640336
347705252170 5172761259
347805250527 5179034167
347905254566 5185226097
348005249368 5191141787
348105205832 5197216374
348205207430 5203054639
348305210001 5209302482
348405261670 5214870999
348505253860 5221128737
348605215987 5227330574
348705263100 5233458677
348805268417 5239803050
348905217054 5245973903
349005264996 5251925125
349105263851 5258043431
349205271730 5264092413
349305272370 5270758862
349405271912 5277077468
349505269590 5283198418
349605224292 5289635933
349705275653 5295911449
349805274500 5301916005
349905279036 5308681181
350005276449 5314809199
350105280562 5321502844
350205284718 5327361413
350305289431 5333631959
350405287609 5339898318
350505287617 5345732697
350605283589 5352086524
350705296055 5358065284
350805302523 5363699035
350905299225 5369869426
351005282728 5375942161
351105302659 5381875214
351205298718 5387988515
351305256144 5393777567
351405310301 5400024582
351505305267 5406204243
351605305616 5411995292
351705259008 5418108782
351805308228 5424392561
351905312920 5430359373
352005264094 5436545496
352105265403 5442233979
352205310132 5448374521
352305321803 5454819387
352405269588 5460952881
352505323603 5466919267
352605272755 5472800451
352705324886 5478757863
352805326586 5484795798
352905326180 5491233725
353005278715 5497221547
353105330302 5503315199
353205365141 5509352021
353305332225 5515167306
353405350485 5521266939
353505333733 5527309577
353605336058 5533331131
353705335356 5539163357
353805341731 5545457329
353905341689 5551561984
354005342759 5557722137
354105292541 5564083018
354205341902 5570118916
354305346717 5576074847
354405348030 5582286907
354505302200 5588247373
354605348664 5594240720
354705304151 5599990673
354805354719 5605792472
354905356309 5611824136
355005360436 5617828191
355105344488 5624053048
355205361442 5630005758
355305359890 5635954337
355405315801 5641564803
355505364813 5647642744
355605320641 5653728161
355705367229 5659839031
355805369370 5665929634
355905369837 5671884926
356005374842 5678177279
356105371042 5684672556
356205379619 5690402400
356305369946 5696342723
356405383509 5702239861
356505347326 5708490614
356605381799 5714439312
356705381101 5720620358
356805385580 5726720694
356905391354 5733081056
357005385053 5739233954
357105386521 5745208691
357205370058 5751429785
357305394447 5757186930
357405343149 5763094615
357505391280 5769782498
357605388365 5776006145
357705421868 5781909341
357805412946 5787863124
357905418501 5794022628
357956028939 5796408279
