100024292 101.343205
200022221 11.279047
300024660 5.318381
400025423 11.070983
500016215 5.195160
600008563 4.972280
700025044 5.058306
800004726 15.750803
900025836 3.188246
1000005867 3.517158
1100024062 2.911302
1200024684 2.602117
1300025413 4.606169
1400024498 4.735825
1500025966 1.800004
1600026216 1.409577
1700024861 1.137476
1800026348 1.379450
1900003348 19.149826
2000004562 3.957229
2100021874 3.301328
2200025402 4.083812
2300006123 20.540667
2400026327 3.938005
2500021658 3.304708
2600000920 2.766318
2700038027 4.219829
2800037694 2.701024
2900037929 1.840808
3000007564 4.566214
3100036369 4.253974
3200036778 2.226393
3300037892 2.564789
3400036727 2.879372
3500006953 2.277810
3600035344 1.995620
3700347965 1.499722
3800038694 0.901168
3900038238 0.942313
4000039164 1.023622
4100038421 1.168713
4200037560 1.483176
4300037138 3.565994
4400037242 7.231868
4500012324 35.182705
4600006809 38.904017
4700007829 25.970616
4800004757 48.142839
4900008977 74.554989
5000006727 35.888224
5100005479 22.232485
5200004814 18.228595
5300009264 59.381090
5400010580 15.621778
5500014187 17.612696
5600011045 20.796857
5700009628 18.351456
5800009201 27.165136
5900008330 7.872869
6000009639 8.044027
6100008943 7.795858
6200002789 7.142159
6300010341 61.066006
6400010663 49.260045
6500006325 27.749232
6600006753 27.406404
6700004863 27.453002
6800007428 67.009703
6900010675 26.614637
7000008871 7.418645
7100008711 7.467664
7200007119 7.362994
7300013801 42.754834
7400008950 40.346751
7500007769 14.902493
7600007813 6.934107
7700006119 6.782495
7800009674 6.475446
7900010862 39.197315
8000010801 50.622886
8100008496 38.712942
8200008670 29.272085
8300006383 25.861639
8400005688 28.745114
8500009285 59.123173
8600010844 48.892357
8700002011 6.672656
8800011470 10.091341
8900009045 7.414549
9000007832 14.023617
9100007306 40.478018
9200007611 25.566104
9300007777 17.880869
9400006530 19.835364
9500006261 15.995034
9600007365 23.291308
9700005651 18.081357
9800006639 19.008295
9900007394 12.656217
10000006242 21.563632
10100007804 16.680314
10200007513 21.828405
10300007029 19.230063
10400009743 21.481497
10500007806 17.258764
10600007774 17.128746
10700008759 20.303472
10800007634 16.976861
10900008654 20.063529
11000005860 20.964085
11100007050 22.494354
11200007016 18.035861
11300005949 15.919261
11400009450 13.002566
11500006645 16.359305
11600006823 18.161664
11700008246 14.309446
11800005919 17.807853
11900009992 15.367337
12000006945 14.951265
12100007124 15.433928
12200007694 19.489644
12300009123 14.990348
12400008287 13.415657
12500008379 16.098010
12600007049 10.764275
12700007628 18.204884
12800009741 12.688171
12900006968 13.821813
13000006976 14.714945
13100006758 27.707068
13200007676 11.159777
13300008916 15.569045
13400009203 14.112356
13500007976 15.006887
13600008144 19.324730
13700006995 18.513256
13800009971 19.772661
13900009056 19.066238
14000006273 17.126374
14100007389 15.628424
14200006781 15.596661
14300005640 18.832775
14400005379 21.375250
14500007917 14.790247
14600006947 18.583206
14700005625 20.672947
14800009171 19.565311
14900008012 18.519300
15000009072 16.926136
15100007828 17.483210
15200008062 16.981395
15300007209 14.129358
15400006264 14.430604
15500006468 12.846384
15600007998 15.586223
15700008646 16.421742
15800006254 13.759846
15900006960 14.608752
16000007396 11.148540
16100007745 16.816358
16200006062 15.561416
16300008247 21.732596
16400008913 19.377336
16500006772 18.051684
16600006377 14.368454
16700025605 18.753643
16800006670 27.973027
16900006233 18.368613
17000005238 22.275593
17100009227 18.497292
17200007087 15.503924
17300006850 15.175207
17400006604 16.995562
17500008075 19.585582
17600006837 12.993148
17700007081 18.004320
17800008179 16.932791
17900007555 15.558999
18000008630 16.218819
18100007372 13.445057
18200009980 15.435222
18300006012 15.577854
18400007511 20.450857
18500005846 20.514356
18600008028 14.656933
18700006925 16.026820
18800005908 15.148475
18900009186 12.087484
19000007504 15.108823
19100007359 17.238426
19200006350 17.143039
19300007524 15.979337
19400006968 21.493169
19500006725 19.466092
19600008483 18.188587
19700008297 13.387654
19800007890 16.266711
19900005920 15.952114
20000006669 18.243878
20100007929 14.525506
20200006497 20.932025
20300004496 18.214185
20400004878 20.528540
20500007686 21.208276
20600007257 17.651285
20700007955 16.725237
20800006497 13.441636
20900007972 15.623373
21000005290 12.372370
21100007913 22.694724
21200005407 14.424115
21300008043 14.916062
21400005839 14.392604
21500008020 13.670735
21600007355 19.897151
21700007127 17.208230
21800006571 17.363850
21900010075 16.076263
22000005017 16.135536
22100006976 14.214908
22200010019 16.071947
22300008418 17.778525
22400007508 17.849987
22500008635 16.290589
22600005097 14.921115
22700008101 19.054670
22800058320 16.600656
22900005468 15.230476
23000005422 13.180617
23100007379 20.462765
23200006938 14.837146
23300008498 13.272538
23400007530 14.633438
23500006429 12.111863
23600007333 18.475575
23700006843 18.803365
23800006762 14.632743
23900008230 20.717719
24000008162 17.577774
24100006323 12.895050
24200006100 13.587775
24300006690 21.625172
24400007124 14.130306
24500008735 19.999065
24600007178 14.027252
24700005839 13.361395
24800005696 19.182260
24900007219 18.754019
25000007093 17.611636
25100006633 13.945785
25200008935 18.264767
25300006395 12.205468
25400008907 11.046275
25500008235 12.478405
25600006997 14.091689
25700007023 12.381760
25800008779 18.734336
25900006000 13.777164
26000006613 12.187679
26100007560 17.251309
26200006345 18.306613
26300008166 15.314355
26400005904 17.541722
26500008616 11.690694
26600006095 23.208624
26700007705 15.529480
26800005104 14.784790
26900009081 17.720363
27000007144 16.527043
27100007173 16.684981
27200007051 19.829676
27300007892 19.995214
27400006522 16.313350
27500008100 18.749956
27600007842 15.780469
27700008416 20.952895
27800007462 17.937107
27900007602 14.125991
28000007751 18.206825
28100007088 22.441949
28200008749 14.779434
28300005663 18.537287
28400007333 16.523985
28500006587 11.810624
28600006525 19.618135
28700007204 16.564859
28800006501 13.171338
28900103301 16.545969
29000008531 19.362288
29100058651 14.695928
29200004224 17.612270
29300006929 20.058176
29400005789 20.906838
29500006774 14.045726
29600006335 15.214708
29700010942 12.901520
29800006529 14.109383
29900006964 12.754146
30000005314 16.022264
30100007869 14.700446
30200007110 12.709648
30300006403 21.358152
30400006996 21.800900
30500007717 19.960957
30600007099 17.316441
30700007385 13.647587
30800008721 16.126055
30900004909 14.392069
31000005335 18.011420
31100005420 16.950545
31200007123 20.364170
31300009425 19.171655
31400073471 12.345030
31500007878 16.726604
31600007594 17.066061
31700008389 17.974318
31800007140 19.750022
31900007198 17.907577
32000006968 21.367449
32100006311 15.035794
32200008342 17.567918
32300007230 16.552659
32400007831 15.710600
32500008187 27.642760
32600007002 17.924400
32700006944 14.423435
32800007660 20.120283
32900007261 15.504527
33000006995 16.113128
33100008555 16.804702
33200007728 17.571283
33300005966 17.003921
33400008296 19.827132
33500005985 11.004766
33600007817 16.148692
33700006320 18.508778
33800005002 20.275191
33900007664 10.857979
34000006614 14.081049
34100009501 21.705208
34200005098 20.097781
34300006479 21.054699
34400007378 17.135519
34500007047 18.173843
34600009626 12.827451
34700008450 19.452333
34800007628 17.732129
34900006736 14.340365
35000009345 19.747855
35100006888 13.441928
35200006318 21.074292
35300006640 13.705492
35400008194 17.858319
35500005620 19.660257
35600006967 17.650129
35700009434 13.318852
35800006905 18.369963
35900006405 24.275612
36000007268 23.396824
36100007001 15.268789
36200008464 17.339123
36300007727 16.610789
36400009689 15.959259
36500006770 21.613141
36600005460 19.682828
36700008648 15.447095
36800006095 21.110078
36900008097 11.376586
37000006801 14.404081
37100006048 14.894218
37200008291 14.361749
37300006213 14.316357
37400007197 20.679086
37500009271 15.210011
37600007478 20.608692
37700005631 15.806466
37800007837 18.755317
37900010941 17.498133
38000007021 14.334987
38100006997 14.775779
38200006420 15.760183
38300006160 13.422787
38400007868 16.924436
38500007460 14.980189
38600008910 18.065291
38700005026 15.990743
38800006369 29.679896
38900008592 22.953015
39000038283 12.713177
39100007488 14.746404
39200007080 14.341132
39300006754 16.264043
39400008165 11.834609
39500006455 16.302088
39600008945 16.338157
39700006695 11.452395
39800007945 14.947345
39900006788 15.602433
40000011157 20.520844
40100007894 15.739555
40200008204 16.527165
40300006867 14.949965
40400007385 15.866344
40500007289 11.986846
40600006381 17.955589
40700005124 22.746338
40800007437 22.045772
40900007604 14.949605
41000008316 15.604116
41100006564 15.690572
41200006345 12.058833
41300006190 17.743815
41400006108 17.612406
41500005853 17.467582
41600003912 22.330950
41700006663 18.031797
41800006651 18.316961
41900005591 12.573675
42000005958 14.942991
42100007444 17.313362
42200008590 13.971936
42300007779 14.923067
42400007053 19.190673
42500007668 21.280820
42600007887 11.459592
42700007039 13.750342
42800007522 15.439232
42900007170 18.044537
43000007086 18.037376
43100008315 14.187798
43200007195 14.195028
43300006097 15.381947
43400005560 20.477077
43500004688 18.780013
43600007650 13.740054
43700005584 19.659656
43800007471 15.256930
43900013786 22.782773
44000005489 11.502976
44100006550 17.679357
44200008263 18.121183
44300007841 16.117198
44400006892 14.954055
44500008580 17.121630
44600008334 19.822052
44700007706 18.706502
44800008427 18.953669
44900008004 16.074320
45000007268 12.420781
45100006137 21.434487
45200007397 15.897111
45300007014 13.230143
45400008492 26.556073
45500005601 16.864938
45600007278 18.645881
45700006437 17.390514
45800007585 13.498570
45900009860 21.132197
46000006435 11.396747
46100006618 15.438531
46200006403 16.240026
46300007793 13.882719
46400008643 16.544418
46500006784 14.521719
46600008539 16.649062
46700007678 11.837889
46800005994 15.448439
46900005724 14.313153
47000007511 17.258056
47100006617 11.999588
47200008032 10.753926
47300007046 20.777529
47400006982 17.023115
47500008433 16.286141
47600007956 16.066436
47700007756 16.970239
47800006444 11.282647
47900007079 13.020385
48000005601 17.697991
48100007505 15.251667
48200007463 15.925120
48300008763 21.654931
48400007421 13.702959
48500007925 16.054703
48600006664 22.548882
48700005902 16.617780
48800008456 21.089113
48900007337 22.396786
49000006391 13.744802
49100006994 22.944202
49200007456 12.830315
49300006055 15.339663
49400006114 20.387627
49500006816 23.248125
49600007208 19.233679
49700007424 14.991376
49800008582 13.212605
49900006893 22.778429
50000007637 19.012709
50100005904 10.517552
50200007821 21.524864
50300005502 18.017131
50400007570 22.031169
50500006170 14.366161
50600007112 15.514665
50700007522 13.555815
50800003327 13.334950
50900003723 52.137979
51000003904 51.045556
51100000875 52.719202
51200003701 50.402701
51300004136 55.299237
51400003507 51.682431
51500003223 48.977685
51600003869 56.548664
51700003845 53.974968
51800004377 53.802353
51900003671 51.896328
52000003964 51.523799
52100003797 55.775298
52200003874 51.212614
52300004063 48.148568
52400004499 58.793784
52500003656 52.137887
52600003683 51.294419
52700003799 54.144925
52800003971 50.468533
52900003452 52.896692
53000003220 54.221180
53100003711 49.914757
53200003644 51.419484
53300003251 54.513279
53400003994 50.589240
53500003951 50.373322
53600000914 57.319341
53700003460 54.762550
53800004040 52.959898
53900003674 52.142357
54000004538 52.629662
54100003665 52.469000
54200004345 55.873861
54300003694 53.803869
54400003950 47.486213
54500004166 50.458357
54600003299 52.397342
54700003274 48.775633
54800003320 55.935436
54900003772 50.495959
55000003904 53.059488
55100003272 50.097874
55200003954 54.635807
55300001541 50.540519
55400003641 52.972187
55500003587 54.369818
55600003430 49.035507
55700003495 52.239247
55800004338 51.229958
55900003498 57.649919
56000003710 51.156163
56100003666 52.663224
56200003822 51.279400
56300003935 51.752259
56400003762 52.928162
56500001115 49.974117
56600003687 52.584025
56700003791 54.111488
56800003599 49.775271
56900003279 52.060226
57000004344 54.557638
57100003976 52.069686
57200000933 50.043086
57300003861 50.257961
57400003911 50.579636
57500003955 53.804740
57600003686 51.598492
57700003514 53.103446
57800003570 53.196947
57900003833 52.119787
58000003408 51.379072
58100001250 49.970956
58200001039 53.915491
58300003308 50.991729
58400000860 50.973870
58500003526 54.953314
58600003571 53.549381
58700003364 51.809008
58800003704 49.879394
58900003069 52.162544
59000003230 50.481248
59100003480 50.492544
59200003648 51.790203
59300004235 52.312689
59400000802 52.310246
59500003226 54.286201
59600001151 51.916462
59700004514 51.082219
59800003898 53.740482
59900003960 51.014077
60000003992 50.504617
60100004486 53.223718
60200003919 54.619622
60300003137 51.681637
60400004188 52.125281
60500003763 49.975547
60600004017 56.609893
60700003597 53.649922
60800003774 50.154942
60900003749 53.258570
61000004427 51.168596
61100003805 55.246949
61200003460 51.444431
61300003611 54.201514
61400003440 52.938533
61500003817 50.019549
61600003711 52.026552
61700003883 53.774293
61800003401 51.876686
61900004036 51.559528
62000003150 56.349406
62100003515 50.348327
62200004159 49.038608
62300004033 55.790641
62400003945 52.074265
62500003167 54.395821
62600004048 51.314029
62700004012 50.963814
62800003292 54.364386
62900003863 46.897279
63000004339 55.469724
63100003625 47.293815
63200003609 56.212578
63300004316 48.272654
63400003941 58.962508
63500001618 51.177069
63600004221 48.236497
63700000910 59.769140
63800003573 50.874662
63900004088 52.279156
64000003740 48.528404
64100004086 58.398671
64200002958 48.453605
64300003627 51.838266
64400003904 52.375239
64500003721 53.668703
64600003918 48.015865
64700000863 53.152411
64800003404 53.537566
64900003666 53.041882
65000003614 50.396004
65100001006 53.238891
65200003185 49.926615
65300003176 54.333764
65400003631 48.314584
65500003793 58.334340
65600003866 53.609069
65700004146 48.684947
65800003309 53.474643
65900003756 56.348307
66000003831 53.609837
66100004387 49.892645
66200003206 55.629838
66300004071 49.435752
66400003706 54.281595
66500003850 53.531263
66600003831 49.189651
66700003722 57.378881
66800003460 48.980122
66900003484 48.650805
67000003674 53.634150
67100004390 50.709359
67200003187 53.143699
67300003162 51.489761
67400003796 55.316844
67500003768 51.692217
67600004261 53.118482
67700003468 52.680339
67800004309 51.923795
67900003771 51.858079
68000003880 54.367593
68100004150 52.007588
68200003451 51.685089
68300004577 52.759091
68400004025 52.965531
68500003787 55.288204
68600003268 52.816206
68700001021 53.944976
68800003727 50.350666
68900004103 51.807614
69000003784 54.785436
69100003852 51.358754
69200004587 52.300189
69300003033 50.665911
69400001585 54.493831
69500004077 52.436915
69600004473 53.211733
69700003717 49.570560
69800003955 47.561247
69900003512 54.965629
70000003407 54.150220
70100004409 57.100486
70200004510 53.754294
70300003304 54.142141
70400003435 48.417790
70500004231 53.596753
70600003684 51.033023
70700003570 54.837848
70800003653 53.906819
70900003507 47.713240
71000004174 54.792661
71100003933 53.066806
71200003316 49.876363
71300003685 52.238589
71400003943 51.348991
71500003493 51.735708
71600003943 54.644090
71700003392 50.490097
71800003467 53.448279
71900003745 53.607873
72000003771 50.093762
72100003710 51.782709
72200003787 54.841227
72300003427 51.553072
72400004041 47.441682
72500003868 58.189727
72600001665 51.633670
72700004018 51.424995
72800004135 52.396470
72900003861 55.634076
73000003608 49.527318
73100003408 51.845825
73200003587 55.429320
73300003920 53.119736
73400003516 54.552008
73500003597 51.311093
73600003749 52.299595
73700003493 51.646810
73800001261 52.606801
73900004332 48.696854
74000003820 54.958510
74100003319 50.926634
74200003998 51.148860
74300004306 54.367052
74400004023 52.098659
74500001256 53.995029
74600004031 52.679334
74700001361 49.630188
74800003614 47.731550
74900003433 56.144754
75000003702 54.882549
75100003589 52.305986
75200004613 50.483546
75300003847 53.405392
75400003555 54.227674
75500003682 53.488294
75600003865 51.028534
75700003303 55.942970
75800004640 52.126170
75900003293 51.779384
76000001122 53.325251
76100003897 50.595546
76200003873 53.280070
76300004082 55.866157
76400003964 53.140124
76500003804 52.937323
76600003431 51.873478
76700004218 49.093694
76800003483 56.506872
76900003715 50.019734
77000004190 50.389785
77100004016 50.149111
77200004110 56.072988
77300004504 49.007211
77400003595 51.224301
77500004076 57.252030
77600003428 50.469163
77700004034 51.753195
77800003710 50.233851
77900004106 53.168717
78000003199 48.226201
78100003674 52.656272
78200004358 50.909639
78300004067 55.175598
78400003643 52.677907
78500004202 53.541625
78600004135 51.925053
78700004088 55.459857
78800016119 169.235090
78900030626 64.486621
79000032489 30.751128
79100022816 23.059990
79200013859 23.186275
79300018170 17.419245
79400021149 21.892180
79500014494 22.857537
79600020334 22.847662
79700012150 23.276171
79800012792 26.222139
79900013531 24.175027
80000028186 29.372429
80100024370 32.923632
80200014382 19.811168
80300011480 20.487814
80400017645 16.643838
80500012386 23.606360
80600023084 19.244675
80700013779 22.440608
80800013060 26.510359
80900014540 28.264911
81000017721 27.154998
81100011406 28.765635
81200013135 23.157213
81300014995 26.202455
81400009856 27.580047
81500015329 30.291162
81600018513 29.543537
81700014301 38.057291
81800015758 18.735669
81900027411 20.732001
82000029179 20.061389
82100017536 17.721319
82200011359 20.759755
82300014698 25.524872
82400012727 24.144697
82500011108 24.159642
82600021827 42.406329
82700022319 27.154088
82800011095 21.274964
82900013821 15.555822
83000023717 23.255418
83100025286 20.756353
83200013300 22.452448
83300028317 26.331808
83400014137 24.537301
83500011371 28.447029
83600015511 23.725476
83700013828 28.562454
83800020472 26.129111
83900022132 38.507470
84000019823 24.720536
84100030150 23.770794
84200032245 21.598989
84300011956 18.655484
84400260290 18.253630
84500012125 15.872203
84600014523 24.380502
84700014143 20.729744
84800011444 23.101630
84900017485 25.165603
85000014755 23.819484
85100013249 30.629171
85200014236 23.544130
85300012868 27.649670
85400016243 26.977592
85500026330 32.555543
85600027405 33.572054
85700026614 25.080695
85800029018 21.526160
85900015301 15.336456
86000014119 21.798867
86100025561 20.433389
86200024311 22.352256
86300012757 25.390095
86400012736 25.261746
86500023922 34.620565
86600025085 29.448288
86700013133 19.868036
86800024736 22.657750
86900020323 21.295781
87000013635 17.458042
87100012340 24.516944
87200018426 17.907126
87300031647 34.740531
87400016326 28.061610
87500014925 15.452683
87600021452 15.956214
87700012523 21.777166
87800015914 20.298947
87900013014 22.825520
88000012074 26.447902
88100014288 24.937118
88200014257 25.162382
88300013408 31.305780
88400022184 26.705205
88500013627 27.158891
88600012976 26.722836
88700029162 33.565261
88800029243 36.050077
88900029072 17.505063
89000013997 16.040570
89100012529 16.070804
89200019761 23.281621
89300015256 19.293277
89400032372 30.474598
89500020926 38.749869
89600014732 15.957545
89700016423 18.323506
89800015768 18.853314
89900025425 17.211473
90000034097 19.934869
90100015937 24.645976
90200013132 22.240372
90300029682 28.639890
90400011946 29.342906
90500019827 27.750785
90600012698 28.934872
90700022347 33.237245
90800023933 37.533961
90900029690 25.760542
91000024579 20.523242
91100032372 14.925740
91200015950 23.055372
91300014731 20.011804
91400012453 22.462434
91500014338 26.005294
91600016744 24.039571
91700019407 28.046320
91800012200 24.168071
91900014643 27.892921
92000015361 26.173096
92100019995 33.449761
92200011849 28.326337
92300013909 21.580275
92400023092 32.443608
92500020066 34.261526
92600023670 16.147834
92700025216 21.427366
92800029263 16.700119
92900023265 19.062088
93000012812 21.396924
93100018141 24.659877
93200018390 24.536257
93300012296 30.351426
93400021149 29.381135
93500030640 47.902714
93600034346 19.158821
93700012522 17.532979
93800030509 18.480919
93900018669 26.545564
94000014880 18.269478
94100014487 15.184426
94200017371 18.960508
94300015886 20.739219
94400022530 20.152756
94500018136 36.476598
94600028496 31.210241
94700015340 14.729721
94800025002 14.943920
94900021692 22.508471
95000014106 27.079067
95100016621 31.564946
95200018149 17.722192
95300029096 17.492478
95400028210 17.820376
95500012514 19.806825
95600011632 20.544663
95700011277 23.155450
95800013780 24.866956
95900018548 27.917736
96000021514 29.695156
96100028358 27.342364
96200024066 34.552478
96300013130 26.138930
96400021588 24.281075
96500015021 30.350442
96600012269 26.039999
96700018422 24.465794
96800025993 29.818764
96900030920 44.135415
97000031082 23.201425
97100018564 18.852678
97200014554 17.682564
97300023503 16.523065
97400014361 23.203599
97500014156 19.535620
97600015796 23.099324
97700013938 26.258968
97800015358 26.114246
97900011761 27.306193
98000020119 24.261455
98100026681 26.652803
98200009800 29.326424
98300015038 32.710098
98400017799 23.410726
98500030226 38.245151
98600012664 28.486219
98700017638 17.363619
98800015239 16.534659
98900031784 15.805715
99000026133 34.230142
99100020239 24.462645
99200013814 21.007919
99300014925 15.243139
99400024984 22.498427
99500016468 21.607928
99600020538 22.167268
99700010769 22.777367
99800028498 33.342148
99900014740 34.884413
100000030692 16.871884
100100013944 19.004852
100200014345 16.346378
100300012985 20.971807
100400016079 17.022684
100500012450 23.194422
100600011246 23.926353
100700015115 26.125734
100800016287 30.206835
100900013868 28.338457
101000014818 30.473303
101100015978 28.755855
101200023620 24.592169
101300033269 27.455796
101400030056 32.148878
101500015819 37.880045
101600016422 23.226462
101700012139 13.632435
101800027473 18.123957
101900014501 18.629241
102000012152 18.922031
102100011462 22.998716
102200015465 23.504647
102300013209 27.280482
102400012944 26.592810
102500011740 29.807275
102600033596 30.840743
102700013532 34.260721
102800014546 25.576813
102900027223 23.188985
103000014589 30.557693
103100019112 37.319802
103200029737 28.262736
103300015142 19.013516
103400022962 16.650886
103500024555 18.493833
103600024163 19.607073
103700013457 17.082174
103800014427 22.562067
103900013661 25.899812
104000026996 31.587691
104100017989 44.930571
104200016703 26.009609
104300020506 19.704158
104400011315 19.259796
104500012574 15.548966
104600018535 20.204380
104700015298 22.444991
104800016683 22.014691
104900010838 26.849021
105000029411 36.215734
105100021260 36.852324
105200019932 20.703683
105300028980 22.744713
105400012746 16.851158
105500015041 14.890971
105600011164 21.566977
105700013671 23.947312
105800014634 24.027020
105900014172 26.950222
106000012952 29.162596
106100024880 25.292041
106200019323 28.665585
106300014479 33.639080
106400019212 33.230063
106500027880 27.861806
106600016158 34.303347
106700013661 18.604453
106800013236 19.859332
106900015878 17.283360
107000012942 16.153962
107100014075 20.768019
107200008460 24.117867
107300013078 22.745590
107400026252 46.014051
107500014108 43.342560
107600016557 17.725436
107700013064 16.178459
107800022442 14.857875
107900014039 18.584816
108000012587 19.072881
108100023459 24.629679
108200013125 27.681837
108300015500 28.356193
108400017513 26.079615
108500013273 31.328920
108600020048 31.798628
108700014254 25.670573
108800016602 27.728348
108900014308 27.421956
109000023983 25.989839
109100029269 24.487007
109200018391 28.499641
109300030875 33.508393
109400029117 39.218254
109500030175 26.012602
109600014274 18.641484
109700017424 18.920266
109800020701 22.891046
109900012551 18.331517
110000012259 22.400416
110100016327 16.913565
110200020968 15.229900
110300020049 21.372497
110400013981 23.099929
110500012602 20.254368
110600015442 27.111797
110700018210 27.017145
110800014409 25.438034
110900018413 44.765716
111000015206 44.627718
111100027897 21.361783
111200026070 16.449925
111300014112 16.466998
111400024752 20.459878
111500015459 18.186618
111600016002 20.472980
111700013990 25.248305
111800012861 27.934136
111900013848 28.337228
112000015619 30.567901
112100020661 32.477023
112200017198 25.133237
112300016244 24.915787
112400012735 30.246029
112500026280 27.986288
112600016529 27.845717
112700031023 38.715956
112800016492 23.587430
112900014371 18.151374
113000015409 19.043991
113100019622 19.622076
113200018769 22.997266
113300015471 22.648578
113400016935 29.918763
113500015044 24.661875
113600014412 19.908790
113700019251 15.927547
113800013659 20.472488
113900013686 22.531252
114000013619 20.574436
114100013340 23.127110
114200014743 24.756892
114300016982 23.090340
114400031601 30.558430
114500032585 45.753590
114600024590 31.250460
114700014024 14.467210
114800013193 14.593541
114900029546 20.470629
115000029385 28.170344
115100010186 32.385009
115200014659 16.285193
115300011337 14.399906
115400011961 16.797077
115500019991 19.770311
115600012685 20.312421
115700029060 23.949050
115800016489 24.191666
115900014171 28.705812
116000021067 28.568014
116100022212 37.761686
116200014388 44.168647
116300022219 24.987808
116400028421 18.278675
116500026778 36.408497
116600013211 24.437470
116700018869 15.819012
116800013114 15.698293
116900014143 19.065549
117000032962 17.330156
117100014550 20.760029
117200020007 23.536631
117300015879 24.143308
117400012434 29.215976
117500010703 28.974337
117600021699 33.063240
117700010222 33.317784
117800018186 23.879889
117900024399 27.295183
118000010820 28.639110
118100015456 26.042741
118200021499 24.038968
118300015868 37.657484
118400014645 35.124043
118500027605 20.816646
118600020210 22.068081
118700018709 16.039391
118800014638 15.055428
118900015070 19.254110
119000010765 24.271513
119100017020 24.548207
119200011501 25.199532
119300013315 27.271988
119400020436 27.532168
119500014704 28.503669
119600013187 35.018915
119700018847 32.602554
119800025172 24.376083
119900023361 32.212492
120000012749 41.899350
120100014208 27.234437
120200015020 15.707803
120300012619 15.070856
120400013147 19.353969
120500014004 20.077769
120600026530 21.967369
120700013899 22.483841
120800013194 26.567506
120900025369 24.686236
121000019352 34.516506
121100021994 38.152548
121200029656 26.708612
121300029952 17.634918
121400015279 23.241202
121500017842 16.169732
121600017832 15.299306
121700011969 19.159549
121800017571 24.077793
121900016755 22.741249
122000013347 26.190033
122100012377 29.111724
122200013744 24.965579
122300025407 32.631991
122400020662 33.589409
122500143373 31.722312
122600013723 27.576519
122700021861 26.815477
122800020577 25.600042
122900017827 30.067936
123000032826 41.074314
123100014415 38.532621
123200024256 20.284262
123300022772 14.946400
123400019414 17.916726
123500013783 15.147922
123600029562 19.064410
123700011086 19.292452
123800010914 24.278276
123900022490 26.204504
124000026945 29.156078
124100023255 36.492305
124200015401 48.936621
124300171320 33.487690
124400023364 13.745980
124500015188 17.112693
124600012248 18.905225
124700013662 19.729585
124800015914 20.605956
124900011665 24.412055
125000012005 22.651201
125100016586 27.061543
125200014470 29.637771
125300013681 31.307456
125400018250 25.119935
125500016071 29.470608
125600035072 30.314547
125700029865 36.190123
125800019606 33.292115
125900026485 25.876839
126000033977 25.024612
126100015413 16.802160
126200013804 16.952104
126300021125 16.420943
126400013472 25.064432
126500013710 19.060947
126600010671 22.190194
126700027900 24.336836
126800012548 27.158392
126900015478 26.762807
127000012490 23.817948
127100017769 27.915506
127200011277 27.893538
127300013349 30.495232
127400015597 28.328019
127500026780 28.786429
127600029719 44.361112
127700014260 38.940048
127800017501 25.551162
127900017767 19.382524
128000029465 16.722238
128100017976 14.897370
128200013494 19.483270
128300023680 15.853686
128400025950 15.233714
128500014735 19.161609
128600012435 21.705158
128700025700 20.517413
128800013837 26.963238
128900012339 26.852624
129000016987 28.362762
129100017852 29.103620
129200012890 34.824636
129300027163 31.923128
129400022641 28.993918
129500013023 27.349121
129600030204 33.900294
129700023461 30.098061
129800028249 33.324384
129900014066 19.494296
130000016377 17.136308
130100034564 19.738386
130200014137 21.661390
130300027485 29.764305
130400031305 18.483090
130500013592 17.814879
130600024113 14.340276
130700014716 20.257760
130800013085 17.014366
130900015020 20.848524
131000011937 24.793198
131100009287 27.330874
131200025450 28.911946
131300016287 31.749817
131400021975 32.216322
131500018833 32.985195
131600023290 29.697269
131700022815 34.222353
131800029179 26.457182
131900027117 30.754100
132000015893 14.407301
132100013237 14.047332
132200014468 16.031942
132300013741 19.797788
132400011834 19.049087
132500014143 24.776030
132600018248 23.012525
132700013373 28.792112
132800022049 30.143544
132900034032 32.842288
133000013542 31.782856
133100017783 28.344329
133200018302 25.786464
133300012632 27.090979
133400016990 29.664341
133500014414 21.805795
133600025199 33.367826
133700019251 36.617628
133800013542 36.385332
133900026401 22.116870
134000013049 20.158388
134100012598 15.427805
134200011405 16.055765
134300027997 18.028844
134400017098 23.414909
134500013426 24.651518
134600012019 24.970592
134700015927 26.678628
134800022942 30.755844
134900014710 40.089484
135000014872 42.038213
135100014876 26.500354
135200023624 24.278245
135300025931 18.611816
135400015255 16.461238
135500017924 17.302012
135600017603 22.562242
135700014876 18.761726
135800032428 29.833562
135900020116 35.279668
136000012552 37.359891
136100016247 17.846013
136200013393 18.273340
136300012618 14.443996
136400014687 21.118675
136500012242 19.362175
136600014177 22.671593
136700020035 26.584386
136800019004 24.010009
136900013110 27.330714
137000014841 23.393761
137100023224 29.119110
137200018406 31.746781
137300021090 31.513605
137400022384 23.914754
137500015886 23.990484
137600027396 36.465174
137700024842 38.331994
137800028113 39.856281
137900034441 14.935580
138000012811 18.390268
138100012230 15.726009
138200020255 22.810677
138300026365 20.965093
138400026306 30.167871
138500022449 23.808361
138600026818 27.520266
138700013654 17.644001
138800014150 16.630389
138900013824 16.435483
139000016634 23.432443
139100013370 20.507589
139200015262 23.690632
139300015856 23.057476
139400011134 23.914287
139500013733 23.241614
139600011278 27.700489
139700024142 28.719795
139800013000 33.500195
139900021978 42.231989
140000035877 34.659579
140100013412 33.551542
140200014612 24.082400
140300029124 25.032795
140400018795 18.148493
140500011753 15.949822
140600010112 17.547944
140700016923 22.218098
140800013443 20.305326
140900017601 23.770835
141000021580 24.063997
141100011578 23.856231
141200014273 23.361561
141300013614 27.921185
141400009121 30.219938
141500031000 32.803124
141600029836 46.270774
141700026714 38.041016
141800015521 29.250975
141900014251 14.014762
142000027066 14.616717
142100013719 14.847098
142200014290 30.526887
142300025422 29.860916
142400014168 34.927620
142500017514 13.756547
142600013429 14.307075
142700014693 14.963984
142800012862 19.644391
142900012940 18.058989
143000011806 25.507816
143100011136 23.356237
143200013475 31.397879
143300017410 27.669933
143400022847 34.086202
143500014016 29.566156
143600027126 43.038760
143700017689 32.368943
143800013633 31.627003
143900020613 17.719381
144000008369 16.726575
144100015366 24.118387
144200016635 21.613642
144300023585 29.021158
144400027493 18.570580
144500028611 20.924650
144600016290 18.309339
144700012770 16.239243
144800017525 15.841711
144900012357 15.113499
145000010844 17.854497
145100012017 18.752975
145200011670 21.920908
145300017169 24.089115
145400010193 28.432042
145500027414 32.591997
145600025378 31.282239
145700023841 32.250116
145800024061 26.820959
145900011221 27.457320
146000015929 25.464505
146100015246 27.863602
146200015762 23.197222
146300023088 38.636548
146400020286 37.464452
146500024505 40.780196
146600029872 22.759065
146700013095 18.414564
146800035186 16.084148
146900012867 15.583015
147000014707 18.282591
147100015252 16.865743
147200022268 21.137686
147300010470 23.421204
147400013315 25.963129
147500013935 27.220161
147600035778 28.716569
147700027278 31.036354
147800028731 47.572218
147900021147 39.790434
148000014814 34.611958
148100011641 13.678857
148200015824 17.518693
148300032042 14.289720
148400018523 18.017627
148500012714 18.167334
148600013885 26.224296
148700025840 24.795299
148800019519 30.571036
148900014472 28.360155
149000023222 35.585381
149100026304 32.680354
149200025105 32.865831
149300016574 34.265404
149400029051 33.375635
149500034698 34.904004
149600014064 13.907932
149700026829 18.539926
149800023340 14.155808
149900014596 17.909947
150000012495 15.571661
150100019984 20.724537
150200012894 23.031854
150300011468 26.915568
150400014366 28.216519
150500033205 38.099089
150600024202 42.799536
150700021058 43.178530
150800028929 28.350338
150900015864 17.874271
151000016530 17.291098
151100016858 21.902253
151200020431 17.122104
151300012003 17.538483
151400019324 19.470669
151500025746 21.622577
151600029876 29.081342
151700014905 28.036006
151800014070 21.860203
151900013370 15.509456
152000019737 16.597583
152100021397 16.971425
152200017480 23.460730
152300031413 27.180554
152400027307 32.720978
152500014230 36.622914
152600031073 20.346108
152700013473 16.859703
152800013937 14.335860
152900012580 18.430701
153000013914 16.183084
153100021043 20.950802
153200011067 23.987859
153300014961 27.108358
153400025539 31.953278
153500012311 31.541132
153600015780 31.943192
153700013500 29.650181
153800017714 27.297909
153900014045 24.669381
154000020024 28.855112
154100012605 22.787802
154200022753 32.533386
154300026143 37.426176
154400010414 32.698583
154500026672 35.420328
154600018669 17.548303
154700022217 19.621255
154800021134 15.279886
154900010935 15.264887
155000012025 18.994577
155100031666 28.319001
155200036024 35.697458
155300014169 37.523658
155400012180 29.398356
155500022440 13.176126
155600015853 13.602774
155700013731 15.675374
155800017559 18.244280
155900015312 19.094176
156000014174 24.866995
156100033504 25.331887
156200036780 40.398244
156300012704 44.080584
156400030235 43.132639
156500026131 30.769402
156600015581 20.425184
156700014529 15.606926
156800028491 23.872314
156900029485 22.068356
157000017336 29.936437
157100018334 23.130306
157200025174 18.663127
157300014518 24.425255
157400027747 21.782207
157500024508 17.321148
157600013646 14.105946
157700011653 13.926399
157800010999 13.392847
157900015859 18.351823
158000020424 19.151136
158100014518 22.760558
158200014450 23.437587
158300027007 34.595773
158400014292 42.490085
158500015341 40.509247
158600011478 37.315661
158700016376 18.846601
158800034948 22.210095
158900029536 21.801467
159000024770 21.095971
159100020595 22.739375
159200017152 14.621330
159300023609 14.292312
159400010964 13.364357
159500015384 18.925013
159600013862 21.990381
159700011071 23.852326
159800023474 28.039145
159900015400 29.848337
160000013691 30.198614
160100013976 32.608996
160200023900 32.005734
160300013993 27.794746
160400024281 30.963051
160500027677 35.083405
160600024672 32.596780
160700011434 31.482613
160800010347 17.011545
160900014597 15.182585
161000013422 14.051885
161100032982 21.328030
161200013984 28.095930
161300012500 32.856690
161400026408 34.110413
161500022234 16.990223
161600016110 11.621290
161700012153 17.002885
161800017587 16.504176
161900013769 18.408518
162000014493 23.286331
162100011439 24.035249
162200020244 28.398728
162300016254 31.495849
162400012772 34.507985
162500027692 30.544445
162600033932 32.208651
162700027997 34.569233
162800021171 32.272199
162900020996 35.030248
163000018939 26.628095
163100021904 16.758595
163200020171 16.743726
163300019757 23.609429
163400019161 16.299545
163500014544 15.310043
163600015905 19.676899
163700033874 18.576100
163800013131 37.941064
163900030608 42.414167
164000015678 35.010134
164100011167 25.615361
164200028276 14.945435
164300016746 13.680695
164400013625 20.856785
164500012157 18.990168
164600020430 31.008500
164700028244 37.457390
164800013072 35.536085
164900013717 28.082049
165000015834 13.683234
165100153380 13.137859
165200012219 15.760922
165300012680 17.798971
165400019465 19.210716
165500012458 24.713665
165600014050 24.342737
165700011908 31.957411
165800014309 30.700710
165900012012 33.913389
166000011025 30.067980
166100014775 31.023877
166200013910 25.183429
166300018228 24.953852
166400023172 38.867469
166500017267 27.925803
166600022220 32.581161
166700012562 36.724557
166800012611 14.711638
166900015995 19.340952
167000025724 16.160768
167100023968 13.853675
167200014399 18.171276
167300011361 20.207819
167400012609 21.421389
167500018380 27.147420
167600016368 27.203417
167700031212 28.963607
167800026004 34.236570
167900011800 33.026786
168000017580 35.459388
168100016752 26.088861
168200014068 27.576540
168300028261 34.398412
168400018912 29.288034
168500013029 38.792624
168600016441 35.235826
168700015812 23.128435
168800011955 15.973664
168900018972 15.247834
169000015013 16.684365
169100012774 15.814187
169200015621 33.539183
169300029708 30.287429
169400014741 37.765929
169500014664 34.800986
169600015353 15.923339
169700032765 17.282876
169800015274 15.454466
169900011814 16.114250
170000020582 31.415296
170100013533 29.488845
170200032910 34.471074
170300013609 30.524745
170400026737 15.749456
170500199912 17.331660
170600012776 14.462790
170700015808 16.223561
170800011095 20.546996
170900018072 22.962209
171000026368 41.318276
171100022344 39.419545
171200022159 38.960509
171300013393 35.083743
171400017760 16.344173
171500024837 18.437762
171600026867 17.372442
171700021701 28.035714
171800012934 20.508034
171900031215 19.501399
172000012606 18.761843
172100010767 15.065904
172200009740 19.798165
172300013300 19.210560
172400011889 21.085114
172500013401 21.082747
172600016527 24.279597
172700012027 36.417958
172800200308 41.263066
172900013694 42.852966
173000018190 34.368165
173100016900 16.555815
173200019285 14.655965
173300028018 14.961066
173400021667 27.067040
173500018572 22.921400
173600014832 32.243725
173700017189 26.771929
173800026665 18.329425
173900024087 22.783186
174000029801 19.296683
174100028584 25.096879
174200013374 19.219158
174300015425 14.069389
174400029525 16.075885
174500020526 14.662149
174600018196 16.919977
174700017961 22.142469
174800032068 28.589335
174900027763 42.436328
175000027651 45.108923
175100032391 38.773843
175200031908 27.116020
175300015958 14.464559
175400027724 16.046565
175500017986 21.478368
175600028766 29.456484
175700012744 31.010783
175800015036 22.034714
175900014192 13.628407
176000013964 12.473274
176100011091 13.386404
176200012701 18.254449
176300013855 22.384968
176400018009 24.638282
176500024269 31.486699
176600017377 46.022620
176700026167 41.208058
176800023118 33.532697
176900023783 29.515918
177000015413 14.383568
177100016049 13.556137
177200012693 19.836846
177300012331 18.632334
177400031801 23.289373
177500014516 37.725984
177600029970 34.260592
177700013047 35.021577
177800017873 32.247824
177900014225 14.526508
178000010273 14.811935
178100013719 15.310368
178200016494 14.991992
178300010485 18.864667
178400015609 24.794116
178500016719 24.851827
178600025489 29.773826
178700021221 34.066068
178800018285 33.063584
178900013938 28.003102
179000013392 28.738181
179100013921 21.707310
179200017662 10.470110
179300018588 15.975640
179400014232 24.506180
179500013609 20.689479
179600012150 19.580753
179700018392 22.885024
179800013358 24.183827
179900011694 24.029639
180000009658 23.835692
180100015867 19.535221
180200014507 15.913063
180300006056 15.319267
180400000893 16.752464
180500017821 20.744736
180600017153 21.617607
180700014812 26.728672
180800014419 38.749345
180900013909 31.164364
181000010827 27.197827
181100013012 26.725709
181200011968 24.875714
181300014043 29.037021
181400015775 30.402971
181500012604 32.371576
181600014605 32.222866
181700013395 35.538962
181800017590 32.515712
181900013280 31.844551
182000012150 28.918346
182100011570 13.931456
182200013770 14.708805
182300013982 16.211686
182400013077 22.985808
182500011123 26.615527
182600015884 29.730354
182700015813 30.784991
182800010214 29.934017
182900019177 34.445692
183000015416 41.421063
183100013469 38.967748
183200013345 33.202408
183300013774 32.405692
183400019634 10.347182
183500013602 15.761047
183600015257 17.634118
183700018349 28.557016
183800018696 31.529209
183900012810 35.014779
184000011681 37.581758
184100018294 22.311521
184200015999 13.436773
184300017149 18.284741
184400020955 22.615747
184500013678 20.161292
184600014025 21.900893
184700014707 20.661470
184800008181 16.660364
184900014841 21.403176
185000012573 24.721983
185100015370 19.806877
185200010570 14.291491
185300015294 16.700959
185400018794 17.372721
185500011183 22.189083
185600009502 21.387605
185700009503 23.817003
185800014798 36.477325
185900020944 31.201709
186000013032 32.924658
186100010722 33.352415
186200017845 16.123107
186300019424 13.178882
186400012546 15.609947
186500014479 17.004315
186600017964 19.697551
186700015592 25.957602
186800017502 23.618145
186900016372 25.039653
187000011861 21.544304
187100015791 13.684424
187200011818 14.966420
187300013377 18.241188
187400011735 23.162903
187500017705 21.570234
187600014350 22.337140
187700011908 23.021017
187800014733 23.515508
187900019415 25.116863
188000015688 26.635569
188100014575 24.382401
188200012524 23.286954
188300015178 21.629244
188400013995 11.123994
188500010557 16.795248
188600020728 19.744505
188700015861 21.136296
188800017415 21.423030
188900014677 20.211027
189000020112 22.022743
189100016874 21.362553
189200013686 21.003198
189300014911 21.041046
189400015689 18.167124
189500013859 15.523498
189600011366 17.077129
189700016435 16.889136
189800010768 19.121928
189900013329 21.348629
190000013535 21.495516
190100010082 25.052468
190200012326 28.864081
190300011269 26.946817
190400017390 26.832986
190500012600 26.991751
190600017353 24.921091
190700014337 28.603783
190800014271 30.337409
190900016732 32.230852
191000011385 36.490515
191100015978 32.096526
191200017186 33.486461
191300016690 33.583587
191400020658 22.472272
191500018060 17.683792
191600014910 15.690961
191700015402 16.941861
191800014637 17.462999
191900014413 18.351311
192000011172 20.841407
192100011904 22.648654
192200011454 23.897565
192300110625 26.484003
192400017422 30.887725
192500018971 34.829217
192600018227 31.274239
192700015867 28.630225
192800018261 25.066695
192900011303 10.689670
193000018244 17.277049
193100016742 16.077560
193200110008 14.136313
193300017851 17.122832
193400018461 18.888371
193500015782 20.947568
193600015155 27.066806
193700018636 25.093119
193800016891 27.570782
193900013253 23.132813
194000017526 21.762975
194100017391 11.529704
194200011713 12.041672
194300017852 16.243679
194400018802 20.968646
194500013976 23.578469
194600012220 24.042128
194700015314 24.351430
194800019907 13.491795
194900012320 16.599306
195000014688 18.379756
195100017024 21.015049
195200012471 18.703914
195300017932 18.653896
195400017742 21.548256
195500016636 23.088043
195600009349 23.772249
195700013731 22.635389
195800015741 22.919691
195900010216 20.846029
196000016505 22.081931
196100021935 21.636754
196200019814 22.421782
196300012756 11.885035
196400021798 17.709547
196500017330 18.267708
196600013961 21.528650
196700013467 21.994992
196800015127 22.570392
196900012776 23.194956
197000015659 23.242725
197100013663 25.344512
197200012264 25.106339
197300014474 25.540802
197400011762 26.096865
197500013139 22.635325
197600010562 21.451994
197700015558 26.164777
197800017454 23.548315
197900018100 24.420024
198000013177 31.550238
198100016060 24.480389
198200018088 15.042884
198300013520 20.169951
198400018437 19.017284
198500015672 18.044136
198600015308 17.258424
198700014676 19.556119
198800014418 20.257299
198900009936 20.646254
199000011356 22.238097
199100015391 25.444007
199200011286 25.284539
199300014706 25.548473
199400013746 28.095559
199500015221 26.978866
199600018177 30.439146
199700019598 29.310094
199800014385 30.423361
199900016316 31.463324
200000010224 29.988681
200100016577 18.531797
200200011523 13.738344
200300012911 18.438590
200400014484 23.032441
200500017548 26.571479
200600015598 26.440929
200700016424 28.586540
200800017256 23.333279
200900017072 26.108431
201000009397 11.745982
201100015157 15.877312
201200015511 21.468097
201300009404 24.142301
201400013431 21.645991
201500009522 25.870717
201600011645 22.621996
201700010938 25.114541
201800012196 22.113198
201900014058 23.770762
202000013046 23.669304
202100011680 22.618971
202200013083 23.887479
202300013697 23.174419
202400019417 24.470440
202500020012 27.065978
202600014686 31.327973
202700018785 31.784657
202800015421 31.079793
202900017629 20.222975
203000009980 12.955604
203100018251 14.711636
203200015372 18.826044
203300011907 22.099938
203400012999 24.526087
203500019894 25.416959
203600014698 30.233199
203700020147 27.722856
203800016166 28.800975
203900014753 29.047675
204000014630 12.298703
204100012248 10.816187
204200015816 17.450554
204300017106 17.885007
204400018147 24.635595
204500013982 28.168469
204600013305 28.524338
204700015381 27.993845
204800010634 31.811754
204900013209 32.243470
205000013325 32.414276
205100018576 34.466657
205200018822 35.177559
205300015470 31.168471
205400016671 27.860607
205500008800 27.032648
205600015545 18.295104
205700015464 20.061508
205800017430 22.133585
205900014313 24.021163
206000016291 23.935408
206100023095 25.799121
206200016543 15.167879
206300019304 12.663950
206400012165 16.922849
206500012274 17.955803
206600015952 16.469920
206700014560 15.409491
206800014956 16.881996
206900013726 21.744499
207000012673 22.126714
207100013846 22.719183
207200011863 20.194226
207300013200 21.354590
207400019312 23.521072
207500012419 26.854852
207600009623 25.521924
207700010751 23.794915
207800015566 21.468933
207900012654 14.253986
208000012554 12.694249
208100015071 13.190730
208200018381 20.662622
208300014952 23.128340
208400013501 24.460159
208500015698 27.508820
208600008176 29.989682
208700013239 26.606736
208800012833 27.152399
208900129326 26.915546
209000015695 22.031223
209100016036 30.328243
209200016166 24.043399
209300012054 25.048171
209400017038 25.059792
209500020968 22.317988
209600015657 11.086930
209700013741 16.715589
209800010031 18.879088
209900011925 23.029413
210000017012 20.689294
210100008770 22.957436
210200018211 21.839836
210300015438 20.311965
210400011369 19.993766
210500012711 19.166897
210600011556 17.608332
210700124367 18.074484
210800018087 18.474582
210900015520 25.016219
211000015183 24.291807
211100015913 23.277864
211200012772 24.723700
211300012387 22.964162
211400017707 14.223476
211500014246 20.110881
211600008330 19.347565
211700014132 19.493953
211800010736 22.187192
211900018567 24.692052
212000014256 29.529805
212100019146 27.430426
212200011286 28.748751
212300011926 24.787339
212400014015 17.632509
212500012014 15.248838
212600011404 14.596879
212700016532 16.166085
212800019168 19.636680
212900020552 28.085112
213000019263 30.331867
213100016200 29.448343
213200019051 29.498631
213300012731 28.654045
213400014316 10.705156
213500009365 14.298087
213600012707 19.054305
213700015042 19.282266
213800013208 23.255393
213900015414 23.738090
214000016820 23.708197
214100015144 24.772577
214200012724 21.720012
214300010607 20.119009
214400013342 19.937490
214500019684 22.564763
214600019015 24.212122
214700014947 22.595427
214800014222 22.191576
214900013135 23.083060
215000017936 17.037787
215100019321 15.765887
215200011194 19.469944
215300010628 23.198947
215400014617 24.392906
215500018240 22.423601
215600010530 22.120960
215700010288 24.499636
215800011335 22.960407
215900015674 25.893646
216000012876 27.657937
216100011710 25.972597
216200018584 33.661818
216300015434 29.246310
216400019078 25.584497
216500017273 25.342702
216600016072 26.352426
216700012787 12.873227
216800021435 14.595420
216900017872 18.789685
217000014337 22.146996
217100022695 25.086828
217200013813 27.540476
217300013911 31.033636
217400011052 23.493322
217500012475 28.048528
217600012697 19.317761
217700015844 11.945340
217800013924 14.485824
217900012370 17.781011
218000017361 18.464747
218100019574 19.008504
218200019436 21.823217
218300011921 23.410861
218400014497 24.624856
218500016218 24.003826
218600019585 21.830799
218700014207 11.719179
218800016047 14.180745
218900014889 15.888922
219000014031 17.944202
219100013554 17.570779
219200017271 19.276691
219300015837 22.801739
219400012528 22.652312
219500012736 23.573128
219600011904 22.242776
219700021339 23.915206
219800017650 21.650220
219900013384 21.657741
220000016001 21.928718
220100016297 26.786064
220200015753 16.739363
220300011044 14.687057
220400010445 21.152677
220500014722 21.626147
220600016665 16.877605
220700012380 17.409141
220800015826 21.447092
220900014039 24.128419
221000017753 27.337358
221100017584 22.775713
221200015251 21.307932
221300018234 16.699854
221400014710 20.646152
221500012859 17.992796
221600015707 22.699740
221700014136 15.321072
221800010836 14.709223
221900009799 16.727293
222000016121 20.240650
222100012517 23.316682
222200017816 26.376771
222300011706 25.006369
222400017826 27.211992
222500016280 22.662727
222600021043 24.915858
222700018932 23.938948
222800016392 21.359560
222900018306 20.441971
223000016396 24.050082
223100016250 20.728674
223200018182 12.364056
223300019949 13.911107
223400014552 18.017030
223500014115 17.173494
223600010912 19.045228
223700018044 20.775741
223800020556 15.965449
223900014167 15.555180
224000013065 22.254402
224100011688 23.099695
224200014656 23.572517
224300015886 22.602257
224400011634 21.357982
224500045416 23.049338
224600016398 24.570938
224700016376 27.920137
224800013369 33.449524
224900011491 31.873753
225000019124 32.096366
225100011775 31.619109
225200019559 29.173115
225300010531 12.915772
225400012469 16.746680
225500018265 22.236938
225600014824 11.768833
225700014086 13.562217
225800017846 14.175131
225900018089 19.650978
226000015189 19.623780
226100017607 22.114233
226200016432 26.195055
226300016860 24.476356
226400017749 24.403090
226500018495 14.925395
226600017932 17.756500
226700011065 18.161762
226800019649 18.961749
226900017792 21.899286
227000015098 19.524549
227100017247 23.080475
227200016723 24.150029
227300011369 25.450168
227400017997 13.384113
227500017457 15.951187
227600013138 19.522792
227700015436 21.835463
227800015137 21.543605
227900009898 22.825821
228000012835 22.699563
228100011032 21.533563
228200012454 26.095798
228300015017 22.007211
228400013123 24.907438
228500014186 24.304440
228600015714 27.795716
228700017879 24.272740
228800013982 22.567582
228900015061 23.115560
229000012415 26.185288
229100013249 12.286780
229200010883 17.955973
229300016394 19.693050
229400010874 22.299074
229500013996 25.057963
229600014630 28.300640
229700017621 27.406187
229800012271 29.306034
229900012644 28.902174
230000013087 22.630067
230100015377 11.827363
230200018494 14.824078
230300018718 17.752842
230400017994 16.535612
230500017683 17.791164
230600016551 17.514087
230700018062 17.479419
230800015922 12.981882
230900014827 16.123081
231000014839 21.556360
231100018582 23.859283
231200008966 25.060522
231300017634 28.629195
231400017061 27.047388
231500017340 25.989236
231600018049 28.029044
231700015752 30.089651
231800012586 31.647396
231900013747 28.486231
232000012487 30.015792
232100009601 31.724015
232200013219 18.691040
232300014340 16.715640
232400014189 16.477051
232500058144 18.191004
232600015104 22.168914
232700015230 22.624882
232800009999 24.734929
232900012494 24.741429
233000016371 32.155357
233100018955 30.902585
233200017195 29.143812
233300009465 30.814071
233400015240 31.206421
233500020263 28.825167
233600010849 11.217833
233700016641 14.797506
233800016333 17.760369
233900010499 19.130469
234000016702 21.761060
234100017948 22.274607
234200014475 21.895334
234300018694 22.124952
234400019089 23.882277
234500016469 22.168766
234600013970 21.331178
234700012046 21.021703
234800017615 21.428612
234900018035 22.008462
235000018942 27.708200
235100014252 25.807702
235200012444 25.182969
235300018891 31.622183
235400020338 30.582863
235500014470 19.226512
235600015137 14.943442
235700010186 18.457690
235800016916 23.581951
235900015199 23.577827
236000015974 24.537104
236100017694 25.503834
236200012050 22.122040
236300010097 24.281603
236400013147 12.070552
236500011230 16.407431
236600012900 18.130190
236700013029 21.354871
236800010956 22.946997
236900020475 24.105730
237000015023 22.813203
237100013750 24.772534
237200017249 26.613240
237300016772 24.426435
237400018163 20.515271
237500035449 20.436522
237600018728 20.197306
237700013294 21.356066
237800015703 11.274778
237900010597 17.923144
238000019867 20.429515
238100016210 24.379764
238200019490 22.109219
238300017652 19.822869
238400016609 19.684554
238500015753 20.363950
238600014770 15.615113
238700015675 12.008779
238800013436 14.562438
238900010566 20.169533
239000012062 21.048766
239100012969 23.897429
239200010238 28.045809
239300018101 29.631998
239400012431 28.157961
239500012706 28.868057
239600013745 32.267996
239700016820 28.924183
239800014855 28.588282
239900020199 23.696188
240000014232 23.724408
240100014496 23.950469
240200014576 12.747174
240300013082 13.406640
240400019399 20.236077
240500018257 22.620844
240600014356 28.360859
240700013247 23.975944
240800010924 23.973253
240900012655 26.611947
241000014899 15.238137
241100015928 19.008214
241200009362 20.785698
241300015449 24.526275
241400015039 20.614536
241500017011 18.888020
241600015089 12.843742
241700017612 10.948736
241800016096 16.137876
241900017618 16.626171
242000018930 18.318612
242100136335 23.709416
242200019553 25.258837
242300014569 24.330383
242400014177 22.318225
242500014405 22.089271
242600009807 14.290164
242700018741 13.232986
242800015124 16.483518
242900019822 21.495471
243000018533 26.209945
243100017547 27.014999
243200011160 28.832864
243300010991 25.161853
243400019547 23.349072
243500014091 12.806918
243600015558 11.714804
243700015438 14.029751
243800017828 18.292286
243900012189 22.172688
244000015441 26.229476
244100019438 27.561365
244200017455 29.797665
244300012711 28.734060
244400015147 24.048846
244500018323 26.956932
244600013349 23.767667
244700014728 18.104678
244800015404 13.901287
244900012116 17.215427
245000009586 16.821926
245100014961 16.860836
245200016268 18.033958
245300015685 20.406004
245400019439 23.346480
245500018798 23.869682
245600016319 22.617558
245700019599 26.282273
245800016780 22.886414
245900015231 23.042933
246000016155 23.704191
246100014837 23.553883
246200013629 22.608266
246300009609 17.542790
246400012100 17.642000
246500015185 17.785267
246600010656 11.413726
246700015129 14.151957
246800009611 16.775574
246900013068 19.611921
247000010272 18.721880
247100012543 22.886985
247200017856 23.020759
247300019448 27.223578
247400013802 26.930494
247500016365 25.989760
247600013871 26.994465
247700012948 24.888128
247800012425 16.888333
247900017401 14.875375
248000009634 17.162288
248100013596 17.238498
248200011271 18.907052
248300010992 17.400061
248400015450 21.350374
248500016314 24.738257
248600012074 26.118915
248700014767 27.779257
248800015018 27.817556
248900013121 30.523331
249000019507 29.351768
249100012979 33.552707
249200016943 27.984629
249300013694 27.151079
249400017770 27.878601
249500016733 30.170956
249600012561 24.717940
249700013067 10.605308
249800017484 16.826628
249900016258 19.507216
250000013521 20.319933
250100020564 24.051494
250200020721 23.325047
250300018028 26.543024
250400016398 22.358328
250500009972 18.695622
250600020683 19.251972
250700020632 23.154155
250800014842 20.594395
250900017217 20.179479
251000020031 22.417803
251100018726 22.199137
251200011885 22.806264
251300015300 10.670632
251400015941 14.595099
251500010844 20.275265
251600015997 19.799538
251700013528 21.722006
251800014272 21.850350
251900012486 24.567010
252000016153 26.976177
252100021428 24.004172
252200019235 23.524444
252300013137 21.707553
252400019564 23.482362
252500019624 17.932406
252600010018 12.980098
252700012580 18.069607
252800012346 20.828711
252900015978 20.041869
253000013809 19.417538
253100017382 19.833833
253200014741 21.092761
253300018936 21.476660
253400011184 21.434445
253500014383 19.293058
253600014415 17.533399
253700011827 18.420606
253800014025 22.822389
253900018476 24.028450
254000018772 25.042258
254100014017 23.766447
254200017011 27.155631
254300009823 30.185947
254400012110 15.050976
254500011282 16.781700
254600010627 17.236368
254700013614 20.378181
254800013829 19.113437
254900015322 19.874910
255000124560 21.585946
255100014932 20.395543
255200017442 24.876489
255300017751 31.886307
255400017368 30.569815
255500014520 29.774562
255600014077 30.844090
255700013162 30.047362
255800018404 19.194363
255900016753 14.596281
256000010774 15.599902
256100008860 19.450449
256200014644 20.365609
256300011368 22.295420
256400016966 20.875748
256500016168 22.183618
256600014976 23.894041
256700015167 23.411981
256800020294 23.622232
256900010544 22.197294
257000014710 23.358875
257100012957 24.914391
257200010124 24.588868
257300018529 19.840321
257400017575 20.436458
257500017580 17.580924
257600018639 20.216259
257700017760 12.038575
257800013614 11.796450
257900013744 16.421190
258000013131 18.516114
258100013693 22.083018
258200015839 26.424067
258300015278 25.265805
258400011586 27.344107
258500013455 25.309281
258600013585 22.460807
258700014215 24.461598
258800015736 21.102336
258900013112 23.376653
259000018430 22.916331
259100013062 26.437313
259200015216 27.896826
259300018196 26.585751
259400016369 30.621381
259500011800 32.278575
259600014298 29.388983
259700015517 12.972469
259800019854 10.749082
259900013261 15.520591
260000016357 17.282702
260100016328 17.222188
260200015550 20.776216
260300016235 22.776263
260400020589 25.919069
260500017401 24.155151
260600015005 23.756216
260700017012 21.112903
260800012944 22.203756
260900019646 21.186397
261000022070 21.788371
261100019932 14.227735
261200020584 20.277760
261300018551 21.698784
261400014154 21.439174
261500011196 20.515477
261600018757 17.858136
261700018848 12.606748
261800011397 13.716066
261900016308 17.388807
262000017561 17.419889
262100014781 17.129648
262200017231 20.305515
262300015012 10.028556
262400016232 15.586736
262500015145 19.583444
262600016646 21.505621
262700015955 23.847299
262800009124 24.250271
262900018431 25.773611
263000017814 23.151297
263100013472 20.359244
263200012630 18.704843
263300018965 21.588422
263400017795 20.892910
263500018343 22.924975
263600015519 22.832860
263700015363 23.631591
263800011907 23.645224
263900010443 19.324656
264000012751 11.426331
264100011050 11.770607
264200018762 16.851155
264300015343 18.012704
264400010960 20.412846
264500041577 22.769913
264600013146 26.477547
264700018653 21.403862
264800011903 19.946549
264900017661 21.296511
265000011513 20.445525
265100016383 18.248136
265200012282 20.135300
265300016341 19.087903
265400010546 19.799279
265500019687 16.059142
265600013593 21.458981
265700014182 25.521772
265800017122 27.528079
265900014603 26.274570
266000015371 29.158337
266100015611 18.592258
266200012976 16.232034
266300017114 17.224622
266400014670 11.453007
266500015202 14.432263
266600013797 17.374330
266700010790 18.857947
266800011009 17.832631
266900019610 21.509365
267000017236 27.597510
267100013853 32.978939
267200020061 29.600613
267300013756 30.900714
267400014175 31.595468
267500012592 25.649710
267600017021 15.832482
267700013073 11.843887
267800018322 10.933074
267900017687 16.156853
268000019894 22.310601
268100014363 22.220697
268200009838 26.510414
268300016863 23.577154
268400016005 26.149328
268500018815 20.665165
268600015958 9.129779
268700014343 15.517990
268800014638 16.661954
268900011562 20.718761
269000010723 23.564654
269100010150 26.412080
269200012470 27.021809
269300015626 34.274191
269400018311 38.069193
269500021010 34.315568
269600017579 30.064889
269700012681 29.882094
269800010241 25.088565
269900015445 19.932725
270000014728 12.380703
270100018279 12.993796
270200013878 18.057037
270300018361 20.214351
270400013557 23.000423
270500019012 24.947871
270600018672 26.470684
270700019237 26.469787
270800017101 25.212449
270900013990 28.168716
271000019856 30.862493
271100020593 31.198292
271200013896 12.149489
271300015100 18.402447
271400016295 21.744452
271500155855 26.881173
271600014425 32.290808
271700015059 12.154277
271800015115 14.395809
271900013722 17.327031
272000015720 18.812360
272100011566 18.251112
272200018901 17.382817
272300015614 11.631947
272400013535 16.733758
272500011816 22.694266
272600014175 24.411773
272700017700 23.810661
272800016450 24.190171
272900014112 25.678246
273000083166 25.691014
273100016854 15.100676
273200012106 14.305770
273300010190 18.441228
273400010516 23.229187
273500014088 21.148081
273600013199 21.784049
273700012753 21.551271
273800017344 23.053780
273900012580 22.501825
274000016179 21.387278
274100013102 20.652206
274200020325 22.085027
274300015561 26.506307
274400015086 25.056454
274500013011 23.355944
274600023128 24.000896
274700015563 24.684425
274800020139 28.525942
274900010969 16.432755
275000013666 14.743568
275100016181 17.626605
275200015187 21.111137
275300014427 21.568879
275400013347 23.301799
275500014933 26.046445
275600014911 25.727581
275700016885 26.087821
275800019078 25.084374
275900011294 22.466124
276000018916 24.660224
276100015768 23.453321
276200013916 25.304814
276300014248 24.740437
276400018204 24.563219
276500014479 25.395534
276600014570 28.591172
276700022322 30.237506
276800016360 28.685993
276900012438 16.869147
277000013418 17.459355
277100018062 17.637206
277200018438 19.958005
277300009788 22.719796
277400016188 16.604890
277500012179 17.230670
277600020003 21.238906
277700018449 23.710704
277800018834 23.179188
277900011934 23.953115
278000015226 31.538501
278100016810 30.658978
278200013454 30.117475
278300018003 10.301152
278400021638 16.437427
278500019534 23.020292
278600018823 23.234531
278700012505 17.578747
278800010608 18.438958
278900019196 18.111420
279000011325 13.170586
279100012196 12.949911
279200015365 14.594342
279300016205 17.235378
279400011224 18.549100
279500019006 18.738470
279600014229 21.164994
279700010393 22.079574
279800015689 21.922482
279900010096 21.497612
280000014774 19.061371
280100014798 18.034535
280200014715 20.292454
280300013967 24.009120
280400010614 25.549496
280500018316 25.500328
280600009498 23.918210
280700010815 27.520879
280800013863 28.570108
280900012624 24.560804
281000017063 13.406387
281100013625 16.186159
281200016162 20.692179
281300011159 21.950166
281400010558 22.419995
281500012153 23.492541
281600018949 26.308397
281700012567 24.181101
281800011621 25.584604
281900014389 23.252163
282000018066 25.634388
282100016046 28.882857
282200011110 25.039579
282300008156 23.297338
282400012441 24.439369
282500013131 25.081916
282600015774 24.173091
282700014971 18.218964
282800018750 19.196219
282900018294 23.507609
283000013992 22.495434
283100016444 22.976906
283200019574 23.413412
283300014165 28.520911
283400012381 23.709039
283500013398 12.525816
283600013471 9.332319
283700004970 12.532886
283800004618 15.489514
283900007780 9.227896
284000008686 10.568491
284100006892 14.331532
284200003453 1.255394
284300007484 0.743782
284400007824 18.553932
284500005852 19.845534
284600004379 35.967120
284700008019 33.283671
284800010246 47.686044
284900009226 122.925688
285000009418 142.939443
285100007957 43.854298
285200008147 35.477959
285300008529 62.371677
285400008720 51.724289
285500004433 8.599528
285600006436 8.623806
285700007201 8.731673
285800006062 16.804034
285900004068 4.428372
286000008534 3.842502
286100007756 6.818518
286200008220 63.834083
286300008797 61.678959
286400006451 40.324408
286500007403 32.998313
286600008792 47.617028
286700007717 96.236512
286800008605 6.050345
286900008952 7.556487
287000012615 4.939841
287100007528 37.396770
287200006946 26.608317
287300006142 15.774331
287400006627 4.279575
287500005287 3.937894
287600004872 3.369387
287700007376 23.113337
287800009008 71.195861
287900008894 53.088020
288000008982 44.075467
288100010701 35.000772
288200007083 51.590220
288300004803 84.678348
288400005808 16.788517
288500006190 4.110807
288600006285 4.467120
288700006211 4.162872
288800005329 21.151466
288900006576 24.269345
289000005537 23.592181
289100006575 22.069701
289200004274 19.013858
289300006164 12.512802
289400005939 28.808999
289500005658 22.280911
289600005161 27.526367
289700004858 21.321575
289800005768 21.809845
289900006101 29.985007
290000004225 22.742081
290100005665 17.144514
290200005498 24.217280
290300006445 35.769484
290400007198 24.182578
290500005867 31.378552
290600006830 26.875359
290700006023 37.321505
290800005924 10.210331
290900006359 17.520679
291000005211 20.574671
291100004125 15.535235
291200006378 25.002296
291300005562 24.209378
291400004858 16.889643
291500004201 8.560641
291600004576 23.983014
291700006861 28.725057
291800006460 30.570850
291900005228 25.505343
292000005574 12.920227
292100006055 32.652823
292200006590 40.115277
292300005616 21.613742
292400005324 22.391166
292500006290 29.869906
292600005898 29.848377
292700004018 9.532174
292800004772 19.403384
292900006275 13.367627
293000005588 14.814109
293100006093 27.780037
293200004373 17.098332
293300004818 20.961871
293400005898 21.399632
293500005373 20.218858
293600005628 35.319878
293700006296 33.550524
293800006178 29.805496
293900007158 26.622862
294000004384 20.878584
294100005146 22.754459
294200006700 25.384462
294300005963 32.140660
294400005893 18.573365
294500006067 17.999457
294600006310 11.471123
294700004913 25.506770
294800004979 27.104925
294900004035 25.891628
295000005629 26.848784
295100006614 19.041438
295200006042 32.183698
295300006709 23.233904
295400004603 34.558702
295500004176 31.525012
295600003277 29.690905
295700005614 20.615098
295800005791 26.804801
295900005299 29.078421
296000007108 31.687613
296100005725 32.599486
296200006302 23.020086
296300006150 34.076714
296400006033 45.701621
296500006741 19.322659
296600005899 26.129082
296700006121 30.597200
296800006489 17.670283
296900006207 21.899055
297000005212 26.977195
297100023587 32.597011
297200005436 26.723157
297300004337 26.910671
297400005646 28.110079
297500005358 35.464494
297600006286 13.155064
297700003663 23.395420
297800007061 31.598714
297900005883 30.965884
298000004382 35.863026
298100006887 35.647748
298200006758 33.953117
298300006792 31.871721
298400006184 22.714494
298500004646 22.354802
298600003896 34.884908
298700004395 25.228007
298800006548 29.898774
298900006066 29.369171
299000006027 34.049222
299100005054 28.726892
299200005964 31.668900
299300005981 27.986601
299400004998 37.527832
299500005395 29.715818
299600006337 22.586642
299700006830 31.660952
299800005829 26.239836
299900004441 16.005124
300000006161 26.134760
300100005302 25.268663
300200005694 28.548525
300300006297 28.416155
300400006259 31.664566
300500005978 19.348700
300600006518 29.360539
300700003928 22.818798
300800005056 27.449363
300900004701 25.548442
301000006146 23.742563
301100004299 24.799686
301200004009 27.184507
301300006046 21.550073
301400005756 17.646007
301500005107 12.996795
301600005351 26.882044
301700005997 29.746656
301800004418 18.335511
301900005014 44.397602
302000005912 30.001439
302100006976 22.194083
302200003993 25.655817
302300004882 24.392285
302400004077 19.577276
302500006165 30.671362
302600006106 39.335299
302700008300 25.865689
302800003953 24.280394
302900006218 34.180810
303000023271 23.615178
303100005975 31.722833
303200003337 40.654226
303300006570 20.055019
303400005948 32.797491
303500006104 18.741711
303600006108 18.780046
303700006563 26.033188
303800005457 29.128924
303900003911 24.959370
304000006270 37.351142
304100006585 15.464653
304200004587 22.648889
304300005950 31.086177
304400005408 36.677049
304500004798 23.976033
304600004235 37.846761
304700004718 37.314402
304800004631 29.473571
304900004685 17.973229
305000005955 32.897559
305100006769 19.609229
305200006061 27.932869
305300006752 23.005135
305400006800 24.635965
305500007004 33.039165
305600006725 32.480565
305700004016 15.919723
305800007094 19.250253
305900007818 54.732870
306000007075 27.424649
306100039846 21.690094
306200005781 19.532705
306300004983 28.855561
306400006362 30.836862
306500006240 22.580835
306600004541 19.858891
306700005767 17.868153
306800005494 22.156751
306900006921 31.778958
307000004252 20.169015
307100003721 26.751073
307200006618 18.166116
307300006484 25.436417
307400004299 30.416511
307500006173 24.797380
307600006867 27.763409
307700006209 34.773123
307800004994 28.329009
307900005966 23.237272
308000006313 15.571454
308100006420 29.649794
308200006188 32.487299
308300006476 23.342562
308400006535 15.802741
308500004154 31.492526
308600004492 20.992557
308700006808 18.396784
308800006047 19.583664
308900006254 22.976529
309000005529 25.522178
309100006292 19.283524
309200006511 20.504763
309300004808 14.839360
309400004123 25.123091
309500006778 23.140302
309600005855 24.935435
309700005798 25.406031
309800006770 26.928920
309900006828 32.808863
310000005837 22.106544
310100005618 30.348722
310200005587 21.902801
310300005593 17.400416
310400005557 17.605720
310500006947 32.544060
310600006298 31.936283
310700005523 20.145022
310800004327 25.939751
310900006251 33.183563
311000005484 32.164643
311100005828 22.645462
311200006349 27.376119
311300003697 18.029381
311400003455 11.970537
311500001414 9.753847
311600002888 13.126420
311700003310 15.381107
311800003093 9.136612
311900001175 9.345319
312000003805 27.261755
312100003671 55.800209
312200003538 52.525412
312300003057 54.175449
312400003099 56.565119
312500004070 56.905990
312600003515 58.742057
312700003132 53.766146
312800003990 56.069457
312900001126 55.414524
313000001016 52.437046
313100003105 54.708588
313200003865 53.128922
313300003586 51.479204
313400003483 59.540480
313500004018 54.508124
313600003842 52.170593
313700004062 55.357049
313800003153 53.700409
313900003717 52.974436
314000000817 55.236651
314100002837 55.642695
314200004062 52.127546
314300003610 56.727218
314400003272 54.507676
314500004240 52.190280
314600003212 58.052735
314700002959 55.512129
314800003400 54.104738
314900003823 53.893744
315000003379 51.456000
315100003985 54.059971
315200003814 53.339914
315300003915 49.051720
315400003525 53.370209
315500003620 53.052598
315600003470 55.629904
315700000766 50.473574
315800003221 51.854723
315900003294 54.453130
316000001096 56.630166
316100003626 54.900389
316200003413 55.296002
316300003114 56.869740
316400003416 56.586951
316500003574 61.034849
316600003749 58.082431
316700003430 54.995973
316800003366 53.091907
316900003718 52.269724
317000003544 53.118076
317100003656 53.857543
317200002833 55.542707
317300003469 52.508292
317400003612 55.281529
317500000871 53.286529
317600001136 57.026244
317700003400 52.535505
317800003067 54.464024
317900003503 55.166640
318000003140 57.351236
318100001571 53.275404
318200004190 54.003319
318300003957 55.046000
318400002851 58.188386
318500003796 52.422883
318600003434 56.982807
318700003822 53.683287
318800003351 53.003447
318900003887 56.508383
319000004075 55.022137
319100001168 58.191059
319200003600 52.873911
319300002973 50.068227
319400003400 50.958056
319500004473 52.049633
319600002858 56.159068
319700003571 56.561574
319800001049 53.792796
319900003576 54.676366
320000003882 55.126570
320100003800 58.477058
320200002923 55.483344
320300003749 52.228263
320400003225 55.769287
320500003541 54.013255
320600003667 53.839150
320700002762 54.775851
320800001132 53.129411
320900002659 55.310440
321000002692 52.183514
321100003325 52.430278
321200003381 52.866210
321300003655 54.324212
321400003263 55.592422
321500004013 55.803957
321600003961 59.387548
321700004662 53.133629
321800003580 54.018725
321900003149 54.081121
322000003124 56.637491
322100003379 51.083969
322200003760 53.786897
322300003862 53.474073
322400003686 57.091140
322500002879 54.927156
322600003666 54.202128
322700003702 54.995683
322800003829 57.273340
322900003308 55.038617
323000003148 54.319809
323100003775 51.161085
323200003509 55.801946
323300003481 51.917183
323400003450 53.498226
323500003379 54.285767
323600001151 53.118056
323700003691 54.186934
323800003340 54.131101
323900004336 55.530367
324000003524 56.975965
324100003427 55.565769
324200002575 55.006926
324300004060 56.300835
324400003053 56.058525
324500003566 53.183431
324600003200 56.719485
324700003151 56.575656
324800003440 55.715713
324900003468 53.018486
325000003337 53.593568
325100003464 54.387951
325200004158 57.603285
325300003259 55.808749
325400002959 53.547280
325500003269 54.965797
325600003521 53.216003
325700003728 54.147476
325800001022 55.325914
325900000981 56.284867
326000004139 54.360362
326100002773 55.292414
326200003240 55.850163
326300003359 55.798591
326400004165 52.766894
326500002851 55.846581
326600000904 53.758100
326700002963 51.567585
326800002955 52.752463
326900003918 52.027452
327000000993 53.000498
327100003345 51.523608
327200003017 52.045989
327300002682 56.200579
327400003050 53.893399
327500002616 57.234040
327600003149 53.866614
327700003626 57.682545
327800004379 55.384810
327900001077 53.460798
328000003464 54.052161
328100003381 56.184427
328200003059 55.352048
328300003927 55.355196
328400003431 51.899041
328500003599 50.725136
328600000894 57.281581
328700000929 57.795811
328800003191 54.932754
328900001427 56.821832
329000003103 52.744270
329100003802 54.744269
329200003385 56.455906
329300003868 56.603537
329400003088 52.355305
329500003763 56.838856
329600004055 54.403864
329700001332 53.822337
329800003362 56.148099
329900003481 55.868764
330000003133 56.077476
330100000696 54.424620
330200003688 50.154562
330300003381 51.202823
330400000903 55.265420
330500002860 56.894674
330600000958 49.775547
330700003909 54.016021
330800002008 56.587965
330900000945 53.270015
331000003655 60.338582
331100003624 51.056969
331200003270 55.950511
331300000885 62.534969
331400003895 55.090401
331500003074 52.777678
331600003591 55.522248
331700003423 52.521070
331800003318 54.448674
331900003348 51.483217
332000001241 50.641286
332100001266 53.179247
332200003572 53.031989
332300002668 53.511352
332400002629 55.494587
332500003229 58.092345
332600003176 52.600363
332700003564 55.760948
332800003638 55.029212
332900003254 54.879002
333000003163 51.392988
333100004158 56.512838
333200003423 51.876224
333300003636 53.407744
333400003924 55.989678
333500003434 54.191573
333600003167 53.336260
333700003317 56.004335
333800001035 57.249357
333900003731 55.452522
334000003733 57.267261
334100003006 56.333853
334200003660 55.531885
334300003883 55.653228
334400003136 52.097366
334500003286 56.777422
334600003983 54.370202
334700003167 54.361320
334800003464 52.725748
334900000909 54.262136
335000003630 50.082195
335100003122 54.997819
335200003693 52.647573
335300003406 54.856162
335400003296 53.401830
335500003497 55.952698
335600003660 53.369814
335700003013 56.701196
335800001114 55.626204
335900003022 54.509344
336000003316 53.168165
336100003628 53.952690
336200003415 53.754206
336300003273 55.459767
336400003605 52.153130
336500003164 55.164125
336600003339 56.136297
336700004088 54.461531
336800003339 54.892873
336900003232 52.365293
337000003214 49.597436
337100003482 56.367831
337200003490 52.396923
337300000802 55.031644
337400003589 53.098230
337500003088 52.160302
337600003750 56.094361
337700001034 54.215531
337800003366 58.139933
337900003907 57.412443
338000002956 52.743033
338100003573 54.598925
338200003396 56.162078
338300003591 59.242025
338400003078 55.571414
338500002856 49.703550
338600003416 54.525118
338700003868 58.426677
338800003501 49.825712
338900001032 52.529095
339000003851 51.005434
339100003758 55.403750
339200001041 54.387208
339300001077 50.107606
339400000900 53.914895
339500003661 54.700799
339600003389 54.662771
339700003743 59.167847
339800003126 56.809963
339900003637 50.927968
340000003770 56.196251
340100003914 53.555962
340200003505 54.680434
340300003427 53.669911
340400003110 54.024109
340500003384 51.442879
340600004253 53.263325
340700002840 54.168088
340800003305 53.775055
340900001051 55.336331
341000003806 55.399380
341100001350 59.603660
341200003278 57.038968
341300003330 55.401283
341400002731 57.716757
341500003672 52.519023
341600003549 56.887891
341700003440 53.202782
341800003650 55.815816
341900003120 52.803329
342000003111 52.118640
342100001073 55.755991
342200003625 55.758612
342300003506 51.056188
342400003376 53.075987
342500003124 53.407433
342600003525 55.434752
342700001283 56.975126
342800003450 51.166898
342900003507 51.824525
343000000707 52.771870
343100003700 56.347212
343200003883 52.453187
343300003467 53.967427
343400001031 52.015596
343500003168 58.227291
343600003531 55.816590
343700003843 55.191717
343800033335 56.406748
343900003293 51.833808
344000003485 55.290199
344100001580 57.113216
344200002834 55.297893
344300003275 51.335788
344400003558 54.615361
344500001043 54.048204
344600003485 54.325359
344700003113 56.250710
344800003743 54.804540
344900003459 56.911407
345000003524 54.512446
345100003428 52.712408
345200003661 56.805228
345300003688 53.024416
345400002817 56.247550
345500002986 55.883582
345600000924 56.527838
345700003194 52.954019
345800002850 54.328799
345900003234 52.566320
346000003066 55.875082
346100001066 52.381305
346200003326 55.240723
346300000806 50.803992
346400003586 50.627843
346500003233 59.045292
346600003116 53.278972
346700003167 52.769425
346800003142 54.629649
346900002939 54.045096
347000001179 56.076488
347100003604 56.593149
347200003156 55.012096
347300003571 53.424677
347400003105 56.118519
347500003668 56.149765
347600003217 54.054947
347700003424 56.057739
347800003855 54.759376
347900004091 55.366535
348000003346 52.279520
348100003295 54.488800
348200003012 52.130198
348300003163 55.600774
348400003290 50.089044
348500001010 55.475295
348600013869 54.261434
348700003772 53.460164
348800003732 55.502519
348900004069 54.497823
349000000849 52.169227
349100003569 55.421393
349200002950 50.912093
349300003702 58.856170
349400003202 54.835944
349500003338 56.508548
349600003779 56.732863
349700003403 56.166574
349800003534 54.546578
349900003479 59.436407
350000003437 55.830329
350100003824 61.814138
350200003101 52.283249
350300001011 56.283129
350400002904 55.774665
350500003126 53.035552
350600003404 57.393713
350700004114 54.261614
350800003231 49.282119
350900001012 57.428268
351000003962 53.228848
351100003401 52.045134
351200003138 55.177317
351300003716 51.185169
351400003681 57.087926
351500003331 55.262097
351600003263 50.207704
351700003035 54.919305
351800003507 56.219994
351900000970 54.042525
352000003745 55.349975
352100003781 51.005291
352200003101 53.947336
352300003384 59.413271
352400003676 54.661170
352500004178 53.488598
352600003554 53.385594
352700004155 52.743001
352800003856 54.475207
352900001451 58.732196
353000003181 53.514924
353100003466 53.678282
353200003528 53.290949
353300003252 51.155415
353400003662 53.501082
353500003818 54.121971
353600003186 53.845833
353700003699 51.592402
353800003389 55.671484
353900003800 56.233980
354000003565 55.563502
354100004044 58.825411
354200004136 53.773926
354300003111 53.198472
354400002994 56.064599
354500001105 53.576891
354600003521 54.423385
354700002738 52.304949
354800003196 50.502548
354900001215 54.750057
355000003213 53.119681
355100003147 55.167739
355200002983 52.920242
355300001030 53.404850
355400003328 48.004273
355500002741 55.091497
355600002842 55.592546
355700003143 55.341169
355800003681 53.113459
355900003218 52.637392
356000002996 56.492221
356100003238 57.784678
356200003762 48.723455
356300004003 54.316998
356400003601 52.053208
356500003982 56.233458
356600003271 54.127904
356700003451 56.490353
356800003341 51.222186
356900003879 57.949798
357000003230 55.675201
357100003575 53.488180
357200003593 55.874823
357221320738 292.573507
