100024292 42239043
200022221 36520170
300024660 33103033
400025423 34243819
500016215 32802560
600008563 32009459
700025044 32623930
800004726 33772361
900025836 30260017
1000005867 30876165
1100024062 30113359
1200024684 30032890
1300025413 31983193
1400024498 31828574
1500025966 29100940
1600026216 28741044
1700024861 28586429
1800026348 29157866
1900003348 34091931
2000004562 30937170
2100021874 30725928
2200025402 31672725
2300006123 35334075
2400026327 31572981
2500021658 30350093
2600000920 30123406
2700038027 31903922
2800037694 30055945
2900037929 29267780
3000007564 33072160
3100036369 31676051
3200036778 31543888
3300037892 30859882
3400036727 30323527
3500006953 29687208
3600035344 29357012
3700347965 29464864
3800038694 29033013
3900038238 28876734
4000039164 28892050
4100038421 28883376
4200037560 29884264
4300037138 31812624
4400037242 35998242
4500012324 101634233
4600006809 128706877
4700007829 146359952
4800004757 185564235
4900008977 238504423
5000006727 129205410
5100005479 150113512
5200004814 173621517
5300009264 189832335
5400010580 110141580
5500014187 91996448
5600011045 88680360
5700009628 87520823
5800009201 132785172
5900008330 120295297
6000009639 118901555
6100008943 119389273
6200002789 133206982
6300010341 217309356
6400010663 126924033
6500006325 136321937
6600006753 136227350
6700004863 162136798
6800007428 202965939
6900010675 113747663
7000008871 113646828
7100008711 113773922
7200007119 114726063
7300013801 167639949
7400008950 114668419
7500007769 122936603
7600007813 122575140
7700006119 122604391
7800009674 128308460
7900010862 110921140
8000010801 123946600
8100008496 135404564
8200008670 143443148
8300006383 137249122
8400005688 169293338
8500009285 198900938
8600010844 120670729
8700002011 123284159
8800011470 121236256
8900009045 113030851
9000007832 119574646
9100007306 103600833
9200007611 150298296
9300007777 149749079
9400006530 146018906
9500006261 144514171
9600007365 152173507
9700005651 146327711
9800006639 145224064
9900007394 143398587
10000006242 148591263
10100007804 150369086
10200007513 151814702
10300007029 153320538
10400009743 153864676
10500007806 144481005
10600007774 148519710
10700008759 149446360
10800007634 147730705
10900008654 146868930
11000005860 159604218
11100007050 144528714
11200007016 147024462
11300005949 145724898
11400009450 144650326
11500006645 144194616
11600006823 144602486
11700008246 143783471
11800005919 147658454
11900009992 144705266
12000006945 146262354
12100007124 145277108
12200007694 147254337
12300009123 142860899
12400008287 142995203
12500008379 144218167
12600007049 141775038
12700007628 143358131
12800009741 140190136
12900006968 143253667
13000006976 152907498
13100006758 149372715
13200007676 145027016
13300008916 143963290
13400009203 143684791
13500007976 143297114
13600008144 144401309
13700006995 148930729
13800009971 150287033
13900009056 150786095
14000006273 146263303
14100007389 144823768
14200006781 148871260
14300005640 145700343
14400005379 145188307
14500007917 144975880
14600006947 146852434
14700005625 152211577
14800009171 144120564
14900008012 145918927
15000009072 145353478
15100007828 148845767
15200008062 142447231
15300007209 142015589
15400006264 145864238
15500006468 141297061
15600007998 143758425
15700008646 143761292
15800006254 144739195
15900006960 141546536
16000007396 141362176
16100007745 143522375
16200006062 144094857
16300008247 151623271
16400008913 148029541
16500006772 146679236
16600006377 143576910
16700025605 152047068
16800006670 150288022
16900006233 152378306
17000005238 151001304
17100009227 145273351
17200007087 145718652
17300006850 137538934
17400006604 154497872
17500008075 145294632
17600006837 141920678
17700007081 146390520
17800008179 147243085
17900007555 141327157
18000008630 145248108
18100007372 144965473
18200009980 144490781
18300006012 146151305
18400007511 148889426
18500005846 148442741
18600008028 142406080
18700006925 144849246
18800005908 146429864
18900009186 141994809
19000007504 146771077
19100007359 148783884
19200006350 144793462
19300007524 150998642
19400006968 151607914
19500006725 148080521
19600008483 143536166
19700008297 146008333
19800007890 144829413
19900005920 148287440
20000006669 146062250
20100007929 147984458
20200006497 153084263
20300004496 154823588
20400004878 149077775
20500007686 145206948
20600007257 144507632
20700007955 143106329
20800006497 146254919
20900007972 140442730
21000005290 145593038
21100007913 147703374
21200005407 144017914
21300008043 143440000
21400005839 144075266
21500008020 147633481
21600007355 145090668
21700007127 153335295
21800006571 140568116
21900010075 147147722
22000005017 142339916
22100006976 146023649
22200010019 143850652
22300008418 145136901
22400007508 142555333
22500008635 146133674
22600005097 146150907
22700008101 144054595
22800058320 143318106
22900005468 146521057
23000005422 148399177
23100007379 144130704
23200006938 144230872
23300008498 144189183
23400007530 144906975
23500006429 142618400
23600007333 148892007
23700006843 144864786
23800006762 149888254
23900008230 146556499
24000008162 145551990
24100006323 143767075
24200006100 143956408
24300006690 150245445
24400007124 145827636
24500008735 145828274
24600007178 145848566
24700005839 143581361
24800005696 149684702
24900007219 149130122
25000007093 144884172
25100006633 140330439
25200008935 143737440
25300006395 141873516
25400008907 141305720
25500008235 142946879
25600006997 139886705
25700007023 143701120
25800008779 145383228
25900006000 141500822
26000006613 142996281
26100007560 149910944
26200006345 144770736
26300008166 143847690
26400005904 143549505
26500008616 144486644
26600006095 153320280
26700007705 143016435
26800005104 142311855
26900009081 146894386
27000007144 141471493
27100007173 150671377
27200007051 149905537
27300007892 148152905
27400006522 149542218
27500008100 146478113
27600007842 149418306
27700008416 152646643
27800007462 143798195
27900007602 146331933
28000007751 147541671
28100007088 148705444
28200008749 149230465
28300005663 141987236
28400007333 145363126
28500006587 144776279
28600006525 150435576
28700007204 141382756
28800006501 143204618
28900103301 144899452
29000008531 148618237
29100058651 143484889
29200004224 144605800
29300006929 147444023
29400005789 147532416
29500006774 142598670
29600006335 141386635
29700010942 141011438
29800006529 145237196
29900006964 142586071
30000005314 144788753
30100007869 143834351
30200007110 145570730
30300006403 151612880
30400006996 146757913
30500007717 149739768
30600007099 147322103
30700007385 140479577
30800008721 145026057
30900004909 149135679
31000005335 148039411
31100005420 150009876
31200007123 153005274
31300009425 144786095
31400073471 142609616
31500007878 143969887
31600007594 148218474
31700008389 145747749
31800007140 147100592
31900007198 151954368
32000006968 142017888
32100006311 148580240
32200008342 148586349
32300007230 143846814
32400007831 149526609
32500008187 155587149
32600007002 141998210
32700006944 146694089
32800007660 148395169
32900007261 143278970
33000006995 144626965
33100008555 145852473
33200007728 139977571
33300005966 151350330
33400008296 142290602
33500005985 142746410
33600007817 147286229
33700006320 147715268
33800005002 144254035
33900007664 141617847
34000006614 150841556
34100009501 149911069
34200005098 146960772
34300006479 146788914
34400007378 144973933
34500007047 145596064
34600009626 150144476
34700008450 145630021
34800007628 144568806
34900006736 145780998
35000009345 148427628
35100006888 147804557
35200006318 146178102
35300006640 144681214
35400008194 146014357
35500005620 142259311
35600006967 145329664
35700009434 143253947
35800006905 149981202
35900006405 156169454
36000007268 151064949
36100007001 146852153
36200008464 144499285
36300007727 145575483
36400009689 154278752
36500006770 144775559
36600005460 146133839
36700008648 145897630
36800006095 146020042
36900008097 143046263
37000006801 144657743
37100006048 143033420
37200008291 144811687
37300006213 143174564
37400007197 148498561
37500009271 148460355
37600007478 143135018
37700005631 149002771
37800007837 148207964
37900010941 142846828
38000007021 144983612
38100006997 142586914
38200006420 144990242
38300006160 142361711
38400007868 147718418
38500007460 144143106
38600008910 145457433
38700005026 159935938
38800006369 145962900
38900008592 144787949
39000038283 144153368
39100007488 143091406
39200007080 142145243
39300006754 143623016
39400008165 144010595
39500006455 142091337
39600008945 142872466
39700006695 139728774
39800007945 143113524
39900006788 148441880
40000011157 148824823
40100007894 144488545
40200008204 146275758
40300006867 145750171
40400007385 142438041
40500007289 145335370
40600006381 155717333
40700005124 146061794
40800007437 153348556
40900007604 148412074
41000008316 139997328
41100006564 143988257
41200006345 143228994
41300006190 148717221
41400006108 146926183
41500005853 153223266
41600003912 150042881
41700006663 147482503
41800006651 142018795
41900005591 144182627
42000005958 144046128
42100007444 142163240
42200008590 147636467
42300007779 148981807
42400007053 142491947
42500007668 146046489
42600007887 144068585
42700007039 143602377
42800007522 142780535
42900007170 145952410
43000007086 143567548
43100008315 141064876
43200007195 149452584
43300006097 145199734
43400005560 144490435
43500004688 146415429
43600007650 144410176
43700005584 146093743
43800007471 150180340
43900013786 144472156
44000005489 149196172
44100006550 146267970
44200008263 143224846
44300007841 143238070
44400006892 145714932
44500008580 147737843
44600008334 149018973
44700007706 151110316
44800008427 142572154
44900008004 141063624
45000007268 147069660
45100006137 150219596
45200007397 141363819
45300007014 153011197
45400008492 143462067
45500005601 146183645
45600007278 151515600
45700006437 141390979
45800007585 147128584
45900009860 142742118
46000006435 148224757
46100006618 143548754
46200006403 143067619
46300007793 145423439
46400008643 147128338
46500006784 141234467
46600008539 143688792
46700007678 143032869
46800005994 144963630
46900005724 144303130
47000007511 143354183
47100006617 141504859
47200008032 149517997
47300007046 142281512
47400006982 147037505
47500008433 143065982
47600007956 146238915
47700007756 144057542
47800006444 141322412
47900007079 144202974
48000005601 145550778
48100007505 145320865
48200007463 152720645
48300008763 142040798
48400007421 145717428
48500007925 157459153
48600006664 145900561
48700005902 150935815
48800008456 155585321
48900007337 143220223
49000006391 154314467
49100006994 143235393
49200007456 146493107
49300006055 150009699
49400006114 152057290
49500006816 147382209
49600007208 144253405
49700007424 146619815
49800008582 147760555
49900006893 145322658
50000007637 143510320
50100005904 146460978
50200007821 149025794
50300005502 150301401
50400007570 147563664
50500006170 146388699
50600007112 144429916
50700007522 142719565
50800003327 375788434
50900003723 363835492
51000003904 371994343
51100000875 371998390
51200003701 382751855
51300004136 360740007
51400003507 358372462
51500003223 385154775
51600003869 374041339
51700003845 363243334
51800004377 365496352
51900003671 358739761
52000003964 365752674
52100003797 358802760
52200003874 355114710
52300004063 389912853
52400004499 361308385
52500003656 356518195
52600003683 375584789
52700003799 354822208
52800003971 366531759
52900003452 357154694
53000003220 349081236
53100003711 363034704
53200003644 368673616
53300003251 360627326
53400003994 365414178
53500003951 381934490
53600000914 387655031
53700003460 364843423
53800004040 357595786
53900003674 363612742
54000004538 365477900
54100003665 381555588
54200004345 364837961
54300003694 343012911
54400003950 365710821
54500004166 382852374
54600003299 346922040
54700003274 372356491
54800003320 358007760
54900003772 366289332
55000003904 357694982
55100003272 361481792
55200003954 359457370
55300001541 365209548
55400003641 376766843
55500003587 348018685
55600003430 362334029
55700003495 364815090
55800004338 380728224
55900003498 353405714
56000003710 356817865
56100003666 362432803
56200003822 353667095
56300003935 358025232
56400003762 357524807
56500001115 371136266
56600003687 359952116
56700003791 350391604
56800003599 365558814
56900003279 363102677
57000004344 360890521
57100003976 354660169
57200000933 347869467
57300003861 354474608
57400003911 373582614
57500003955 364478330
57600003686 366074263
57700003514 355104019
57800003570 362533588
57900003833 361829569
58000003408 347181687
58100001250 370415167
58200001039 357359595
58300003308 363914850
58400000860 371152299
58500003526 363603915
58600003571 365755521
58700003364 350705950
58800003704 354801134
58900003069 354377585
59000003230 358882639
59100003480 358710822
59200003648 363199543
59300004235 367107316
59400000802 367906784
59500003226 367647621
59600001151 356446197
59700004514 368915273
59800003898 352724447
59900003960 362030979
60000003992 366371689
60100004486 375324806
60200003919 359319154
60300003137 372351487
60400004188 360168700
60500003763 377300960
60600004017 358478814
60700003597 343717048
60800003774 366569584
60900003749 359468363
61000004427 374792029
61100003805 353912228
61200003460 359295717
61300003611 354630078
61400003440 356341917
61500003817 354581660
61600003711 364338018
61700003883 359847782
61800003401 355607700
61900004036 372600140
62000003150 352919100
62100003515 345956572
62200004159 362525786
62300004033 356834367
62400003945 369413883
62500003167 359889409
62600004048 353103865
62700004012 355489876
62800003292 340700722
62900003863 361894773
63000004339 345647362
63100003625 366698573
63200003609 360920455
63300004316 375126818
63400003941 355590153
63500001618 353641698
63600004221 383791928
63700000910 364213919
63800003573 355303501
63900004088 353521043
64000003740 372184876
64100004086 342135871
64200002958 358787980
64300003627 355856108
64400003904 359374951
64500003721 344604021
64600003918 368320079
64700000863 361867926
64800003404 360260140
64900003666 355092705
65000003614 351671316
65100001006 360853905
65200003185 362814536
65300003176 353748359
65400003631 379795501
65500003793 355460107
65600003866 352227856
65700004146 372759087
65800003309 378458936
65900003756 360160214
66000003831 352019249
66100004387 362720248
66200003206 359648002
66300004071 365185543
66400003706 366849407
66500003850 352215116
66600003831 368342664
66700003722 340862124
66800003460 345027832
66900003484 363820119
67000003674 353192546
67100004390 365515242
67200003187 353985830
67300003162 370274992
67400003796 357623702
67500003768 364599571
67600004261 366588859
67700003468 358565097
67800004309 358816395
67900003771 361942236
68000003880 358104305
68100004150 360426634
68200003451 362874909
68300004577 377358557
68400004025 374531540
68500003787 359258945
68600003268 361948893
68700001021 355999045
68800003727 358087815
68900004103 361982034
69000003784 357570282
69100003852 358517617
69200004587 358984690
69300003033 362330691
69400001585 364280631
69500004077 357856222
69600004473 352705327
69700003717 357435175
69800003955 394530293
69900003512 374878175
70000003407 380413867
70100004409 360774575
70200004510 355439781
70300003304 346124001
70400003435 357643453
70500004231 357473624
70600003684 361054270
70700003570 361915400
70800003653 343636000
70900003507 362870119
71000004174 356393380
71100003933 347111695
71200003316 354236515
71300003685 358815204
71400003943 358192185
71500003493 361741642
71600003943 350541974
71700003392 364793047
71800003467 358235806
71900003745 349676589
72000003771 358718732
72100003710 362027899
72200003787 356023661
72300003427 349296248
72400004041 372707467
72500003868 347289102
72600001665 357679784
72700004018 365729121
72800004135 365378395
72900003861 350813443
73000003608 361467291
73100003408 371712089
73200003587 357977268
73300003920 367026745
73400003516 351557161
73500003597 352549955
73600003749 351957392
73700003493 356300523
73800001261 347109006
73900004332 365075814
74000003820 348427931
74100003319 354813520
74200003998 360263534
74300004306 358028611
74400004023 360821987
74500001256 347181658
74600004031 340579168
74700001361 355018533
74800003614 370522524
74900003433 366834953
75000003702 354877829
75100003589 358989955
75200004613 365299579
75300003847 364766570
75400003555 359879248
75500003682 358475923
75600003865 367889074
75700003303 354905202
75800004640 354091271
75900003293 362258252
76000001122 352776214
76100003897 369688377
76200003873 366974880
76300004082 362282042
76400003964 354265571
76500003804 354794258
76600003431 354282641
76700004218 366399217
76800003483 343580992
76900003715 351783487
77000004190 357759237
77100004016 365592780
77200004110 346108573
77300004504 359688735
77400003595 364910681
77500004076 346630474
77600003428 349713244
77700004034 346157284
77800003710 350439970
77900004106 344804462
78000003199 356584736
78100003674 355523772
78200004358 367549114
78300004067 356021946
78400003643 356297514
78500004202 356128289
78600004135 354821051
78700004088 336573076
78800016119 95335913
78900030626 54475683
79000032489 48574596
79100022816 48823800
79200013859 47491419
79300018170 56129350
79400021149 58715861
79500014494 59932966
79600020334 62465593
79700012150 66137714
79800012792 64496507
79900013531 68028429
80000028186 60857194
80100024370 45544738
80200014382 46794725
80300011480 47483837
80400017645 58040590
80500012386 55613671
80600023084 63756196
80700013779 69796196
80800013060 70363574
80900014540 67737699
81000017721 67064568
81100011406 62124255
81200013135 67624719
81300014995 68958423
81400009856 69465767
81500015329 64828511
81600018513 61186495
81700014301 45219671
81800015758 51023727
81900027411 49886164
82000029179 50770526
82100017536 58960930
82200011359 64492616
82300014698 63650858
82400012727 65908996
82500011108 72250769
82600021827 47667241
82700022319 44883514
82800011095 45849538
82900013821 57298864
83000023717 56634779
83100025286 61689065
83200013300 66948926
83300028317 65664655
83400014137 69169494
83500011371 63440528
83600015511 70315976
83700013828 67562694
83800020472 69239945
83900022132 50722437
84000019823 51378850
84100030150 45608145
84200032245 40401386
84300011956 44035017
84400260290 49421403
84500012125 58074084
84600014523 57911701
84700014143 60913616
84800011444 66196824
84900017485 66573987
85000014755 70179979
85100013249 63163316
85200014236 68090626
85300012868 70221717
85400016243 68641344
85500026330 59070628
85600027405 47152529
85700026614 45179262
85800029018 45040503
85900015301 56741091
86000014119 56130690
86100025561 61685313
86200024311 66463904
86300012757 65742316
86400012736 67722377
86500023922 49629987
86600025085 46992700
86700013133 51966340
86800024736 48223035
86900020323 50767887
87000013635 58660957
87100012340 54863430
87200018426 65736554
87300031647 46794281
87400016326 42522798
87500014925 49612096
87600021452 56974781
87700012523 59557796
87800015914 62437633
87900013014 66882236
88000012074 66372270
88100014288 68430302
88200014257 71609784
88300013408 63943464
88400022184 68698217
88500013627 65409018
88600012976 65376568
88700029162 52621180
88800029243 43701432
88900029072 46475905
89000013997 53244537
89100012529 58484599
89200019761 57489437
89300015256 68917458
89400032372 57081221
89500020926 40750683
89600014732 49193942
89700016423 49364709
89800015768 53456143
89900025425 56737629
90000034097 67216349
90100015937 65954045
90200013132 72530997
90300029682 69660629
90400011946 70235219
90500019827 67151319
90600012698 68916151
90700022347 57810174
90800023933 43044848
90900029690 44263890
91000024579 47929163
91100032372 57641727
91200015950 56475420
91300014731 62417708
91400012453 67081858
91500014338 65661177
91600016744 70518577
91700019407 62890248
91800012200 69099734
91900014643 69432411
92000015361 68660512
92100019995 58732747
92200011849 62278437
92300013909 64714147
92400023092 50559111
92500020066 47896821
92600023670 50051408
92700025216 49157699
92800029263 58186628
92900023265 64186234
93000012812 63914539
93100018141 71591894
93200018390 72356744
93300012296 67501755
93400021149 63361869
93500030640 42934975
93600034346 48442342
93700012522 49468336
93800030509 50397533
93900018669 39143948
94000014880 47576421
94100014487 52959047
94200017371 55245354
94300015886 61753181
94400022530 65545737
94500018136 41287044
94600028496 43231264
94700015340 52531268
94800025002 56254438
94900021692 61125916
95000014106 46463935
95100016621 45148933
95200018149 48911455
95300029096 53302287
95400028210 57783905
95500012514 60455560
95600011632 66362735
95700011277 70522098
95800013780 71955291
95900018548 71198011
96000021514 68700889
96100028358 68746467
96200024066 58619450
96300013130 58540338
96400021588 66945665
96500015021 57206536
96600012269 63169531
96700018422 61507915
96800025993 57633144
96900030920 41176498
97000031082 44889092
97100018564 44556004
97200014554 54975162
97300023503 56007218
97400014361 61400506
97500014156 64509668
97600015796 66293320
97700013938 66148136
97800015358 64601869
97900011761 70112501
98000020119 66477014
98100026681 70197494
98200009800 65781321
98300015038 58110384
98400017799 61811139
98500030226 42553986
98600012664 44857544
98700017638 45141197
98800015239 51419925
98900031784 53116807
99000026133 45514484
99100020239 46695167
99200013814 49177818
99300014925 60876746
99400024984 57182018
99500016468 61457241
99600020538 64579737
99700010769 64673928
99800028498 48901250
99900014740 47037106
100000030692 46157480
100100013944 52029583
100200014345 53928877
100300012985 60907223
100400016079 64302219
100500012450 68481042
100600011246 71208057
100700015115 71854197
100800016287 65184043
100900013868 68388917
101000014818 60640262
101100015978 64458778
101200023620 64050101
101300033269 62667875
101400030056 54798124
101500015819 40273159
101600016422 47788440
101700012139 52065934
101800027473 55771286
101900014501 61611645
102000012152 63771166
102100011462 70928385
102200015465 68768760
102300013209 71866498
102400012944 71446242
102500011740 67979499
102600033596 63983484
102700013532 57262607
102800014546 62579693
102900027223 63710813
103000014589 55960674
103100019112 43509731
103200029737 46467869
103300015142 46101749
103400022962 57374397
103500024555 51102833
103600024163 64551472
103700013457 68692129
103800014427 70529484
103900013661 71948293
104000026996 61285207
104100017989 45496296
104200016703 50774103
104300020506 48609215
104400011315 52862073
104500012574 61479915
104600018535 62149081
104700015298 69200942
104800016683 67436456
104900010838 68616959
105000029411 52642815
105100021260 51221736
105200019932 48250176
105300028980 48858828
105400012746 57719259
105500015041 63988255
105600011164 63899881
105700013671 66127748
105800014634 72452520
105900014172 63645689
106000012952 68520400
106100024880 68843505
106200019323 67484406
106300014479 57344125
106400019212 59555163
106500027880 49208192
106600016158 48484216
106700013661 50249163
106800013236 49184113
106900015878 58581624
107000012942 64394447
107100014075 63958654
107200008460 71917259
107300013078 72117075
107400026252 43836570
107500014108 46266009
107600016557 45193810
107700013064 55850244
107800022442 56843564
107900014039 67524135
108000012587 70111542
108100023459 70599230
108200013125 68063795
108300015500 69114933
108400017513 70810861
108500013273 61163934
108600020048 64063371
108700014254 60799153
108800016602 63881588
108900014308 57554810
109000023983 64477786
109100029269 62003941
109200018391 62265920
109300030875 50985543
109400029117 46264449
109500030175 46244859
109600014274 53289555
109700017424 46497137
109800020701 51263395
109900012551 48508607
110000012259 48823606
110100016327 56152024
110200020968 63313732
110300020049 58725432
110400013981 68686398
110500012602 69238129
110600015442 66283927
110700018210 71558062
110800014409 70137925
110900018413 45902417
111000015206 45412543
111100027897 47087660
111200026070 56331841
111300014112 56023239
111400024752 60948556
111500015459 68721460
111600016002 70348509
111700013990 71958027
111800012861 68951283
111900013848 70895880
112000015619 61824806
112100020661 62088651
112200017198 63726264
112300016244 65013619
112400012735 56789543
112500026280 64974416
112600016529 50305500
112700031023 46238676
112800016492 52287480
112900014371 48903686
113000015409 56557855
113100019622 49706166
113200018769 54343850
113300015471 47891267
113400016935 48593647
113500015044 46435163
113600014412 54554979
113700019251 58877524
113800013659 58592338
113900013686 61780855
114000013619 64738237
114100013340 65120270
114200014743 65739196
114300016982 71997365
114400031601 54121771
114500032585 43785854
114600024590 46248628
114700014024 54847794
114800013193 57684550
114900029546 57870762
115000029385 44141585
115100010186 46253388
115200014659 50559929
115300011337 58910231
115400011961 57587077
115500019991 67888755
115600012685 65679831
115700029060 72115064
115800016489 68546220
115900014171 71436911
116000021067 65943045
116100022212 54559967
116200014388 43303444
116300022219 57627959
116400028421 43654647
116500026778 43825234
116600013211 48096484
116700018869 52008305
116800013114 56791816
116900014143 58726201
117000032962 67548466
117100014550 67662368
117200020007 71825063
117300015879 71794335
117400012434 68419478
117500010703 70514814
117600021699 57661400
117700010222 60687000
117800018186 65349932
117900024399 59825008
118000010820 60011006
118100015456 63530667
118200021499 61602099
118300015868 45697062
118400014645 51565403
118500027605 49179697
118600020210 49631205
118700018709 59773524
118800014638 63402321
118900015070 67657998
119000010765 65971539
119100017020 68011781
119200011501 67515396
119300013315 68877733
119400020436 67660624
119500014704 67247865
119600013187 55740473
119700018847 61134976
119800025172 60651403
119900023361 48517823
120000012749 44098493
120100014208 45038299
120200015020 57087086
120300012619 55439933
120400013147 61857362
120500014004 64204345
120600026530 66250660
120700013899 66713932
120800013194 64318899
120900025369 70553855
121000019352 51798037
121100021994 47427120
121200029656 52713539
121300029952 49400338
121400015279 49430397
121500017842 59998072
121600017832 63524452
121700011969 67156830
121800017571 66059816
121900016755 69879426
122000013347 66003735
122100012377 70350664
122200013744 66621473
122300025407 62264053
122400020662 57764637
122500143373 62245835
122600013723 53817459
122700021861 62752634
122800020577 58783710
122900017827 54144661
123000032826 42628809
123100014415 45981913
123200024256 50668391
123300022772 49085460
123400019414 57802361
123500013783 63758402
123600029562 64237356
123700011086 71145489
123800010914 72527990
123900022490 67768087
124000026945 70422989
124100023255 51061724
124200015401 42066656
124300171320 50448280
124400023364 54798965
124500015188 58808660
124600012248 60699717
124700013662 62817523
124800015914 69643588
124900011665 68202072
125000012005 71804823
125100016586 69738011
125200014470 63943344
125300013681 64111826
125400018250 64882769
125500016071 62158819
125600035072 57820066
125700029865 48514493
125800019606 43169709
125900026485 47686026
126000033977 45504003
126100015413 54818927
126200013804 58574225
126300021125 60704961
126400013472 60797635
126500013710 67021375
126600010671 66618780
126700027900 70407898
126800012548 64499066
126900015478 67527908
127000012490 69950305
127100017769 68334651
127200011277 65225403
127300013349 63125814
127400015597 62068455
127500026780 59611424
127600029719 41383830
127700014260 45205902
127800017501 44088370
127900017767 45199291
128000029465 50387993
128100017976 46954474
128200013494 53085545
128300023680 56779225
128400025950 60995332
128500014735 67867520
128600012435 66121526
128700025700 72458720
128800013837 66661404
128900012339 71280793
129000016987 67152198
129100017852 67360692
129200012890 59001386
129300027163 59978402
129400022641 55853720
129500013023 60288327
129600030204 52961729
129700023461 43722055
129800028249 51742291
129900014066 48911278
130000016377 55550312
130100034564 50539824
130200014137 46669547
130300027485 44934726
130400031305 53343305
130500013592 52018009
130600024113 63109474
130700014716 61898075
130800013085 68966317
130900015020 71829282
131000011937 70436328
131100009287 69765123
131200025450 69098334
131300016287 59433528
131400021975 62762426
131500018833 49254604
131600023290 55249524
131700022815 45226049
131800029179 43849651
131900027117 46835677
132000015893 56437293
132100013237 59979554
132200014468 59586271
132300013741 67561819
132400011834 70080382
132500014143 68518424
132600018248 71817016
132700013373 71047869
132800022049 62426032
132900034032 62633772
133000013542 60486125
133100017783 62701528
133200018302 58693090
133300012632 58636896
133400016990 63146769
133500014414 62242002
133600025199 50555940
133700019251 48505401
133800013542 50387338
133900026401 49217881
134000013049 54148449
134100012598 61678013
134200011405 59988647
134300027997 70468895
134400017098 67709928
134500013426 64256711
134600012019 69620369
134700015927 70403511
134800022942 59312541
134900014710 48051322
135000014872 47632679
135100014876 45108283
135200023624 46916377
135300025931 60386468
135400015255 54157198
135500017924 62594296
135600017603 62843690
135700014876 65770650
135800032428 52743526
135900020116 45001969
136000012552 44303322
136100016247 54379552
136200013393 56164882
136300012618 61058149
136400014687 64439821
136500012242 66083296
136600014177 65816766
136700020035 64860767
136800019004 70052453
136900013110 66665856
137000014841 70167892
137100023224 66341188
137200018406 57534022
137300021090 61617946
137400022384 67217084
137500015886 62697436
137600027396 46442419
137700024842 46959396
137800028113 45861780
137900034441 49567785
138000012811 54875268
138100012230 57161124
138200020255 50234848
138300026365 52631208
138400026306 46038865
138500022449 47626202
138600026818 48180163
138700013654 60881471
138800014150 57016979
138900013824 62927045
139000016634 63981690
139100013370 64248853
139200015262 65602764
139300015856 70345000
139400011134 69851283
139500013733 69804260
139600011278 70947877
139700024142 67766881
139800013000 57855402
139900021978 48177009
140000035877 50836687
140100013412 47304370
140200014612 46521942
140300029124 50093705
140400018795 61283326
140500011753 57671320
140600010112 63335678
140700016923 65440672
140800013443 64806284
140900017601 65238232
141000021580 70612165
141100011578 70313934
141200014273 69970886
141300013614 70984744
141400009121 64420685
141500031000 59247350
141600029836 43506748
141700026714 45324762
141800015521 48965703
141900014251 58958612
142000027066 58514817
142100013719 65802881
142200014290 44042724
142300025422 44539217
142400014168 49263851
142500017514 57174233
142600013429 57877278
142700014693 66239288
142800012862 64702069
142900012940 72969351
143000011806 68289373
143100011136 71365171
143200013475 65198035
143300017410 67936294
143400022847 60213220
143500014016 59605252
143600027126 45081816
143700017689 49008818
143800013633 49466935
143900020613 50018986
144000008369 58253734
144100015366 41822637
144200016635 47218159
144300023585 46142260
144400027493 41958448
144500028611 46328830
144600016290 48544129
144700012770 54147843
144800017525 59120334
144900012357 64043411
145000010844 65297531
145100012017 71925171
145200011670 72027375
145300017169 69434151
145400010193 69855245
145500027414 62077481
145600025378 61774235
145700023841 61393550
145800024061 62945752
145900011221 58028838
146000015929 63439892
146100015246 62775543
146200015762 62298682
146300023088 44862186
146400020286 47241194
146500024505 45172996
146600029872 49445232
146700013095 54241651
146800035186 54279984
146900012867 62942425
147000014707 66803342
147100015252 68413447
147200022268 71523784
147300010470 72145503
147400013315 69077260
147500013935 71865047
147600035778 70197802
147700027278 60598847
147800028731 43055993
147900021147 51096338
148000014814 48897867
148100011641 55921738
148200015824 58939018
148300032042 67293639
148400018523 67600266
148500012714 72446715
148600013885 67891240
148700025840 71291227
148800019519 66960589
148900014472 65751275
149000023222 57936049
149100026304 57704615
149200025105 58988481
149300016574 42751629
149400029051 46008195
149500034698 46380613
149600014064 56314497
149700026829 52011780
149800023340 62815207
149900014596 67060146
150000012495 69502951
150100019984 71463118
150200012894 71863793
150300011468 69013252
150400014366 70492426
150500033205 52690165
150600024202 44471170
150700021058 47465425
150800028929 51601373
150900015864 43994368
151000016530 51058329
151100016858 48251906
151200020431 50907719
151300012003 60084184
151400019324 49817403
151500025746 44211870
151600029876 47361951
151700014905 44431436
151800014070 52939872
151900013370 60855779
152000019737 58520022
152100021397 60440631
152200017480 66722562
152300031413 47104130
152400027307 46435043
152500014230 46031489
152600031073 56709886
152700013473 55394915
152800013937 62963023
152900012580 67224197
153000013914 70321691
153100021043 72160743
153200011067 69076612
153300014961 70502912
153400025539 62684706
153500012311 62441293
153600015780 60954460
153700013500 65330646
153800017714 56974594
153900014045 63487902
154000020024 62327573
154100012605 62652340
154200022753 51850512
154300026143 47860135
154400010414 52554404
154500026672 48351690
154600018669 49049445
154700022217 58788568
154800021134 64178250
154900010935 63368243
155000012025 65532388
155100031666 55123156
155200036024 43058834
155300014169 45932719
155400012180 54391539
155500022440 59692536
155600015853 59288173
155700013731 68060198
155800017559 69684805
155900015312 68648634
156000014174 71987351
156100033504 69342429
156200036780 49139760
156300012704 43900590
156400030235 47549986
156500026131 44843605
156600015581 55052359
156700014529 58953079
156800028491 41045646
156900029485 45514945
157000017336 52203212
157100018334 42397899
157200025174 42527219
157300014518 43293938
157400027747 45600855
157500024508 52297605
157600013646 57633980
157700011653 57840444
157800010999 68566046
157900015859 67034412
158000020424 71459327
158100014518 69545346
158200014450 71284875
158300027007 58395468
158400014292 44221996
158500015341 50643701
158600011478 49419368
158700016376 55319547
158800034948 42676089
158900029536 46660746
159000024770 46327502
159100020595 52456228
159200017152 60581480
159300023609 62383190
159400010964 70195126
159500015384 70243160
159600013862 68349057
159700011071 71416706
159800023474 67579548
159900015400 65718294
160000013691 62850084
160100013976 57785392
160200023900 63142209
160300013993 55897287
160400024281 53416629
160500027677 46400700
160600024672 45331862
160700011434 52236856
160800010347 53852840
160900014597 61011291
161000013422 65237963
161100032982 59658582
161200013984 40988919
161300012500 47954811
161400026408 52102352
161500022234 55981715
161600016110 63547946
161700012153 62296593
161800017587 72319105
161900013769 68582676
162000014493 72386750
162100011439 71082874
162200020244 67976539
162300016254 61604194
162400012772 59051418
162500027692 62330988
162600033932 62315274
162700027997 42684935
162800021171 46503296
162900020996 51421638
163000018939 49912832
163100021904 48585109
163200020171 59353140
163300019757 53823643
163400019161 64256786
163500014544 66975171
163600015905 69462350
163700033874 68991681
163800013131 42132714
163900030608 43729814
164000015678 52646783
164100011167 56356809
164200028276 59998860
164300016746 63201999
164400013625 64198860
164500012157 66885520
164600020430 48106692
164700028244 43668237
164800013072 47691344
164900013717 56404327
165000015834 58864073
165100153380 62930416
165200012219 65980681
165300012680 71816204
165400019465 68326259
165500012458 71612203
165600014050 69827659
165700011908 63704443
165800014309 61644413
165900012012 60577951
166000011025 63258717
166100014775 58569903
166200013910 59434899
166300018228 62939018
166400023172 48784148
166500017267 47954087
166600022220 52667246
166700012562 47548962
166800012611 53149510
166900015995 57118745
167000025724 62424126
167100023968 68609562
167200014399 66001670
167300011361 71300393
167400012609 67402472
167500018380 70283056
167600016368 67248637
167700031212 63690084
167800026004 58758541
167900011800 61789626
168000017580 53804138
168100016752 62533549
168200014068 59200782
168300028261 52044157
168400018912 45545998
168500013029 44655349
168600016441 51641035
168700015812 53707206
168800011955 61160215
168900018972 60995131
169000015013 69285119
169100012774 71459886
169200015621 45383444
169300029708 52032629
169400014741 48759100
169500014664 48956816
169600015353 59580698
169700032765 63181826
169800015274 62708559
169900011814 65616684
170000020582 45147087
170100013533 51795363
170200032910 49064589
170300013609 49355605
170400026737 59789192
170500199912 63320797
170600012776 67536826
170700015808 66021598
170800011095 69338690
170900018072 66659409
171000026368 44799810
171100022344 45886882
171200022159 45380217
171300013393 56540770
171400017760 46751831
171500024837 48824108
171600026867 48921160
171700021701 46437262
171800012934 55046277
171900031215 57220697
172000012606 59319236
172100010767 62480635
172200009740 66042484
172300013300 67404784
172400011889 68116821
172500013401 71551312
172600016527 70423815
172700012027 46816363
172800200308 46003103
172900013694 46501671
173000018190 56844254
173100016900 52664386
173200019285 63946411
173300028018 61709265
173400021667 46208632
173500018572 51579906
173600014832 49117943
173700017189 54796336
173800026665 50832721
173900024087 45388496
174000029801 51378966
174100028584 49830462
174200013374 55083484
174300015425 60781859
174400029525 67386307
174500020526 68328566
174600018196 72590472
174700017961 67802738
174800032068 60242808
174900027763 44331828
175000027651 45834350
175100032391 48026660
175200031908 57958761
175300015958 61810512
175400027724 55461092
175500017986 43238260
175600028766 44772238
175700012744 48539949
175800015036 58189835
175900014192 62296885
176000013964 66146661
176100011091 70208822
176200012701 71974882
176300013855 68186179
176400018009 68797152
176500024269 59929143
176600017377 43739756
176700026167 44810477
176800023118 56769666
176900023783 55267805
177000015413 61619305
177100016049 63854608
177200012693 65976399
177300012331 66456125
177400031801 64432976
177500014516 42399617
177600029970 49847358
177700013047 49397392
177800017873 52562137
177900014225 56987231
178000010273 67155182
178100013719 65381007
178200016494 72348442
178300010485 69367392
178400015609 70218273
178500016719 66946019
178600025489 68339952
178700021221 57758781
178800018285 59401469
178900013938 67436295
179000013392 70074025
179100013921 69120242
179200017662 67879812
179300018588 68398910
179400014232 68246088
179500013609 68731112
179600012150 68422663
179700018392 64364124
179800013358 65216236
179900011694 66237140
180000009658 68175377
180100015867 69249654
180200014507 71598583
180300006056 77054007
180400000893 82865637
180500017821 77380595
180600017153 77028290
180700014812 76327705
180800014419 75275876
180900013909 76544537
181000010827 77510871
181100013012 79977603
181200011968 80616049
181300014043 78728586
181400015775 74396437
181500012604 72464470
181600014605 68798462
181700013395 58579804
181800017590 64013584
181900013280 65686363
182000012150 70971743
182100011570 72598558
182200013770 74966598
182300013982 76864642
182400013077 76306690
182500011123 79255583
182600015884 82006547
182700015813 81045278
182800010214 78695511
182900019177 75052637
183000015416 59709543
183100013469 64747064
183200013345 67558955
183300013774 70963402
183400019634 71279840
183500013602 74773988
183600015257 77660610
183700018349 62016156
183800018696 61506834
183900012810 63940274
184000011681 66772628
184100018294 66473769
184200015999 68820095
184300017149 63059039
184400020955 64429283
184500013678 68298474
184600014025 71117232
184700014707 63602270
184800008181 64177578
184900014841 67341067
185000012573 68343149
185100015370 70129177
185200010570 69987737
185300015294 73589243
185400018794 77114835
185500011183 74340078
185600009502 76778370
185700009503 76337212
185800014798 59889858
185900020944 62130630
186000013032 63728859
186100010722 65473139
186200017845 66642244
186300019424 68036395
186400012546 68187523
186500014479 69373194
186600017964 68992794
186700015592 58061534
186800017502 62524656
186900016372 67307498
187000011861 70972230
187100015791 69667264
187200011818 68172009
187300013377 70476070
187400011735 70932543
187500017705 70619202
187600014350 69577070
187700011908 69107918
187800014733 70020641
187900019415 64221829
188000015688 60228691
188100014575 63605638
188200012524 66464525
188300015178 66125288
188400013995 68906579
188500010557 67156658
188600020728 69156734
188700015861 68285638
188800017415 69387350
188900014677 70155583
189000020112 65875371
189100016874 61571121
189200013686 67364807
189300014911 67103646
189400015689 69181911
189500013859 70030609
189600011366 70398037
189700016435 75610952
189800010768 75997662
189900013329 75120855
190000013535 77574234
190100010082 75526728
190200012326 75027253
190300011269 75700627
190400017390 78274620
190500012600 78966752
190600017353 80749713
190700014337 78070791
190800014271 73750771
190900016732 71737365
191000011385 60468516
191100015978 64536467
191200017186 62675969
191300016690 62612728
191400020658 65542105
191500018060 65759445
191600014910 69576827
191700015402 69484049
191800014637 72232725
191900014413 72880400
192000011172 73290986
192100011904 76091055
192200011454 77155978
192300110625 75953499
192400017422 62345214
192500018971 60119850
192600018227 67493597
192700015867 66074735
192800018261 64486872
192900011303 64535028
193000018244 65723136
193100016742 68361571
193200110008 70224302
193300017851 68730982
193400018461 70712676
193500015782 68157880
193600015155 62300933
193700018636 61168091
193800016891 63360620
193900013253 64460501
194000017526 65347014
194100017391 68450549
194200011713 68602978
194300017852 65502625
194400018802 58940814
194500013976 63241056
194600012220 66475738
194700015314 68188938
194800019907 66531478
194900012320 66802134
195000014688 68284021
195100017024 68453111
195200012471 72332355
195300017932 70714549
195400017742 69005880
195500016636 69161656
195600009349 69718115
195700013731 70828593
195800015741 64742582
195900010216 63561791
196000016505 65093781
196100021935 69772860
196200019814 69326418
196300012756 71092611
196400021798 70758136
196500017330 71060516
196600013961 73548166
196700013467 74358581
196800015127 73393820
196900012776 77790268
197000015659 74653428
197100013663 73137440
197200012264 70912479
197300014474 70917115
197400011762 73584179
197500013139 75849425
197600010562 72525913
197700015558 63418778
197800017454 68192798
197900018100 69445691
198000013177 66798516
198100016060 67000568
198200018088 67353137
198300013520 67895420
198400018437 68993122
198500015672 68659929
198600015308 70139345
198700014676 71938610
198800014418 73089884
198900009936 75427464
199000011356 76637526
199100015391 74938169
199200011286 75249292
199300014706 73968911
199400013746 74033182
199500015221 71250787
199600018177 63709230
199700019598 59540890
199800014385 62393203
199900016316 66931725
200000010224 69113713
200100016577 68010672
200200011523 73240800
200300012911 69502059
200400014484 72566580
200500017548 62030283
200600015598 61504510
200700016424 65058463
200800017256 68540886
200900017072 67969406
201000009397 70889385
201100015157 71938672
201200015511 70520711
201300009404 72503898
201400013431 69318569
201500009522 72231896
201600011645 70982402
201700010938 72221253
201800012196 71712665
201900014058 72051082
202000013046 73020083
202100011680 75223903
202200013083 74180667
202300013697 72040091
202400019417 66124903
202500020012 59622923
202600014686 62066517
202700018785 65763692
202800015421 66520625
202900017629 71615037
203000009980 70413333
203100018251 71271968
203200015372 71899043
203300011907 71593291
203400012999 71945360
203500019894 63591615
203600014698 59664694
203700020147 62596595
203800016166 64564733
203900014753 69462232
204000014630 73170467
204100012248 73423284
204200015816 72318623
204300017106 76422163
204400018147 79668020
204500013982 79861829
204600013305 79237852
204700015381 79417848
204800010634 76621537
204900013209 77796725
205000013325 76385199
205100018576 69498208
205200018822 64594279
205300015470 68593559
205400016671 70454773
205500008800 69119250
205600015545 70425798
205700015464 64594799
205800017430 60609826
205900014313 64112859
206000016291 64870497
206100023095 64987696
206200016543 61835456
206300019304 59101192
206400012165 65091123
206500012274 71526940
206600015952 71606907
206700014560 67300199
206800014956 67160090
206900013726 67998140
207000012673 70703511
207100013846 70704366
207200011863 70097625
207300013200 70191254
207400019312 65321697
207500012419 62704226
207600009623 61968540
207700010751 67168973
207800015566 68971037
207900012654 70508124
208000012554 73397587
208100015071 75689241
208200018381 73256214
208300014952 72639416
208400013501 73973057
208500015698 69526659
208600008176 70219545
208700013239 68621037
208800012833 70406369
208900129326 72403171
209000015695 72428944
209100016036 57067000
209200016166 62691634
209300012054 64920000
209400017038 67306081
209500020968 66642209
209600015657 69676804
209700013741 68335992
209800010031 69485058
209900011925 68386064
210000017012 68798691
210100008770 68638484
210200018211 66675825
210300015438 66905303
210400011369 68838548
210500012711 73280700
210600011556 72076624
210700124367 73839905
210800018087 69130854
210900015520 60488030
211000015183 66931807
211100015913 68878234
211200012772 68155582
211300012387 69401578
211400017707 69422486
211500014246 71811510
211600008330 73890812
211700014132 75521040
211800010736 72871364
211900018567 65802699
212000014256 62969723
212100019146 64698030
212200011286 65055538
212300011926 68591910
212400014015 70065004
212500012014 72713262
212600011404 74360352
212700016532 74746157
212800019168 75135457
212900020552 57751465
213000019263 61430741
213100016200 66534875
213200019051 66586880
213300012731 69479260
213400014316 69361986
213500009365 69693237
213600012707 73094051
213700015042 68677517
213800013208 67985325
213900015414 68371894
214000016820 69142330
214100015144 71302158
214200012724 69637666
214300010607 70729493
214400013342 73189481
214500019684 65529040
214600019015 62553941
214700014947 65937398
214800014222 68935577
214900013135 71477526
215000017936 71805527
215100019321 71994106
215200011194 72565742
215300010628 71130658
215400014617 74528972
215500018240 76927389
215600010530 77393979
215700010288 78245468
215800011335 75353591
215900015674 72450488
216000012876 72261749
216100011710 75655683
216200018584 59710598
216300015434 61628038
216400019078 64972869
216500017273 67468304
216600016072 67855336
216700012787 69756051
216800021435 72875163
216900017872 69419714
217000014337 72846652
217100022695 64724296
217200013813 58855126
217300013911 61111053
217400011052 65384461
217500012475 67279110
217600012697 66677783
217700015844 65601847
217800013924 66911308
217900012370 68185918
218000017361 71567335
218100019574 69618411
218200019436 59107859
218300011921 62399943
218400014497 63045979
218500016218 67214892
218600019585 65396350
218700014207 66174664
218800016047 68219522
218900014889 68265287
219000014031 70983274
219100013554 70904083
219200017271 69545885
219300015837 68887091
219400012528 70501813
219500012736 69926618
219600011904 73205710
219700021339 60538888
219800017650 61099861
219900013384 67968306
220000016001 68006796
220100016297 61231977
220200015753 62905621
220300011044 65428541
220400010445 69033685
220500014722 70209118
220600016665 69213829
220700012380 65155112
220800015826 64859483
220900014039 67882079
221000017753 66633293
221100017584 70136114
221200015251 61706940
221300018234 62657272
221400014710 64538902
221500012859 66245098
221600015707 70445020
221700014136 72398209
221800010836 71147692
221900009799 73752518
222000016121 71930495
222100012517 71202397
222200017816 70262374
222300011706 67091418
222400017826 67842550
222500016280 70084961
222600021043 65995209
222700018932 61831531
222800016392 62189397
222900018306 65210755
223000016396 65040640
223100016250 67494035
223200018182 67269189
223300019949 61363392
223400014552 63954239
223500014115 69060550
223600010912 70853922
223700018044 71793874
223800020556 72228473
223900014167 71575804
224000013065 72638868
224100011688 71686583
224200014656 74775213
224300015886 77680415
224400011634 76699620
224500045416 80598490
224600016398 75617937
224700016376 68361347
224800013369 59989331
224900011491 64203182
225000019124 64516622
225100011775 60842380
225200019559 59575401
225300010531 61409344
225400012469 66160846
225500018265 65704109
225600014824 67374567
225700014086 69781027
225800017846 69485327
225900018089 65161872
226000015189 67201398
226100017607 68233800
226200016432 66995574
226300016860 67250206
226400017749 67283580
226500018495 66104054
226600017932 67410089
226700011065 68926030
226800019649 67770502
226900017792 60479680
227000015098 64090690
227100017247 66240168
227200016723 67052508
227300011369 68080852
227400017997 71162523
227500017457 68566682
227600013138 70619556
227700015436 71829608
227800015137 70451279
227900009898 72582395
228000012835 71584237
228100011032 72837162
228200012454 71086890
228300015017 71667584
228400013123 73189821
228500014186 69931255
228600015714 61439160
228700017879 65822888
228800013982 70454401
228900015061 70638604
229000012415 70608282
229100013249 70894526
229200010883 71356755
229300016394 75075678
229400010874 75358531
229500013996 63463331
229600014630 62707479
229700017621 64868963
229800012271 64654013
229900012644 66552025
230000013087 65560888
230100015377 66901874
230200018494 61028479
230300018718 61788418
230400017994 66391584
230500017683 69274839
230600016551 72455336
230700018062 74105437
230800015922 76501584
230900014827 74286276
231000014839 76366746
231100018582 74402601
231200008966 73314877
231300017634 74281197
231400017061 73521063
231500017340 76369518
231600018049 73727161
231700015752 62316926
231800012586 66340428
231900013747 66136832
232000012487 67891171
232100009601 71043627
232200013219 73110381
232300014340 72384035
232400014189 73465043
232500058144 73624205
232600015104 72527275
232700015230 75860165
232800009999 73773627
232900012494 75691666
233000016371 64767039
233100018955 62204151
233200017195 64936287
233300009465 66600742
233400015240 67020124
233500020263 69181338
233600010849 69101985
233700016641 68066015
233800016333 70375073
233900010499 70231040
234000016702 69447654
234100017948 70651834
234200014475 73165940
234300018694 69948339
234400019089 70611967
234500016469 72071095
234600013970 74051403
234700012046 75656703
234800017615 72515280
234900018035 68368248
235000018942 58891789
235100014252 64498574
235200012444 67233318
235300018891 66223706
235400020338 67730386
235500014470 69030059
235600015137 70531638
235700010186 68823348
235800016916 63529788
235900015199 62957611
236000015974 62119207
236100017694 66701416
236200012050 67220334
236300010097 69690473
236400013147 67789321
236500011230 70636731
236600012900 72373308
236700013029 70697431
236800010956 70511582
236900020475 67951402
237000015023 67027373
237100013750 69971187
237200017249 59210037
237300016772 62341401
237400018163 65684817
237500035449 66742188
237600018728 68342509
237700013294 66222274
237800015703 66578856
237900010597 67670353
238000019867 68254367
238100016210 60067701
238200019490 62628420
238300017652 66161782
238400016609 68383474
238500015753 69487859
238600014770 72194627
238700015675 73459896
238800013436 73404045
238900010566 74790754
239000012062 75150161
239100012969 73544771
239200010238 71175631
239300018101 70204697
239400012431 70060858
239500012706 71903697
239600013745 63844514
239700016820 62595497
239800014855 63243840
239900020199 66237275
240000014232 69561041
240100014496 70798235
240200014576 69710423
240300013082 72038657
240400019399 63824085
240500018257 61059213
240600014356 63651874
240700013247 68031980
240800010924 69243837
240900012655 66669850
241000014899 60125697
241100015928 60068578
241200009362 62711302
241300015449 66195281
241400015039 65978156
241500017011 66059380
241600015089 68014161
241700017612 70592459
241800016096 67358420
241900017618 70270155
242000018930 64498534
242100136335 59237378
242200019553 62747724
242300014569 64677232
242400014177 67148545
242500014405 67951211
242600009807 71562254
242700018741 73561903
242800015124 70754313
242900019822 66468294
243000018533 59933393
243100017547 63926509
243200011160 64681494
243300010991 67004749
243400019547 68899138
243500014091 72470774
243600015558 71761883
243700015438 74012586
243800017828 71049126
243900012189 71704267
244000015441 68944225
244100019438 65499593
244200017455 59740130
244300012711 67210449
244400015147 66665833
244500018323 66803123
244600013349 65245093
244700014728 66418795
244800015404 67519188
244900012116 70638759
245000009586 69268472
245100014961 69961591
245200016268 68964843
245300015685 68294338
245400019439 67480213
245500018798 68444375
245600016319 70218014
245700019599 60986423
245800016780 65924939
245900015231 66112954
246000016155 61212037
246100014837 62857499
246200013629 65054725
246300009609 67621667
246400012100 67466272
246500015185 68094767
246600010656 68319336
246700015129 70667259
246800009611 70881629
246900013068 70726742
247000010272 72203120
247100012543 69279708
247200017856 64362619
247300019448 63208311
247400013802 63693529
247500016365 66117368
247600013871 66185824
247700012948 66040542
247800012425 68871000
247900017401 71210306
248000009634 71408366
248100013596 72915234
248200011271 74186268
248300010992 79666179
248400015450 78475440
248500016314 75745910
248600012074 75046413
248700014767 73948964
248800015018 74640894
248900013121 74324070
249000019507 69478236
249100012979 57925472
249200016943 63600889
249300013694 65115109
249400017770 65279393
249500016733 69046295
249600012561 68505121
249700013067 71864530
249800017484 69804294
249900016258 68240110
250000013521 68000581
250100020564 67929705
250200020721 66818535
250300018028 68308857
250400016398 70298799
250500009972 70523270
250600020683 72412699
250700020632 58135412
250800014842 61280752
250900017217 66442475
251000020031 66829190
251100018726 67883065
251200011885 66882900
251300015300 69383639
251400015941 69388175
251500010844 68027001
251600015997 68284606
251700013528 68310785
251800014272 69889291
251900012486 65236784
252000016153 60046921
252100021428 63379739
252200019235 67535787
252300013137 68567672
252400019564 66714985
252500019624 65670850
252600010018 66514416
252700012580 68058834
252800012346 71784129
252900015978 70698903
253000013809 68195521
253100017382 68414594
253200014741 69089280
253300018936 71003423
253400011184 73016883
253500014383 73432914
253600014415 75783262
253700011827 72796541
253800014025 62764522
253900018476 65003246
254000018772 66319898
254100014017 69904967
254200017011 68931425
254300009823 68809503
254400012110 70902317
254500011282 69052059
254600010627 68854202
254700013614 71609031
254800013829 71222242
254900015322 74552286
255000124560 77144303
255100014932 76381036
255200017442 64584384
255300017751 60575104
255400017368 62594842
255500014520 67053211
255600014077 67642604
255700013162 69007298
255800018404 66831364
255900016753 68539751
256000010774 71384833
256100008860 69131565
256200014644 70421927
256300011368 69340618
256400016966 69984644
256500016168 70320197
256600014976 70861335
256700015167 63752128
256800020294 68421985
256900010544 66178747
257000014710 67710607
257100012957 60435024
257200010124 63332576
257300018529 65466683
257400017575 66321581
257500017580 68526960
257600018639 72143911
257700017760 72454968
257800013614 74103955
257900013744 71677456
258000013131 71309486
258100013693 71136029
258200015839 68482611
258300015278 69157217
258400011586 68282621
258500013455 71094438
258600013585 72634806
258700014215 73516938
258800015736 74266488
258900013112 71567286
259000018430 64234780
259100013062 61262450
259200015216 60254883
259300018196 64101186
259400016369 66937306
259500011800 64815749
259600014298 66737314
259700015517 69514770
259800019854 69389433
259900013261 68740587
260000016357 68346847
260100016328 67612781
260200015550 67238073
260300016235 67536979
260400020589 61971923
260500017401 61112204
260600015005 64491752
260700017012 68667531
260800012944 68210244
260900019646 66035511
261000022070 58971242
261100019932 60196639
261200020584 62789077
261300018551 65006407
261400014154 67188309
261500011196 65345611
261600018757 65011163
261700018848 58185867
261800011397 64204202
261900016308 64620460
262000017561 66480332
262100014781 69334332
262200017231 69351153
262300015012 72510034
262400016232 69528113
262500015145 68308165
262600016646 67640159
262700015955 67601633
262800009124 67025455
262900018431 68624244
263000017814 70193909
263100013472 70619697
263200012630 72988390
263300018965 63287965
263400017795 58524073
263500018343 60057565
263600015519 62829544
263700015363 63453428
263800011907 66851862
263900010443 68631494
264000012751 71478606
264100011050 67882496
264200018762 66408828
264300015343 67065596
264400010960 69085729
264500041577 68108377
264600013146 68329317
264700018653 69030362
264800011903 65956090
264900017661 62745403
265000011513 67301324
265100016383 68141653
265200012282 69664177
265300016341 71191590
265400010546 74150175
265500019687 60082685
265600013593 63272005
265700014182 61086811
265800017122 61148539
265900014603 63535474
266000015371 64970534
266100015611 65539303
266200012976 67252423
266300017114 67830174
266400014670 70174507
266500015202 72703017
266600013797 71869663
266700010790 74213418
266800011009 74981033
266900019610 73335666
267000017236 59095581
267100013853 60109988
267200020061 62382615
267300013756 63747748
267400014175 65057547
267500012592 69089846
267600017021 69753033
267700013073 70344228
267800018322 69784915
267900017687 62628081
268000019894 60589705
268100014363 64952221
268200009838 66680347
268300016863 69850362
268400016005 71401243
268500018815 71782810
268600015958 72627863
268700014343 75437369
268800014638 76092790
268900011562 73487896
269000010723 74040476
269100010150 73566475
269200012470 70626319
269300015626 61211497
269400018311 62137573
269500021010 62601324
269600017579 65919842
269700012681 69162975
269800010241 69349088
269900015445 69635143
270000014728 70656583
270100018279 69983049
270200013878 70167559
270300018361 72809837
270400013557 73775402
270500019012 63639607
270600018672 63062147
270700019237 64427486
270800017101 70397403
270900013990 70582233
271000019856 65043116
271100020593 59159999
271200013896 61165910
271300015100 65726833
271400016295 66735183
271500155855 66222895
271600014425 61044336
271700015059 63006629
271800015115 66449894
271900013722 68279862
272000015720 69458010
272100011566 70706129
272200018901 70764972
272300015614 70798748
272400013535 69155360
272500011816 59533821
272600014175 63313416
272700017700 68608228
272800016450 69022175
272900014112 69459714
273000083166 67393073
273100016854 70658364
273200012106 70430071
273300010190 69562121
273400010516 69428017
273500014088 68975438
273600013199 70760533
273700012753 72298963
273800017344 70357542
273900012580 70951013
274000016179 73938094
274100013102 75651527
274200020325 69292690
274300015561 60059942
274400015086 64115580
274500013011 67286435
274600023128 67138554
274700015563 71293097
274800020139 71794298
274900010969 74033953
275000013666 74706231
275100016181 75997104
275200015187 73257842
275300014427 75250340
275400013347 75254900
275500014933 72833810
275600014911 70609188
275700016885 72359088
275800019078 73216752
275900011294 75608302
276000018916 73415687
276100015768 70861530
276200013916 61731553
276300014248 65680620
276400018204 65912446
276500014479 66719534
276600014570 69879421
276700022322 68963841
276800016360 63452190
276900012438 68992442
277000013418 68610262
277100018062 69903877
277200018438 69010904
277300009788 72869091
277400016188 74269687
277500012179 77092554
277600020003 63596155
277700018449 62119854
277800018834 64571876
277900011934 68978237
278000015226 61374335
278100016810 65574266
278200013454 65870546
278300018003 63603125
278400021638 59977758
278500019534 61961777
278600018823 64196769
278700012505 67884452
278800010608 65060074
278900019196 66748043
279000011325 68358939
279100012196 68471374
279200015365 72028911
279300016205 70026580
279400011224 68728843
279500019006 69404910
279600014229 69825246
279700010393 70874225
279800015689 73410070
279900010096 74180755
280000014774 75613754
280100014798 72931183
280200014715 70417576
280300013967 60686333
280400010614 63493158
280500018316 67222237
280600009498 70720251
280700010815 71321189
280800013863 72450676
280900012624 71291713
281000017063 72283322
281100013625 75252845
281200016162 73859263
281300011159 74780133
281400010558 76453670
281500012153 73420751
281600018949 71302365
281700012567 73117355
281800011621 74212815
281900014389 74588564
282000018066 70201438
282100016046 61790789
282200011110 68311053
282300008156 68437785
282400012441 69784424
282500013131 68600819
282600015774 72483451
282700014971 73998420
282800018750 63489396
282900018294 60512399
283000013992 61770273
283100016444 66084220
283200019574 66297044
283300014165 65657854
283400012381 82523032
283500013398 78971157
283600013471 78860262
283700004970 83098036
283800004618 74910503
283900007780 126184577
284000008686 130182858
284100006892 137142990
284200003453 179950810
284300007484 241903842
284400007824 164183379
284500005852 164139147
284600004379 198015399
284700008019 190611185
284800010246 121928946
284900009226 106207019
285000009418 102850141
285100007957 122929632
285200008147 129433499
285300008529 129331139
285400008720 129583996
285500004433 183416419
285600006436 179151022
285700007201 175531082
285800006062 172499061
285900004068 195400350
286000008534 225208369
286100007756 126992663
286200008220 134774739
286300008797 126201930
286400006451 147239403
286500007403 159255857
286600008792 158214447
286700007717 126173204
286800008605 125802593
286900008952 125904110
287000012615 155216617
287100007528 134802796
287200006946 171479809
287300006142 174500761
287400006627 175532298
287500005287 191645577
287600004872 222973376
287700007376 174075329
287800009008 125454330
287900008894 125241474
288000008982 125732942
288100010701 158293340
288200007083 142549427
288300004803 184746293
288400005808 184053946
288500006190 183121746
288600006285 168989108
288700006211 179974540
288800005329 186833558
288900006576 182963624
289000005537 182571274
289100006575 182307205
289200004274 191766733
289300006164 191540267
289400005939 172064417
289500005658 185362589
289600005161 197726981
289700004858 183782436
289800005768 192674954
289900006101 191706472
290000004225 188366865
290100005665 174171167
290200005498 179906850
290300006445 177415019
290400007198 172601195
290500005867 179096969
290600006830 185011111
290700006023 173738488
290800005924 167422589
290900006359 186755324
291000005211 184871262
291100004125 193879731
291200006378 190594129
291300005562 171790675
291400004858 187440320
291500004201 199383968
291600004576 181218407
291700006861 184256111
291800006460 187931728
291900005228 186800930
292000005574 169267496
292100006055 178345708
292200006590 170822157
292300005616 173950609
292400005324 180661832
292500006290 178148289
292600005898 178000847
292700004018 182073898
292800004772 183983653
292900006275 195265495
293000005588 195135593
293100006093 186806351
293200004373 189383702
293300004818 176179625
293400005898 175089503
293500005373 181587813
293600005628 193101152
293700006296 175977309
293800006178 177652287
293900007158 167706032
294000004384 179065090
294100005146 190701646
294200006700 178343598
294300005963 184964242
294400005893 182817214
294500006067 196355621
294600006310 185782880
294700004913 192245576
294800004979 194300415
294900004035 193446312
295000005629 184925798
295100006614 185696630
295200006042 182489792
295300006709 184818627
295400004603 182446772
295500004176 184026231
295600003277 194644853
295700005614 210804366
295800005791 182619522
295900005299 191319004
296000007108 178078076
296100005725 180218346
296200006302 180507499
296300006150 184373729
296400006033 193617957
296500006741 181869565
296600005899 183963603
296700006121 184242053
296800006489 198409543
296900006207 177817881
297000005212 187890009
297100023587 189767876
297200005436 192210414
297300004337 185332363
297400005646 195873837
297500005358 186621068
297600006286 191401156
297700003663 177067445
297800007061 181292421
297900005883 197744658
298000004382 181741596
298100006887 194772474
298200006758 190516074
298300006792 188945044
298400006184 192177173
298500004646 186182162
298600003896 187367089
298700004395 200015365
298800006548 189421570
298900006066 186661660
299000006027 192891764
299100005054 186478166
299200005964 170457794
299300005981 186924778
299400004998 176798141
299500005395 180060086
299600006337 187659912
299700006830 190675364
299800005829 184631695
299900004441 189537483
300000006161 187512582
300100005302 185402044
300200005694 190729164
300300006297 184975058
300400006259 184899651
300500005978 194090369
300600006518 185250131
300700003928 183152982
300800005056 176857621
300900004701 187309623
301000006146 185201419
301100004299 183254956
301200004009 207796169
301300006046 189005055
301400005756 182550904
301500005107 183350940
301600005351 183184527
301700005997 179320139
301800004418 197004703
301900005014 202165462
302000005912 184951007
302100006976 187414240
302200003993 183848154
302300004882 184296128
302400004077 189417937
302500006165 198484238
302600006106 177963866
302700008300 179814483
302800003953 180944343
302900006218 177526621
303000023271 183800282
303100005975 185173192
303200003337 182107869
303300006570 198823774
303400005948 176457845
303500006104 183363486
303600006108 185611901
303700006563 194708802
303800005457 182200531
303900003911 191699621
304000006270 194891739
304100006585 185372881
304200004587 180148990
304300005950 189342034
304400005408 183147878
304500004798 195629000
304600004235 181084789
304700004718 183517637
304800004631 195846460
304900004685 192432464
305000005955 173163882
305100006769 181706461
305200006061 212210728
305300006752 179297991
305400006800 172258430
305500007004 174602253
305600006725 185503490
305700004016 191046719
305800007094 177740665
305900007818 168784665
306000007075 178238727
306100039846 171301493
306200005781 185948643
306300004983 184579639
306400006362 182067692
306500006240 178423068
306600004541 184763039
306700005767 189493665
306800005494 179771352
306900006921 180516819
307000004252 194287944
307100003721 190646559
307200006618 184666484
307300006484 174883693
307400004299 184409411
307500006173 191792993
307600006867 178549069
307700006209 180508584
307800004994 189923790
307900005966 180472755
308000006313 177065500
308100006420 177696160
308200006188 184587267
308300006476 188362748
308400006535 182664742
308500004154 172510311
308600004492 173620670
308700006808 187293604
308800006047 180169277
308900006254 178768993
309000005529 188059182
309100006292 188171373
309200006511 198173200
309300004808 181391794
309400004123 190917153
309500006778 182931531
309600005855 177765427
309700005798 180105984
309800006770 188325008
309900006828 187568165
310000005837 180444310
310100005618 186173362
310200005587 193768329
310300005593 191748812
310400005557 178257770
310500006947 178802636
310600006298 185050739
310700005523 185626906
310800004327 180880549
310900006251 181809619
311000005484 193125215
311100005828 183974089
311200006349 175146810
311300003697 309973029
311400003455 413808118
311500001414 400000311
311600002888 398950306
311700003310 411087558
311800003093 409721799
311900001175 419278444
312000003805 414791541
312100003671 406621283
312200003538 409958656
312300003057 399702553
312400003099 401141268
312500004070 391569581
312600003515 397799795
312700003132 423780554
312800003990 399985263
312900001126 402595277
313000001016 404362284
313100003105 398017149
313200003865 400118041
313300003586 406811055
313400003483 407516427
313500004018 395297403
313600003842 410139028
313700004062 397193529
313800003153 395126973
313900003717 409253663
314000000817 406846992
314100002837 400832032
314200004062 403406116
314300003610 396416214
314400003272 403940772
314500004240 403369991
314600003212 396405594
314700002959 395976165
314800003400 399485634
314900003823 412808583
315000003379 404522206
315100003985 398476387
315200003814 412002165
315300003915 418446270
315400003525 403060615
315500003620 405179232
315600003470 414361310
315700000766 417593424
315800003221 429678474
315900003294 418968285
316000001096 411147592
316100003626 402376416
316200003413 403936816
316300003114 402084034
316400003416 403019484
316500003574 412003014
316600003749 391751571
316700003430 413241034
316800003366 406345995
316900003718 421656853
317000003544 409573704
317100003656 403695018
317200002833 401970128
317300003469 406369205
317400003612 398648034
317500000871 412881905
317600001136 407632861
317700003400 424767419
317800003067 409003597
317900003503 403118264
318000003140 395318863
318100001571 399321028
318200004190 417041973
318300003957 413210838
318400002851 413359713
318500003796 404932883
318600003434 399660579
318700003822 401273015
318800003351 399374778
318900003887 410929281
319000004075 415729931
319100001168 396140585
319200003600 411618223
319300002973 419715424
319400003400 416847284
319500004473 408253125
319600002858 396936334
319700003571 407682878
319800001049 399225544
319900003576 403063033
320000003882 417452221
320100003800 403406628
320200002923 414200372
320300003749 402545546
320400003225 396561771
320500003541 398376761
320600003667 410503173
320700002762 410706869
320800001132 409091270
320900002659 421465988
321000002692 407348014
321100003325 405768589
321200003381 405625030
321300003655 414726444
321400003263 397845331
321500004013 406886299
321600003961 400736285
321700004662 414806911
321800003580 411370010
321900003149 402436658
322000003124 407228873
322100003379 417292625
322200003760 404544085
322300003862 402002191
322400003686 398581063
322500002879 415443058
322600003666 392627789
322700003702 406000857
322800003829 407099456
322900003308 400354534
323000003148 406142477
323100003775 405676303
323200003509 415149227
323300003481 412415430
323400003450 412227640
323500003379 405870658
323600001151 409146475
323700003691 411409477
323800003340 407309518
323900004336 420115224
324000003524 404846561
324100003427 409700829
324200002575 399444710
324300004060 402777750
324400003053 407894814
324500003566 422577816
324600003200 407308928
324700003151 399979421
324800003440 406776452
324900003468 405557073
325000003337 397037945
325100003464 411576656
325200004158 412909725
325300003259 402019272
325400002959 410827418
325500003269 400944805
325600003521 418563224
325700003728 390160655
325800001022 411342405
325900000981 405922510
326000004139 395943310
326100002773 398071046
326200003240 400057954
326300003359 402743503
326400004165 402084548
326500002851 394853243
326600000904 423056820
326700002963 403676067
326800002955 414053979
326900003918 401433248
327000000993 409688225
327100003345 411726887
327200003017 409259382
327300002682 410144915
327400003050 422403767
327500002616 407429820
327600003149 405396528
327700003626 399220691
327800004379 398713395
327900001077 416102420
328000003464 417225267
328100003381 415681022
328200003059 411003995
328300003927 401077240
328400003431 414655274
328500003599 408976937
328600000894 414593561
328700000929 397784164
328800003191 409263830
328900001427 403744302
329000003103 407645553
329100003802 419464749
329200003385 399660964
329300003868 411082694
329400003088 406047659
329500003763 396742679
329600004055 395385553
329700001332 418126971
329800003362 409647739
329900003481 396762478
330000003133 406449038
330100000696 405165163
330200003688 418688064
330300003381 410441290
330400000903 403451428
330500002860 403468477
330600000958 433000495
330700003909 398546137
330800002008 403039825
330900000945 418534889
331000003655 386018652
331100003624 417739931
331200003270 393829921
331300000885 392038515
331400003895 405043732
331500003074 404390453
331600003591 405854471
331700003423 416195081
331800003318 418170563
331900003348 402083935
332000001241 409505903
332100001266 409772428
332200003572 409155727
332300002668 407630547
332400002629 411048313
332500003229 401494989
332600003176 405597410
332700003564 409956510
332800003638 404212619
332900003254 406729763
333000003163 423118208
333100004158 416375996
333200003423 410814858
333300003636 411654910
333400003924 407097572
333500003434 410233054
333600003167 403224918
333700003317 403006982
333800001035 411870862
333900003731 406604938
334000003733 405921156
334100003006 393657113
334200003660 401750387
334300003883 394689320
334400003136 412279922
334500003286 400982310
334600003983 405805974
334700003167 403972461
334800003464 404364658
334900000909 404797992
335000003630 409453519
335100003122 414214308
335200003693 409499670
335300003406 402661055
335400003296 417071509
335500003497 393186599
335600003660 406718711
335700003013 402435956
335800001114 414573942
335900003022 409825980
336000003316 404375611
336100003628 407870131
336200003415 405166505
336300003273 401658507
336400003605 414443878
336500003164 409926953
336600003339 397347385
336700004088 409610024
336800003339 396231468
336900003232 424827737
337000003214 438464015
337100003482 404378422
337200003490 411813285
337300000802 405718503
337400003589 405863759
337500003088 411576817
337600003750 419490813
337700001034 415396435
337800003366 383413583
337900003907 400607045
338000002956 408755135
338100003573 400338219
338200003396 405190456
338300003591 395598040
338400003078 412631708
338500002856 393179234
338600003416 394395043
338700003868 398790250
338800003501 407304490
338900001032 422497423
339000003851 416835156
339100003758 406986106
339200001041 391660546
339300001077 418608198
339400000900 398474673
339500003661 407400328
339600003389 410949466
339700003743 401626365
339800003126 395955901
339900003637 402946947
340000003770 406010068
340100003914 406718086
340200003505 405902143
340300003427 415335751
340400003110 419571865
340500003384 408463001
340600004253 412999993
340700002840 406846792
340800003305 399333716
340900001051 412879098
341000003806 402853604
341100001350 400726645
341200003278 398726011
341300003330 405066827
341400002731 399072696
341500003672 413362255
341600003549 393737795
341700003440 408698383
341800003650 399223503
341900003120 406263644
342000003111 415183305
342100001073 392976733
342200003625 405125451
342300003506 405501128
342400003376 410263254
342500003124 395916832
342600003525 406983101
342700001283 399949841
342800003450 415247021
342900003507 414855395
343000000707 411169607
343100003700 409024157
343200003883 395457729
343300003467 421837481
343400001031 410441371
343500003168 403061171
343600003531 403101201
343700003843 408469926
343800033335 400656708
343900003293 405523958
344000003485 415374358
344100001580 407979509
344200002834 411990445
344300003275 408490146
344400003558 403811802
344500001043 402845514
344600003485 401893876
344700003113 413608162
344800003743 401142875
344900003459 413479912
345000003524 409017121
345100003428 397674251
345200003661 397514306
345300003688 410071535
345400002817 400592351
345500002986 397897835
345600000924 394082386
345700003194 408479735
345800002850 414721545
345900003234 402896067
346000003066 405827608
346100001066 409878989
346200003326 399708084
346300000806 408823276
346400003586 425471449
346500003233 398802208
346600003116 408107516
346700003167 415009396
346800003142 397769220
346900002939 407490882
347000001179 406297396
347100003604 416528861
347200003156 405633565
347300003571 402252045
347400003105 402984263
347500003668 396980989
347600003217 408031612
347700003424 397053151
347800003855 416560163
347900004091 406673616
348000003346 411472794
348100003295 405393532
348200003012 407250602
348300003163 408617136
348400003290 404263114
348500001010 410189992
348600013869 415619949
348700003772 416833940
348800003732 415664870
348900004069 411749759
349000000849 414819393
349100003569 401440390
349200002950 432044668
349300003702 411879212
349400003202 419008909
349500003338 393887314
349600003779 412620555
349700003403 406292506
349800003534 400295485
349900003479 413898506
350000003437 399132553
350100003824 393769584
350200003101 407470608
350300001011 405130026
350400002904 408550368
350500003126 400032106
350600003404 402567185
350700004114 400668979
350800003231 415695743
350900001012 390709768
351000003962 414862875
351100003401 414539011
351200003138 402886306
351300003716 411273396
351400003681 397919834
351500003331 406634852
351600003263 419424876
351700003035 404791589
351800003507 406440910
351900000970 401489347
352000003745 406413781
352100003781 405553865
352200003101 413908178
352300003384 394455242
352400003676 408033974
352500004178 405618207
352600003554 400597276
352700004155 410733478
352800003856 403048077
352900001451 398599836
353000003181 406875252
353100003466 412806326
353200003528 411928863
353300003252 413377370
353400003662 414580097
353500003818 405994623
353600003186 406652825
353700003699 411070113
353800003389 411111205
353900003800 394756791
354000003565 403152349
354100004044 393205518
354200004136 408166590
354300003111 407115657
354400002994 402915733
354500001105 404547956
354600003521 400452658
354700002738 399750321
354800003196 417750230
354900001215 400608236
355000003213 411013904
355100003147 410309435
355200002983 409034757
355300001030 405041793
355400003328 424997467
355500002741 401179946
355600002842 398053172
355700003143 401533722
355800003681 416987479
355900003218 411411102
356000002996 405034238
356100003238 408744839
356200003762 427633803
356300004003 397687192
356400003601 411965734
356500003982 404207953
356600003271 399639142
356700003451 397882642
356800003341 433074840
356900003879 399114228
357000003230 401869668
357100003575 406189114
357200003593 404872157
357221320738 71554916
