100020649 57538085
200015948 57887459
300014843 45219208
400009450 45271715
500005504 45111334
600006477 45611646
700015290 45519850
800016292 45736861
900016063 45424316
1000016886 45796744
1100015268 47234200
1200012589 46880388
1300016336 45307856
1400016377 45230917
1500022530 45172412
1600022298 45836729
1700023143 45625241
1800023470 45806061
1900023042 45659490
2000020186 45885313
2100020671 45906694
2200022463 45492319
2300021660 45173485
2400022161 45448614
2500022533 46002066
2600021670 45950631
2700019632 45612470
2800023300 45642105
2900023814 46078560
3000021763 45542540
3100018241 45695851
3200025416 44979841
3300023699 45580451
3400018953 58910330
3500010125 52981358
3600024095 52702772
3700012680 102365015
3800003899 84684068
3900020303 63008360
4000022068 53952067
4100021926 54956725
4200007953 84172767
4300025124 87506541
4400011966 91509839
4500024899 59977510
4600016993 52507039
4700010933 53712412
4800022196 108921555
4900023573 87230481
5000014438 58633654
5100011382 54399498
5200024493 55102842
5300006012 96013076
5400002576 86717222
5500024542 84792873
5600024316 57946572
5700012277 55476347
5800019362 58551615
5900012344 102024556
6000021186 87903578
6100005334 57672112
6200010938 57302893
6300017393 54982518
6400010547 55561227
6500009185 86701087
6600018266 90254767
6700013505 92770811
6800019177 60154142
6900011599 53600654
7000010495 54311923
7100072087 112075098
7200021118 87248008
7300020392 76942003
7400013712 71642278
7500017714 78245738
7600007968 78476580
7700008476 110075715
7800008580 105710277
7900022294 73874714
8000017020 60247559
8100018015 93481100
8200004641 110662660
8300019984 129149571
8400014617 146306475
8500019796 90878359
8600009040 91151854
8700004363 107758736
8800008012 120438801
8900026862 76801747
9000004607 68007499
9100016942 95557448
9200021153 159753303
9300007366 126535872
9400017010 90435659
9500012182 80096587
9600002249 121404083
9700012182 123214126
9800017607 95570750
9900036028 61445515
10000020457 91894167
10100003763 172416104
10200008358 112400543
10300017434 101791988
10400009919 85925786
10500016154 122930937
10600006904 153846169
10700009493 113734571
10800024792 61788660
10900014371 60238504
11000020585 100875416
11100003818 111909576
11200024495 145731706
11300009164 132493281
11400002392 103431407
11500010235 107400492
11600026443 151700466
11700009767 115799999
11800022650 64103033
11900013364 88585893
12000000826 91149668
12100005235 145722705
12200034769 131614879
12300006130 105524374
12400011547 103056415
12500009655 119655146
12600022858 148578587
12700018634 110222023
12800017599 56747187
12900018098 95705519
13000036529 79171900
13100022568 180250918
13200005194 115139354
13300029063 101479864
13400018517 99755238
13500021164 136830534
13600018117 143246036
13700022310 100526325
13800015220 59774891
13900011137 92999968
14000011260 135285213
14100025916 139923899
14200000543 106569516
14300017750 95723796
14400008585 80906693
14500014292 81724832
14600013894 100386480
14700007851 172129795
14800009510 80025093
14900023474 81745473
15000025625 62741909
15100025374 72923657
15200010428 74975658
15300017075 71911640
15400016562 63831695
15500038314 63529300
15600010010 68304923
15700025103 71400099
15800025699 68518384
15900012501 66410579
16000002910 70230258
16100012313 70190036
16200007745 75144228
16300023556 63793257
16400008484 72031810
16500021454 60345180
16600017391 57507907
16700021698 61398780
16800022242 57999752
16900014924 63534514
17000010311 61579930
17100017974 64780517
17200017599 59038642
17300016026 61640579
17400016246 58683299
17500007217 62459267
17600015724 62711413
17700024313 60599298
17800002645 65299968
17900016906 66812199
18000007688 71000675
18100018271 66191761
18200125500 67858455
18300020476 64327525
18400016977 61277789
18500013517 62023148
18600014740 62144581
18700016650 64659905
18800009049 61268595
18900025790 68122453
19000016445 65176688
19100011599 61370025
19200001188 61554104
19300019194 62617793
19400012031 60988407
19500023430 58435725
19600003971 63923315
19700005570 100326477
19800013230 92921625
19900019956 84206509
20000020570 104886657
20100004454 78395503
20200003207 89065342
20300004461 127775783
20400022580 114120653
20500022949 73549410
20600022391 44584991
20700024872 45257252
20800003532 110488712
20900021518 75901258
21000025923 47981481
21100026795 42124257
21200025448 40215084
21300030322 40362681
21400027385 40430676
21500024694 40620756
21600195932 40801139
21700023476 40265345
21800021840 39985770
21900028274 40047369
22000015028 59810600
22100016745 94138399
22200024586 104634861
22300019781 105749877
22400017756 58351437
22500016046 56519516
22600009406 106165228
22700003982 128835630
22800004528 186439898
22900014436 127984504
23000005702 161283227
23100005882 135127164
23200023859 128345892
23300013935 112790295
23400008874 128208860
23500001720 97015875
23600021043 155107907
23700008962 92911417
23800007958 160366447
23900008889 157149042
24000001458 161580074
24100003350 163524078
24200008943 164532157
24300010789 103524957
24400010606 121749271
24500022866 84849966
24600005107 66032741
24700003763 113073574
24800027254 53346257
24900021792 46603915
25000019867 49117325
25100019655 161672448
25200022501 71357503
25300022597 48618899
25400027088 43026307
25500029465 42279533
25600026539 41853201
25700019152 42011805
25800022182 41607125
25900020065 41671322
26000018750 77730622
26100004970 141836476
26200007190 171451315
26300002825 172881711
26400017112 73445864
26500017730 63340627
26600003726 129742831
26700003296 186059927
26800025300 118749581
26900003667 152663581
27000003526 192057470
27100010624 198612002
27200005734 123638334
27300009018 85791649
27400024303 159644595
27500010260 92399026
27600007676 88392334
27700009042 94142585
27800024412 94997307
27900028193 43684698
28000036804 39370725
28100014354 41590537
28200016580 50540991
28300009971 60179214
28400012244 94926896
28500021349 75524986
28600008842 104078030
28700015979 140275570
28800022455 47714808
28900022740 47369626
29000005349 87237672
29100018745 75624402
29200018165 43974243
29300008724 49965562
29400018585 54943841
29500021866 51761985
29600007629 102438510
29700012302 149777083
29800006954 120113686
29900014513 169301223
30000017246 74129966
30100017390 45851462
30200020716 44416104
30300022424 45487403
30400016490 44365066
30500023891 44020931
30600021676 45499309
30700023176 46934842
30800006217 96766097
30900006728 199390873
31000010931 150521801
31100010906 82525638
31200009839 140424110
31300067252 116507515
31400006107 143220550
31500007752 167790891
31600005521 149145181
31700004487 236929458
31800007410 163296498
31900005422 186196145
32000002907 233989699
32100004228 230367743
32200001086 241363547
32300003441 233619628
32400026679 132968128
32500027370 43454613
32600002592 142648792
32700023210 81807632
32800022901 49534017
32900020867 48888195
33000017149 47075219
33100018069 50759938
33200016401 53363197
33300006257 128136458
33400004687 217478757
33500007450 192757080
33600010141 105103145
33700008354 96740661
33800014411 91002668
33900010785 140362714
34000032828 133250487
34100002873 163621984
34200021754 171176159
34300010215 211536778
34400087219 78625184
34500010143 77258920
34600016483 74357966
34700004466 168462489
34800004008 142387017
34900005195 198546037
35000019850 115085670
35100022502 55221978
35200022041 50906941
35300023547 49448158
35400019954 48772115
35500020352 50092327
35600021251 45434552
35700020933 48196919
35800021986 50002911
35900009904 50066698
36000022552 49211552
36100004930 98326737
36200014082 206410773
36300004517 155436320
36400007526 228860070
36500006207 133658210
36600012258 128461041
36700003264 178163381
36800007558 227156237
36900007209 147238334
37000002693 149201393
37100005043 143245157
37200006297 233696296
37300001577 155111147
37400013423 54421677
37500022477 53476147
37600016070 48136751
37700020158 53574450
37800018193 55161804
37900007114 90609649
38000011755 108215730
38100006194 120805152
38200016539 148386701
38300015095 92983735
38400013960 80658115
38500013784 79120693
38600131594 81009886
38700013537 84801063
38800014811 84731717
38900022780 115961345
39000020549 47742174
39100018435 93446977
39200013379 59452752
39300020541 101632749
39400021522 109602200
39500019386 43927407
39600016638 77142681
39700023601 56204510
39800020798 50748617
39900005292 97133156
40000004795 208752326
40100014107 106513058
40200020896 52855676
40300017942 51546388
40400017533 91663557
40500021936 63087499
40600176122 52253344
40700007603 90001415
40800008527 138438127
40900157500 105533811
41000021337 43709392
41100008288 177742737
41200007656 158295286
41300011453 102091602
41400007044 95363959
41500010189 122132234
41600003626 220419057
41700006254 138751333
41800004289 220013959
41900006421 153158900
42000006299 164704157
42100006128 168297071
42200004626 198189054
42300009967 70197345
42400037988 88803359
42500006776 167768708
42600022048 92910539
42700004880 84501402
42800004732 222710374
42900006543 236706253
43000004694 239040349
43100003254 280840424
43200002232 202933921
43300004223 344959375
43400005186 270258577
43500004306 201665590
43600004104 196328589
43700004779 195162316
43800004053 206638001
43900004866 198711416
44000003457 203446035
44100005086 200198164
44200005473 195262900
44300005927 197842505
44400006301 203451251
44500005548 198966817
44600003347 184471100
44700004271 199723646
44800003876 195538871
44900004074 189566010
45000005325 191134290
45100005336 191642099
45200011484 196878457
45300005544 201438175
45400004840 191340566
45500007437 198517096
45600004395 203065445
45700004590 192951373
45800004333 200296391
45900003253 188575383
46000003589 203463640
46100005525 194431535
46200005284 201306373
46300019813 195381764
46400003007 199571696
46500004907 188281995
46600021929 182148804
46700005585 171175281
46800006934 166601366
46900002740 164381664
47000005408 170384874
47100003030 171873509
47200009268 183054378
47300004528 176168755
47400004508 180760751
47500004750 172297974
47600003011 183015050
47700004908 171884373
47800004926 178294999
47900005457 179755090
48000009624 184271092
48100003854 181971813
48200005192 189136656
48300005768 180932196
48400005157 185736700
48500005433 185243366
48600005343 191529871
48700004991 195482320
48800005292 185764424
48900005086 190836623
49000003388 195853145
49100005385 181488355
49200004769 197837977
49300005426 199824795
49400002252 204983251
49500006341 194721783
49600003855 197982383
49700002185 200844321
49800003724 188395648
49900005626 201203337
50000004438 198442965
50100004520 203010284
50200003701 201554903
50300003705 200050739
50400004009 202660261
50500003822 204703158
50600008038 202532486
50700002281 199129672
50800004385 205605319
50900004654 202008894
51000005792 203730737
51100004732 202271736
51200005029 207060853
51300005678 205510629
51400004269 202799393
51500005280 202695590
51600004080 206172692
51700004107 202383686
51800004584 202105271
51900004692 199045243
52000004950 201262293
52100004077 204220510
52200005762 196609842
52300005709 200688393
52400004401 206006115
52500003752 198886330
52600005596 198405535
52700003620 204517108
52800004531 202820255
52900012350 196701052
53000006975 207214954
53100001536 191242117
53200004952 202042448
53300005444 203033499
53400005115 199286685
53500003745 204370936
53600003468 203781014
53700001905 199328553
53800004424 196193881
53900004626 197579593
54000004432 190026754
54100003933 185648482
54200003229 196486346
54300005377 193688335
54400005833 194824760
54500017807 183823214
54600004262 188405645
54700003890 191863612
54800005057 194758410
54900004806 191739243
55000003752 194827077
55100005096 190412907
55200003544 191733231
55300003741 189542411
55400004082 194486762
55500004926 189953454
55600005129 195781005
55700004187 190060232
55800002744 187168165
55900005306 218020327
56000004877 257244357
56100013560 146978590
56200014504 173907911
56300013513 251272622
56400014914 78101407
56500013686 75804013
56600016636 78681668
56700013462 194081771
56800016010 102409648
56900013202 89999605
57000012119 104759588
57100022554 74993050
57200010028 90444092
57300009215 138224472
57400020492 109787128
57500019532 70137265
57600021307 50376118
57700024758 121664361
57800029554 60088353
57900108788 40043621
58000026562 35974812
58100026042 36103378
58200035458 35970067
58300026920 36268204
58400026937 35745974
58500033951 36209975
58600020438 70380643
58700004677 138401814
58800007851 110922772
58900015769 87969465
59000017564 65070700
59100021072 60604333
59200021298 131814309
59300007845 167426556
59400035206 142017407
59500022108 147028504
59600010850 111229063
59700019855 100210189
59800030046 104446510
59900014463 128696438
60000003119 115616643
60100005463 142990115
60200021181 143555525
60300015640 157595803
60400008733 150866946
60500019059 98977094
60600020332 127096019
60700020704 49995219
60800017496 113895832
60900020706 55658020
61000024984 51414935
61100017427 138402026
61200027753 60335969
61300003825 54137101
61400028386 38878368
61500029487 36319702
61600028109 36266064
61700031739 36122598
61800030465 35790767
61900012223 70555576
62000006849 149872798
62100005962 165883047
62200004916 182849794
62300015171 125681747
62400017222 65448525
62500003677 122890175
62600005204 164999468
62700004869 121115849
62800005144 182133034
62900014783 177384238
63000011838 109670298
63100002797 90233668
63200006230 146075162
63300008832 92028601
63400011183 90315969
63500006975 88321223
63600023128 38681239
63700031005 42195826
63800011665 50800794
63900019186 65706993
64000024141 86368125
64100003210 46268430
64200005920 123358305
64300020550 66067153
64400018320 45985925
64500018679 95277048
64600025667 48211929
64700025291 43834330
64800027584 46259187
64900028066 42842613
65000006381 90424742
65100010252 125814544
65200008027 123628729
65300009173 127603779
65400024584 49966988
65500005600 44807799
65600025077 44843910
65700019241 43437339
65800026708 44076947
65900026357 46355088
66000007844 67138082
66100005200 188503376
66200008824 131764173
66300012519 85170070
66400010015 159072473
66500020348 101125391
66600013536 168606061
66700003700 136536201
66800001379 217053556
66900006579 172379100
67000005045 207564457
67100004804 217977635
67200005908 235785311
67300007033 242031833
67400024000 64997949
67500008143 65020318
67600014325 110758380
67700017207 53417729
67800024251 48246106
67900017195 46383815
68000021655 49503992
68100004342 62010957
68200004374 159393087
68300009529 216751372
68400008125 93633274
68500010711 93159910
68600003370 96690607
68700008830 129184487
68800009656 158475853
68900005368 127056742
69000009355 221118759
69100019072 79995877
69200016576 81595706
69300019857 66140061
69400008688 180265904
69500002891 168338990
69600019501 131434956
69700017899 51823245
69800018563 50540167
69900020064 48578618
70000019014 48936689
70100008697 46296433
70200017641 47228844
70300018311 51061258
70400016764 53351677
70500024155 47778244
70600001809 141725106
70700003183 160736161
70800003797 224690512
70900009451 134985724
71000009333 108448518
71100006913 192655176
71200005481 190195522
71300005154 121921208
71400001907 127967691
71500063163 233936605
71600020313 137562527
71700020538 50163674
71800026485 50602951
71900013922 48919130
72000019116 51271658
72100010291 79078678
72200003983 105569951
72300007522 120233095
72400013104 117750075
72500012960 79507318
72600014973 78243747
72700014424 82825612
72800025025 87301362
72900017506 105462918
73000017241 47786706
73100017271 86861844
73200014556 57739922
73300005598 122233471
73400021740 47277296
73500017600 69216011
73600024297 55769503
73700011762 49962161
73800007496 109231194
73900020331 187682195
74000022490 64776218
74100017226 48051083
74200013623 70148904
74300019312 65298882
74400021616 48146074
74500007280 103508899
74600015836 123357374
74700021785 43241134
74800007125 137485255
74900010170 150710231
75000008040 96104936
75100015528 88999598
75200004530 164139766
75300006207 158481004
75400004672 190732912
75500005662 160221063
75600005403 166377476
75700005767 155829236
75800006078 151702284
75900004196 66882627
76000010832 139464295
76100016000 102122909
76200012412 90165662
76300008724 198664902
76400021102 254394437
76500005780 250474836
76600005838 216311888
76700004045 321886679
76800003806 258683296
76900017155 195452488
77000004534 187874851
77100004292 179099221
77200019192 186751419
77300004400 180269963
77400011777 197210655
77500004337 190880185
77600005987 185216158
77700003510 180574468
77800005778 184332394
77900005535 194289086
78000004215 191845271
78100005818 193308126
78200005359 185014222
78300004723 185159661
78400002391 189007263
78500005170 182989519
78600003974 184064702
78700004760 189436375
78800004468 186012955
78900005681 187153901
79000005700 195953180
79100012188 192671663
79200005178 196383896
79300005636 183386864
79400023565 187807922
79500003831 178050326
79600006163 181743149
79700003711 163357277
79800004304 155382106
79900003917 161042015
80000004636 158972623
80100005250 169025235
80200004552 170355427
80300005370 174996406
80400005576 180358720
80500005676 178848947
80600003296 174630657
80700003728 184321260
80800005624 189766660
80900007039 182331824
81000005077 183016720
81100004712 188401333
81200004254 187079818
81300011468 186139065
81400004839 179204862
81500012218 183127119
81600004691 185940482
81700005562 180602047
81800005627 184895787
81900005657 181463583
82000002053 184388228
82100004556 184078516
82200003713 185552141
82300004304 180654666
82400004118 178782788
82500005621 187053656
82600004603 191881048
82700004734 193620350
82800003792 195710271
82900004476 193404410
83000004202 191383936
83100004973 197332609
83200001571 193987389
83300003776 193105313
83400011068 191573723
83500003009 192420899
83600003733 195006512
83700005040 197468648
83800004169 198125993
83900006454 196184582
84000004445 193229086
84100004926 193042215
84200005094 196459537
84300003770 184547140
84400004305 187847250
84500005425 194514287
84600004431 193052081
84700009651 188298870
84800009389 192893130
84900004720 184268746
85000004597 190338807
85100001565 184599610
85200004933 170875996
85300005875 192635813
85400005024 190618199
85500004992 184930490
85600014761 180959981
85700008779 187341854
85800003560 178799949
85900008674 179043090
86000004841 187002594
86100005275 175184328
86200003562 176446686
86300004588 184091152
86400004710 185211926
86500003959 179890242
86600005816 179499662
86700007051 224690598
86800007495 193176408
86900013119 202266056
87000013567 149450105
87100012286 215850332
87200011480 75769369
87300014695 77517487
87400001452 119083299
87500026086 111000193
87600009005 71683687
87700021319 62972384
87800010319 60792575
87900020695 60987037
88000008727 58020476
88100019273 61211031
88200011220 74281965
88300027907 55442208
88400021692 67856226
88500015953 52271551
88600006250 105408257
88700028888 95964256
88800002275 84874246
88900014808 91965459
89000008782 87900052
89100007365 120848705
89200026894 134449377
89300022419 76542220
89400022935 50403458
89500012880 96226013
89600029766 86323781
89700025377 42601623
89800025619 36345905
89900029854 35935190
90000030517 35905111
90100026015 36072949
90200025890 35590109
90300027310 35859628
90400010986 59521564
90500010826 126450048
90600022761 114564602
90700003717 86393679
90800018102 75919346
90900020004 61514483
91000005710 125970042
91100008008 156472430
91200005923 146847931
91300005319 135623541
91400005867 111425998
91500009761 127339271
91600009788 93829510
91700033873 115712746
91800012409 105573000
91900005074 145640988
92000003631 152803267
92100011328 163066782
92200025744 148598559
92300005833 104830822
92400005494 118018846
92500021848 76886605
92600006963 102966209
92700019492 69465972
92800015327 51896985
92900013674 121255527
93000030423 76743100
93100024578 58650920
93200035717 41577321
93300029012 36311793
93400027793 36032488
93500025940 35999832
93600030629 35680590
93700011649 49534969
93800005164 123574386
93900005306 173314621
94000005576 176609375
94100016346 160675306
94200016354 67324336
94300002972 76251969
94400001868 182768645
94500018931 120174585
94600005351 204169754
94700006456 167779624
94800020187 117641332
94900025888 90687456
95000023985 152250242
95100008980 94381223
95200013467 88169386
95300008140 92990487
95400029864 51665203
95500018649 42063657
95600014274 42276717
95700022834 48052913
95800017800 67450729
95900020421 62066492
96000008695 98575468
96100022826 89635381
96200022286 45429195
96300019085 65800249
96400023136 76601425
96500021664 47286022
96600018935 45560392
96700020582 47440472
96800006328 44444330
96900013407 163114273
97000007650 101779321
97100023011 151383302
97200024692 59217420
97300025642 45180408
97400017666 45377018
97500018909 43659598
97600018794 43825341
97700018839 46225909
97800021648 44704594
97900008260 159239187
98000013120 175520415
98100012113 79092998
98200009622 144689990
98300004095 115810273
98400005148 158172649
98500006184 121449280
98600006245 223764914
98700006489 167648548
98800004216 188326742
98900003063 221128260
99000003899 207607047
99100003506 231335196
99200023867 149791968
99300027321 42391769
99400015425 128221509
99500015350 60284083
99600025847 48631910
99700018942 46716982
99800022207 48921477
99900018274 51103603
100000006291 121630608
100100005313 216872554
100200010915 124347081
100300012782 97572162
100400009253 89334164
100500011732 130004966
100600003389 145224688
100700007400 147418401
100800018089 238165475
100900008967 70414953
101000010147 84193954
101100020295 74190320
101200016753 173966695
101300005969 128135436
101400006266 171464770
101500026617 63263552
101600023640 53285496
101700013073 49230884
101800010902 48432632
101900022248 47760913
102000018686 46650821
102100023483 50239662
102200022517 52163498
102300010386 49843788
102400004200 97640086
102500006504 175715797
102600004251 181728706
102700009973 184638720
102800002163 117338019
102900004161 146422119
103000011232 218542713
103100011500 142819152
103200012547 111584873
103300006044 203036494
103400004997 192492317
103500018565 58050169
103600020465 50196681
103700078888 48028869
103800017457 50678470
103900010269 62343814
104000008928 103649705
104100010106 117793928
104200011725 132295103
104300012076 79772606
104400009850 78547487
104500007524 81447423
104600010993 86218454
104700017519 119266766
104800019558 47745437
104900013094 71497380
105000015493 69513073
105100018711 85555164
105200026109 91254523
105300027104 42378244
105400019187 79891292
105500014707 50849921
105600008588 77394729
105700004749 193505673
105800022008 90625488
105900024262 51239473
106000015686 61462898
106100021802 70604751
106200016550 51415656
106300015075 72046531
106400009195 135751444
106500023176 64427157
106600006511 73608170
106700007199 201141024
106800008359 92706534
106900008431 93345161
107000003510 117965603
107100014328 189446501
107200003469 165940479
107300005384 189973117
107400003225 140364607
107500002925 173278477
107600018434 181953930
107700007508 66637370
107800005356 99289642
107900019659 145237629
108000009426 63467496
108100007786 195810745
108200004665 218793788
108300002425 244548340
108400008354 252086346
108500001967 259479385
108600005351 316702871
108700004502 191032665
108800005387 190372825
108900002826 186903861
109000004205 175534837
109100005520 181663993
109200005125 194662509
109300001851 192239475
109400003943 194221892
109500003917 179844356
109600004283 175163391
109700005322 187464320
109800009620 189245271
109900005240 191990252
110000005055 183475040
110100005287 183600471
110200005584 187906946
110300005248 182741235
110400003721 181673759
110500007959 190879924
110600003610 187923886
110700003972 184280119
110800003247 196284988
110900007624 190113342
111000003543 188798520
111100004573 181933527
111200014432 188564831
111300005828 175361071
111400004831 184177448
111500003801 161574591
111600008223 157050354
111700005590 162246255
111800015709 161485241
111900005291 164090729
112000003138 167677533
112100005806 173163316
112200004684 175193601
112300004947 179274599
112400004550 171080131
112500009027 177811413
112600005441 185228550
112700026444 184301564
112800002820 180076037
112900003211 183200105
113000002122 189769913
113100007067 183855917
113200004689 178371200
113300009067 179587772
113400006918 186403018
113500020343 177711617
113600010623 178537180
113700007400 183042730
113800004985 173746212
113900005902 185482450
114000005610 175578900
114100004379 179952710
114200005935 177986115
114300011332 183202372
114400005110 184805779
114500001404 186865574
114600003057 193682095
114700005238 192588910
114800004607 186051266
114900005222 194944213
115000006293 192050955
115100004752 189754235
115200004143 190006120
115300004827 189145748
115400009665 192629424
115500002298 194757545
115600004203 193400682
115700004583 195336436
115800004450 193151832
115900004921 189621450
116000004752 192876261
116100003919 187088844
116200003975 189104886
116300010991 191160533
116400009858 191263945
116500004358 187898723
116600005836 191143808
116700005517 182870894
116800006272 186739962
116900008184 184796133
117000004423 175498708
117100003907 182639919
117200005190 184599986
117300005857 183170580
117400003613 176973083
117500005007 181000119
117600005618 178910665
117700003954 176917130
117800005690 184245114
117900004495 180885231
118000009093 175161958
118100004364 183140435
118200005491 186497379
118300002463 188210862
118400004818 183372200
118500003521 184232558
118600004164 186147755
118700004849 205709433
118800012295 271354688
118900013105 68089178
119000001956 176040456
119100013453 192472500
119200012465 75905996
119300015571 78273143
119400001251 190129771
119500012413 91621852
119600003854 90093759
119700001062 93928884
119800019712 100880037
119900009321 88092031
120000011474 104986794
120100013930 129241194
120200023490 120601996
120300019243 72667484
120400019557 48221239
120500017947 49569618
120600019992 134414469
120700025015 63723306
120800023558 45862282
120900024945 41746222
121000028780 40448271
121100022688 40838691
121200023837 40798018
121300024514 41056530
121400029123 40890003
121500023884 40592423
121600025189 40561827
121700028169 40562413
121800013237 70731202
121900020972 117324129
122000007527 100096780
122100015548 95533590
122200023455 63014440
122300014275 61090317
122400006623 143087158
122500004674 145751446
122600007870 174885030
122700010324 123024872
122800002014 154763097
122900001794 161745104
123000008783 120778732
123100009356 126132626
123200009575 96491751
123300003424 108362572
123400009520 124364311
123500004374 119491886
123600004618 140741391
123700016089 159330492
123800004478 161005478
123900018214 176758308
124000008503 113863774
124100011183 94943397
124200020004 147792598
124300020452 49051111
124400002116 112966937
124500018197 76751266
124600027030 47161911
124700023798 49576448
124800002117 70499786
124900022644 157355477
125000021714 60449155
125100022858 47386384
125200028369 43244239
125300020966 42903230
125400025186 42718421
125500021974 42503638
125600025295 42328554
125700026699 42411055
125800018466 90448501
125900021736 170169821
126000003638 170281324
126100017287 149762098
126200011172 66991948
126300015410 66240957
126400001255 143572882
126500004157 198600871
126600004955 110084692
126700002955 217083307
126800004829 174924551
126900013324 159622463
127000014599 114851901
127100018045 92087447
127200005353 160105826
127300011192 95558347
127400014276 89957574
127500006639 95362618
127600031942 67366181
127700014541 43149562
127800012434 43537096
127900014824 50716928
128000015341 66610169
128100012295 81914209
128200023843 98757419
128300021359 46293824
128400004316 118340730
128500021642 87417687
128600014883 45154159
128700160801 45875397
128800021861 101739265
128900017636 46594142
129000026419 45057363
129100028276 44147517
129200026080 47516745
129300026757 42486926
129400013619 130464799
129500009916 140131335
129600006323 135338575
129700014456 137074172
129800018479 53625558
129900021732 45530096
130000019674 44060781
130100021807 44515229
130200025932 43747048
130300020547 43983102
130400020411 45918052
130500025314 44747903
130600007726 143860338
130700005149 218889203
130800008351 91554267
130900014422 88014681
131000005741 161004087
131100012442 116370256
131200005863 155080165
131300008566 133919030
131400004234 199222641
131500014522 201711641
131600007622 166540183
131700004630 226944798
131800006949 216830433
131900007244 227744872
132000003315 259802160
132100022442 243679441
132200021597 42976024
132300008082 59523486
132400016030 132759818
132500017668 58914462
132600003846 48298687
132700027437 47658638
132800021979 47608355
132900025512 50025560
133000001276 53832836
133100003742 152310918
133200003697 231920013
133300016010 146983055
133400007620 96810694
133500008124 94455670
133600016087 108648354
133700010709 134931188
133800007714 162308621
133900015281 150341273
134000109241 261579966
134100014330 69544185
134200012949 77750951
134300011419 84168231
134400015438 68920756
134500013505 204249206
134600003883 148380569
134700010874 176946426
134800018159 88020249
134900022141 52927126
135000019992 49129862
135100024334 49068536
135200026011 48509197
135300019945 47407254
135400017632 45721245
135500022143 48452243
135600014504 49557955
135700019784 49572479
135800021063 47113247
135900004967 149682355
136000006005 180969339
136100002641 198508361
136200010216 196833675
136300013643 115764860
136400008976 111452777
136500002064 231366474
136600004952 191970963
136700004881 124226431
136800026036 113008336
136900005559 217745268
137000007142 200674060
137100020004 100846057
137200017768 49848594
137300028554 51141833
137400017939 48296033
137500019187 49789458
137600018360 47372122
137700007714 119628473
137800007815 120603476
137900003560 143921710
138000014421 100429666
138100013638 79994410
138200014810 78664361
138300007564 80012799
138400010309 81765012
138500013040 86700561
138600020519 124308426
138700022034 47841557
138800017620 47917405
138900018157 98190557
139000010755 66978794
139100009831 125246485
139200024652 52486906
139300010167 45009037
139400014033 82190490
139500022591 52242744
139600024303 52184936
139700003404 170647685
139800023972 178049771
139900022482 60668457
140000020350 48813906
140100011690 62711934
140200023262 71157749
140300015235 50815966
140400025539 50467921
140500000526 127587227
140600018587 124492541
140700024041 43856297
140800004568 83411455
140900008636 219587833
141000007847 98026790
141100014436 97457360
141200008055 90342595
141300003822 180554879
141400004939 174496900
141500003993 181528121
141600004811 195697536
141700007632 148988010
141800012310 201425304
141900006668 157602378
142000012821 136503963
142100014987 68114511
142200017326 118227841
142300013271 156096513
142400020604 60510787
142500006544 150628654
142600009329 195793054
142700006448 278681602
142800003668 257710541
142900003543 245731950
143000003948 265630374
143100003771 348007171
143200005111 206341982
143300005200 200607798
143400002721 197661429
143500003986 204554315
143600009450 204766845
143700005941 202943970
143800002893 204867575
143900004288 201771348
144000004527 197215452
144100003619 201094765
144200004793 205422518
144300004155 203853701
144400003906 185231539
144500004680 204911518
144600004440 190235683
144700004482 204147191
144800023416 183486440
144900004711 193710409
145000005420 197670832
145100004901 200372132
145200004601 194999404
145300004749 198460975
145400003710 207392484
145500009497 195651634
145600005782 198860492
145700003659 191974956
145800005010 203476005
145900011009 199429838
146000004072 199799136
146100005401 198508402
146200002495 199995303
146300005278 191844942
146400004668 185393441
146500005549 173016849
146600010565 160404862
146700020650 166736282
146800004768 163854664
146900002122 170145769
147000004489 177878350
147100005273 179213180
147200003543 171748074
147300012222 179740417
147400004569 175511153
147500005176 183487143
147600006258 175236860
147700004731 181419566
147800005443 188347302
147900006120 186844920
148000010669 185436689
148100005348 193801148
148200004001 188938695
148300002995 181497146
148400004203 196272552
148500005544 191512848
148600004049 196019868
148700010703 194617290
148800005654 187141342
148900005392 192538343
149000006197 201350580
149100004487 188014532
149200005398 184359427
149300005448 199056443
149400005921 203944264
149500005952 197075223
149600005232 200138363
149700002314 196409038
149800004361 192383781
149900005200 198427108
150000003925 199993987
150100003114 204135510
150200003747 203286084
150300004304 203769416
150400003132 199660988
150500002305 204213188
150600003530 203084519
150700011532 200560304
150800006051 204353064
150900005539 203398050
151000004586 203481538
151100004164 204874214
151200004421 207026602
151300010025 208182081
151400005291 202389844
151500010128 204673703
151600007836 207481286
151700006066 205460260
151800004984 206130278
151900004212 202353419
152000006958 200276700
152100013231 204785402
152200018701 200554600
152300002624 200768346
152400003573 205343060
152500005031 199072303
152600011799 203804621
152700005463 200827052
152800008953 206002360
152900003344 197214278
153000005693 202717418
153100003699 192859983
153200003083 201380547
153300005435 204424771
153400004739 202452222
153500005995 203702580
153600005347 206239676
153700001544 201103077
153800008752 196251904
153900003763 201682150
154000005657 198480133
154100005525 179635264
154200004986 194664128
154300003735 196652249
154400003327 192230337
154500006187 195737461
154600005279 191538050
154700004733 190432097
154800005703 193790082
154900005465 197582687
155000005730 194937832
155100010419 191383245
155200004052 193517138
155300008387 196630768
155400005671 199672752
155500036869 202660631
155600009398 198044885
155700010413 203628175
155800004907 198853226
155900004104 197426938
156000009339 226957319
156100003136 193073203
156200014465 245099035
156300014831 69511108
156400007388 177909117
156500013772 227043856
156600018333 75387830
156700014431 78492520
156800015267 81860483
156900011085 198980813
157000023851 96183845
157100013096 93552620
157200022005 99094081
157300009807 82328119
157400006986 106327143
157500002723 134324825
157600013922 98098339
157700021424 54610963
157800009405 73932922
157900027189 108738379
158000028221 46246650
158100026925 37284461
158200029324 35695740
158300031635 35955004
158400028057 35952523
158500030151 36051545
158600028469 35670625
158700013479 50977978
158800005467 109058483
158900013779 120163741
159000024747 98037194
159100015487 80400960
159200015910 63545998
159300008803 108486845
159400005400 158414395
159500004178 160990752
159600003289 120660192
159700019299 123184148
159800006971 101415239
159900012819 119340933
160000006475 119842986
160100012538 103424518
160200013824 134570289
160300005716 153764383
160400009006 162334123
160500000686 170484419
160600018323 107879753
160700017170 107742674
160800020701 90442429
160900007600 88072890
161000021165 83617713
161100020811 52733787
161200008979 95470617
161300031229 103205936
161400023807 62131500
161500004609 44211368
161600033053 36456640
161700028058 36397375
161800031292 36194519
161900032853 36087957
162000024761 35715492
162100010945 110861594
162200005452 165637288
162300005685 176867100
162400005083 177992564
162500020351 77401379
162600014394 66633695
162700006397 173116519
162800018793 127038663
162900005720 171387893
163000005719 191253737
163100019024 132818622
163200019733 96128260
163300021477 146044528
163400013167 94449065
163500014324 87660548
163600007055 92640334
163700033096 62046424
163800029824 38645503
163900022522 41448362
164000014316 47988924
164100010575 65701561
164200020183 69701716
164300006701 84164137
164400022664 104017772
164500021970 45941423
164600008121 56007153
164700011542 86772051
164800025090 46510401
164900026427 46101000
165000021094 46849462
165100028276 42621626
165200005356 135256417
165300005539 122005031
165400017076 163846318
165500020206 61189464
165600017914 45843531
165700023453 44602198
165800017341 43994925
165900025208 43561342
166000022774 45455266
166100022616 45502618
166200011692 129315113
166300014174 204283900
166400021534 68191785
166500008213 146392927
166600019759 114951748
166700004779 143307013
166800006866 135938591
166900008959 212736773
167000007143 180089443
167100003447 177758758
167200000072 232831952
167300006460 221183609
167400005169 234875844
167500024922 183636488
167600023180 43465722
167700016837 126460861
167800016754 62511218
167900018668 48187217
168000021607 47317240
168100014574 48065704
168200017085 49873625
168300006106 101433683
168400004567 204127735
168500012953 161047693
168600013086 96465234
168700012079 91997017
168800013966 127926364
168900004758 129615519
169000009578 153651098
169100010485 260677798
169200010981 68491114
169300013135 83566433
169400007393 80159359
169500005008 151101887
169600009180 136848631
169700009673 180317807
169800018033 84692549
169900017935 53451437
170000020540 49484258
170100016324 48488912
170200022279 48659373
170300021641 45384497
170400017899 49801011
170500015666 53251407
170600025704 50157655
170700002412 77412490
170800016891 187336599
170900006239 165193108
171000006071 201845440
171100015429 115934130
171200002267 134880565
171300005626 242241917
171400007137 169118578
171500014614 120422708
171600005480 181437564
171700003760 200731614
171800017351 83062426
171900018919 49760730
172000014038 47403721
172100014763 50427438
172200027545 49585830
172300009486 110671389
172400010487 126624722
172500019235 124976177
172600009655 87497590
172700013802 81203968
172800011385 82770744
172900012117 86309136
173000013837 108091546
173100022393 66307926
173200009747 54227953
173300018495 85667328
173400019417 85720165
173500019273 93989153
173600026846 43496606
173700016534 80681737
173800019500 52230650
173900006789 53318880
174000007979 194460499
174100160892 121373233
174200021566 50942778
174300011657 57092106
174400020552 74569473
174500020211 51484939
174600009556 64192469
174700011948 117611442
174800026285 91673314
174900173772 43351593
175000008437 221002121
175100008346 99599487
175200008142 93991547
175300012204 113901828
175400017090 198921368
175500005872 146416589
175600003463 198944663
175700012218 146770932
175800008491 178978855
175900009602 194077217
176000005642 70392471
176100004967 88869362
176200019296 157982897
176300012126 63532891
176400004819 166942965
176500005460 218194570
176600004229 235021723
176700004129 278028515
176800003432 246677855
176900005238 333502619
177000005270 189858185
177100004238 191221699
177200002306 185103895
177300005679 171672107
177400005201 183333594
177500004485 188839800
177600005786 190600929
177700013248 190850521
177800003416 183554606
177900005799 173452674
178000003162 190118054
178100009352 189340472
178200003793 191352478
178300003611 183983994
178400010807 184273661
178500004834 186967766
178600004858 183832715
178700003917 183182036
178800003336 189568641
178900004150 188862792
179000003738 183863326
179100005886 194175009
179200004341 190009210
179300004386 191444322
179400005160 180262229
179500005542 188233683
179600004492 175731739
179700005372 181849498
179800015579 159401205
179900005151 156018748
180000003974 162894189
180100004948 156292950
180200009583 171821716
180300004348 167071776
180400005708 171552400
180500003543 176937982
180600003991 169496318
180700011704 176591531
180800005319 185513297
180900005044 183703139
181000004266 181138482
181100003990 188266895
181200003840 188526979
181300004636 185326594
181400005818 181122176
181500002059 181547134
181600013515 186100083
181700005325 179920131
181800004439 181848044
181900003088 180420905
182000004681 183728278
182100011193 182967110
182200006755 182123987
182300003984 177638925
182400010833 176101763
182500005416 185171324
182600004698 189695694
182700003274 192960479
182800004767 194682301
182900004282 193306717
183000005245 190200368
183100002197 196409458
183200005937 194336483
183300004648 192399592
183400005577 191528757
183500004372 192770767
183600002796 196072467
183700004853 195730887
183800004704 196309871
183900004976 195822978
184000003929 193230732
184100005935 193376559
184200010904 196126594
184300003480 184139163
184400003914 192364778
184500004717 193385700
184600009664 192755748
184700001319 188714561
184800004260 191654354
184900005520 184783993
185000005694 188935871
185100005832 184471258
185200004445 172431271
185300003133 191545324
185400006157 188767035
185500004878 185574283
185600004896 180248837
185700004099 186265165
185800002240 178803518
185900003414 179160656
186000003240 186588105
186100005437 176848813
186200003410 172196378
186300003767 183864904
186400009811 183842745
186500006652 179207441
186600004456 179732293
186700007445 221020745
186800007974 191940238
186900014233 204459107
187000010966 148080186
187100012411 215946307
187200014752 75524094
187300013794 77695948
187400001541 101173686
187500012299 172277114
187600016223 93576951
187700026801 96101714
187800008236 112016418
187900013551 76494182
188000015144 92811474
188100006583 120470921
188200008653 129949569
188300013835 108975108
188400021569 58886980
188500023182 49938216
188600004040 82423739
188700027248 112235983
188800027918 53304047
188900184574 43641301
189000028665 40464564
189100025180 40229792
189200028147 40422712
189300029690 40395723
189400027653 40531949
189500031714 40816914
189600026229 40392658
189700031183 40092663
189800009419 49743135
189900001143 85628270
190000009709 108424513
190100026266 104821551
190200011510 86140176
190300019802 62031312
190400010796 100371201
190500004894 138444281
190600009344 172932542
190700005631 137166441
190800006407 170477129
190900008158 113799916
191000004883 152589547
191100008858 123844935
191200020255 105354851
191300007884 110278825
191400030193 120432042
191500010892 109236569
191600010015 138386641
191700006585 147802208
191800018428 148364598
191900023320 164129296
192000008245 165346861
192100019754 115001517
192200019147 124108489
192300021441 101745277
192400022169 49702566
192500018209 128450509
192600022444 65257086
192700019641 50123031
192800014797 51560872
192900011714 131362686
193000019232 103866532
193100024282 52202884
193200022014 44864758
193300019707 42708231
193400028471 42645808
193500024681 42646836
193600022240 42385004
193700020079 42014001
193800003868 60006072
193900004293 125719868
194000004462 161446179
194100001620 191584832
194200016025 92693289
194300013437 66224576
194400008675 104216397
194500004339 177597572
194600019305 144593025
194700018196 135002347
194800020108 202108425
194900010290 197790042
195000010080 142456991
195100020687 90618145
195200016873 173643181
195300012575 96001553
195400013433 86307424
195500010549 93787989
195600023119 97940212
195700028243 45949661
195800026463 40917281
195900029666 44048122
196000011004 60726812
196100011989 73236225
196200000400 97879965
196300022810 74730840
196400022832 60762786
196500006357 129391431
196600017267 66140349
196700022505 46118053
196800023230 69794820
196900022134 80752282
197000018067 46501343
197100019172 46548855
197200019727 48894132
197300021685 45335669
197400004634 72339149
197500016222 175523384
197600008042 106074604
197700015039 168614532
197800022196 82605361
197900023242 45502368
198000021004 44215883
198100017155 45233549
198200026535 43726340
198300022795 43582745
198400028001 44687860
198500027843 46378494
198600009098 65787253
198700004791 198986673
198800015157 181290445
198900007209 64844375
199000007781 137303322
199100016052 136429621
199200024945 103510409
199300017401 196614676
199400004760 129986546
199500008534 241805268
199600006829 164517284
199700004610 181352478
199800004934 227766271
199900005165 235416178
200000004749 235371020
200100004144 249319842
200200022722 181591336
200300020035 45399994
200400008741 106820978
200500019899 101209348
200600021264 48927759
200700022953 48768047
200800020909 46409584
200900018050 49420090
201000023218 48142620
201100004212 87319869
201200003911 194563829
201300008965 230030343
201400006957 99015004
201500013795 99341835
201600008067 93620558
201700010647 135638544
201800008545 127428483
201900004435 169180272
202000029022 142894703
202100019493 243938330
202200013364 74454924
202300011197 75804537
202400004025 79329849
202500004408 132791373
202600010004 162604872
202700003355 191674391
202800022259 149254680
202900023158 49896810
203000017201 53480260
203100016609 48988000
203200023192 47955135
203300015903 49183704
203400022125 45528736
203500020299 46377349
203600011324 49860527
203700018935 49886295
203800020641 49489861
203900009801 76072014
204000002912 213307683
204100001714 141266993
204200004033 245681842
204300007732 141350402
204400012963 121156930
204500004384 146614672
204600008414 245279488
204700008205 152719476
204800014593 121729368
204900004967 139053331
205000003240 237963217
205100016991 173326866
205200020336 55736457
205300010395 49306500
205400021560 47204867
205500020017 50708094
205600020438 51003149
205700009755 80749241
205800005477 111431551
205900029049 119975188
206000022316 146913844
206100012384 87328304
206200015130 81180715
206300015032 79864393
206400008893 81676027
206500013797 84655692
206600024621 82776616
206700022284 113668776
206800003376 47801934
206900008774 83336435
207000018076 66233757
207100022105 89041506
207200026845 108038596
207300024041 43804123
207400021338 79196370
207500020734 55265033
207600024953 48622301
207700005703 88230743
207800006231 201701102
207900014892 124040207
208000022521 50803886
208100025237 50903072
208200019287 75939481
208300023926 58421604
208400020599 53071648
208500008993 69170087
208600010386 121226798
208700023545 109482382
208800024801 44015473
208900006411 164516289
209000014768 169056817
209100008681 94278339
209200012762 95702619
209300009792 120739629
209400004139 199538546
209500004643 156261509
209600003757 204847806
209700003892 175198167
209800011570 159333371
209900005784 180839349
210000008171 205715092
210100002795 71047555
210200008639 80315039
210300006429 157281828
210400016624 102888970
210500005979 72012217
210600007688 222179986
210700004542 215822404
210800005499 242293534
210900004069 275472198
211000006153 212253448
211100005357 348818669
211200004127 282586547
211300003939 202343682
211400005018 197586743
211500004333 195043715
211600003097 205471468
211700005234 200139030
211800004752 201709100
211900013753 200409112
212000002752 197472997
212100004997 198120014
212200005328 203375119
212300011561 202055660
212400004442 199423702
212500005892 185210146
212600003266 197957827
212700004606 195713521
212800011111 189364316
212900009153 190538282
213000004013 190671923
213100004289 195247005
213200002945 201564866
213300005244 190193910
213400005216 198357281
213500004824 201695930
213600001899 192803398
213700005758 198855789
213800005680 187524361
213900004532 202780892
214000004201 193352352
214100003789 201821216
214200005623 197397281
214300004943 201699518
214400005184 193589813
214500004724 190376005
214600001811 177776796
214700004414 170719219
214800005629 168987308
214900006387 162366045
215000007799 173640293
215100007811 174319434
215200003890 185569752
215300004478 179172632
215400003217 179487037
215500005244 183196465
215600003003 178223837
215700004800 183085774
215800005167 173007559
215900003797 177148283
216000004742 187621841
216100002650 189400404
216200002914 181919372
216300006035 191629235
216400004427 189693114
216500005565 181698278
216600005515 193655629
216700004817 190500467
216800004878 196602655
216900009647 195104265
217000005712 186224390
217100004161 191969719
217200003182 201950610
217300004819 187997387
217400003603 184051968
217500005219 197969417
217600002846 202366628
217700005858 196874621
217800003950 200176789
217900003900 195950085
218000005650 190937161
218100003966 196065224
218200005293 200307028
218300005940 201660662
218400006180 202201463
218500008656 202116508
218600004277 199213555
218700009185 203149145
218800005659 202541163
218900005352 200656536
219000005038 202482785
219100026760 202132636
219200004521 202199359
219300004403 202229829
219400001630 205539888
219500003446 205627208
219600033750 200940181
219700003421 204116013
219800005250 205208162
219900005573 202857322
220000004523 203190285
220100009227 199503107
220200003793 199206875
220300005475 203049995
220400004740 198631826
220500004812 197955663
220600004154 203432815
220700004041 198923861
220800006435 202149334
220900005542 199639573
221000004355 204032503
221100004275 199647419
221200004844 203012789
221300005824 192093571
221400005147 194880427
221500004327 202147175
221600003741 200463043
221700004603 201582874
221800003498 204328979
221900004290 200009472
222000010008 195054777
222100004231 200163915
222200005204 193115224
222300003574 181798079
222400004395 196674640
222500004776 196750328
222600004466 191649114
222700005171 194517036
222800005959 192192109
222900004464 190788141
223000004914 191801057
223100005097 196531977
223200004795 195467141
223300005672 190628787
223400005403 193511921
223500005500 192288243
223600005545 194760492
223700005352 193658751
223800002542 195131778
223900005400 193881551
224000005636 185187552
224100007507 218300284
224200006951 197517565
224300015982 224325011
224400014565 69506080
224500002518 201252821
224600012658 205079335
224700011673 75073427
224800012422 78466290
224900001971 139439171
225000009305 148860710
225100015339 100094992
225200026493 85763678
225300010701 93454247
225400012087 88325700
225500006787 119326825
225600011914 138209180
225700028180 78171995
225800024006 50372676
225900012145 97465593
226000024602 87065565
226100022834 43037333
226200031859 35545931
226300028221 34743118
226400028095 35121143
226500030059 35090251
226600030837 34912206
226700027713 34722839
226800015028 59124350
226900005520 125023136
227000023420 118030688
227100016530 85072400
227200015646 78822971
227300017443 62472701
227400003182 125506888
227500004619 157385328
227600004427 147903046
227700009341 137750877
227800003778 108096428
227900008774 131465299
228000011105 94161145
228100011087 114956591
228200006716 106760942
228300006114 144044016
228400005718 156425524
228500010382 167985040
228600020872 150925369
228700021246 104999418
228800012003 118895998
228900017381 79371552
229000030094 102628554
229100023179 70041349
229200020866 54355219
229300003633 123590376
229400026723 77704672
229500004743 58430900
229600025640 41562127
229700032536 35323502
229800032611 35320180
229900027310 35011164
230000028443 34977411
230100004485 47366308
230200005883 118735334
230300005563 171840873
230400005457 176865626
230500015784 164178039
230600016106 68145068
230700014564 73275253
230800006795 183015493
230900010444 121661632
231000005296 206291731
231100012297 164540441
231200019450 119364355
231300023711 91379730
231400019220 153481970
231500013707 105093643
231600005203 87621930
231700010138 92708496
231800020961 54906874
231900026886 41253368
232000014083 50855710
232100016852 55467418
232200014850 72457937
232300023186 63237050
232400008042 93638904
232500024423 94515165
232600010530 45728210
232700023088 65884049
232800019176 77270736
232900025077 46338294
233000017511 45431910
233100024079 47208967
233200003147 42362801
233300019935 166802861
233400021620 101413073
233500020029 157246033
233600019690 59207819
233700026751 45504949
233800024237 45737421
233900019757 43618543
234000028228 43927058
234100026326 46065219
234200019912 44889455
234300008914 157978112
234400013535 184597723
234500012475 81087894
234600010210 147670386
234700009362 116644118
234800003450 159424212
234900006462 126201500
235000008749 229494576
235100005190 168382239
235200004223 181608949
235300005677 220155476
235400002976 223952095
235500003547 235793232
235600022444 158064390
235700026956 42948231
235800018885 130424668
235900021746 61069464
236000020155 48725335
236100012010 47056934
236200015354 49098329
236300012665 51549089
236400005995 119196644
236500004291 219814619
236600006608 133718212
236700011784 101255281
236800009351 92870368
236900007268 134675949
237000004845 145109456
237100007762 154970327
237200010285 241191570
237300002982 69217135
237400012949 87584221
237500012172 78497136
237600015985 176509173
237700004576 127750897
237800005851 176305571
237900022980 70460722
238000014997 53229264
238100019875 48789267
238200020646 48487402
238300023704 47815925
238400018408 46272528
238500021272 50489026
238600021649 52076204
238700017445 50124834
238800005015 93753011
238900010355 180191457
239000004729 184020151
239100007237 193820512
239200007280 119787467
239300003735 145851394
239400008182 227946580
239500006670 147896260
239600006131 113162795
239700005589 203746688
239800004337 198839857
239900013092 62088736
240000013496 50236716
240100014381 47747645
240200018281 50816292
240300003236 61190952
240400012306 106220581
240500021611 123903215
240600003641 136353472
240700010265 83066347
240800013018 79181771
240900012702 81360042
241000013989 86256267
241100022046 122033941
241200006836 47664445
241300004478 68684921
241400016025 73087377
241500024648 86950349
241600023944 93343033
241700023235 42788031
241800012058 83424336
241900021481 49856687
242000007602 74376741
242100003607 194311287
242200020304 100178620
242300021133 51114787
242400011276 60637224
242500020195 72309615
242600019845 51645775
242700011313 70436612
242800008576 131871721
242900022786 71082714
243000033230 66771348
243100005704 211272790
243200012118 95252436
243300006932 93243683
243400009453 114408614
243500008955 198128542
243600003171 163568750
243700005720 198958671
243800004281 140545037
243900012610 177556704
244000016633 189013046
244100014016 66367341
244200006227 98434471
244300015434 148472618
244400010393 63229680
244500007054 195864035
244600011037 215566953
244700015768 240123711
244800005821 262607793
244900003077 255496901
245000006344 326609189
245100004254 190214759
245200007571 187617796
245300006438 176193128
245400005956 179975400
245500002745 182277713
245600004598 190332689
245700004276 185856942
245800005795 178952716
245900004672 175090646
246000003352 190094593
246100005610 188401293
246200004274 190414221
246300005828 181433946
246400012139 182696525
246500004765 187574120
246600006279 180504479
246700004961 181229742
246800003537 192800923
246900001315 190812668
247000005251 185912987
247100003593 198710415
247200005741 191559921
247300006113 191686281
247400004520 184366189
247500005057 190486835
247600009049 173101143
247700005538 180138719
247800004992 156018597
247900005378 157501101
248000005405 153847806
248100006312 157738553
248200004686 173398120
248300003357 168395124
248400004553 171196734
248500001367 176845173
248600010233 169950033
248700003444 178544507
248800004932 184800702
248900015344 178738306
249000002309 179924782
249100004121 190119607
249200004959 183081656
249300004714 179089073
249400005037 177624310
249500004691 182003508
249600001028 180347272
249700003456 179333055
249800004537 179349485
249900018715 179498466
250000004672 181691769
250100001139 184885896
250200016139 169737656
250300005168 181910454
250400003824 183172057
250500003440 191198131
250600005385 189931316
250700004702 194328200
250800005476 188059367
250900005877 194686333
251000005235 195250409
251100005810 192144472
251200005331 189756694
251300004324 192022937
251400004655 195736962
251500004164 195802624
251600002102 195923341
251700003864 197592668
251800004510 194381338
251900004669 192660929
252000004237 194945687
252100003253 193488940
252200003515 185186622
252300004085 192813230
252400003721 191344594
252500004786 196694251
252600004926 186941976
252700012709 190060915
252800005056 181669183
252900005799 190551371
253000013810 181320689
253100005918 171545410
253200005440 187521866
253300005503 186986924
253400002449 184108155
253500005874 177601523
253600008440 180465161
253700004377 182038088
253800002727 177567221
253900003419 185031370
254000005789 170295840
254100019848 178712591
254200002554 180604912
254300012992 183405030
254400004884 179068016
254500005460 179745345
254600008531 214630320
254700011684 200602097
254800015986 177386977
254900008800 153343192
255000010620 211912500
255100011594 75483174
255200012429 78127032
255291853796 165867816
