100020649 14.553712
200015948 13.639192
300014843 4.348273
400009450 4.436244
500005504 4.611460
600006477 5.709148
700015290 4.300142
800016292 4.405756
900016063 4.370026
1000016886 4.460500
1100015268 7.645616
1200012589 9.082224
1300016336 4.330856
1400016377 4.403665
1500022530 4.586790
1600022298 5.807887
1700023143 4.377720
1800023470 4.300662
1900023042 4.400161
2000020186 4.328262
2100020671 6.004195
2200022463 4.283800
2300021660 4.461909
2400022161 4.652207
2500022533 5.729071
2600021670 4.320210
2700019632 4.330235
2800023300 4.390603
2900023814 4.498168
3000021763 5.924611
3100018241 4.503055
3200025416 4.304070
3300023699 4.448717
3400018953 42.433861
3500010125 13.914397
3600024095 14.618103
3700012680 94.275817
3800003899 101.689451
3900020303 76.882669
4000022068 13.858160
4100021926 14.283635
4200007953 52.515668
4300025124 102.427917
4400011966 107.234053
4500024899 82.158675
4600016993 14.387127
4700010933 14.438241
4800022196 91.657190
4900023573 99.900943
5000014438 76.139705
5100011382 13.887762
5200024493 14.120770
5300006012 56.752800
5400002576 95.452991
5500024542 129.540132
5600024316 59.207330
5700012277 13.840002
5800019362 13.157249
5900012344 101.697157
6000021186 112.107258
6100005334 43.567930
6200010938 35.941006
6300017393 13.487262
6400010547 14.218679
6500009185 39.607347
6600018266 112.606694
6700013505 105.983061
6800019177 84.664857
6900011599 14.302132
7000010495 14.524920
7100072087 88.784429
7200021118 99.306878
7300020392 71.150451
7400013712 44.288679
7500017714 77.788634
7600007968 66.124557
7700008476 67.624957
7800008580 115.012710
7900022294 62.878644
8000017020 101.585828
8100018015 107.852195
8200004641 108.995622
8300019984 98.601053
8400014617 100.918618
8500019796 93.749652
8600009040 114.386224
8700004363 55.343229
8800008012 74.851504
8900026862 98.665701
9000004607 103.557778
9100016942 98.117693
9200021153 90.332598
9300007366 107.436814
9400017010 93.390876
9500012182 107.366282
9600002249 40.876475
9700012182 69.444458
9800017607 94.037901
9900036028 104.603063
10000020457 93.948945
10100003763 79.762619
10200008358 121.711609
10300017434 71.489570
10400009919 146.577822
10500016154 41.302629
10600006904 51.080517
10700009493 110.803313
10800024792 50.196619
10900014371 128.744414
11000020585 86.524767
11100003818 132.836922
11200024495 72.709229
11300009164 110.555122
11400002392 98.123739
11500010235 84.324313
11600026443 35.113190
11700009767 106.692260
11800022650 51.352669
11900013364 96.238964
12000000826 113.752013
12100005235 90.542776
12200034769 98.868982
12300006130 89.985311
12400011547 94.034603
12500009655 40.447267
12600022858 56.201810
12700018634 99.832746
12800017599 63.408702
12900018098 104.267227
13000036529 103.436745
13100022568 83.171414
13200005194 112.096102
13300029063 111.017958
13400018517 121.926976
13500021164 41.233088
13600018117 51.378201
13700022310 106.753475
13800015220 76.881841
13900011137 107.665452
14000011260 85.774529
14100025916 90.866328
14200000543 102.746080
14300017750 119.786497
14400008585 144.217623
14500014292 151.755500
14600013894 128.530854
14700007851 145.085061
14800009510 76.394629
14900023474 19.126508
15000025625 28.432091
15100025374 37.665592
15200010428 42.791537
15300017075 43.129495
15400016562 16.243113
15500038314 20.686575
15600010010 33.827190
15700025103 36.537153
15800025699 41.712017
15900012501 12.180097
16000002910 35.592688
16100012313 51.392791
16200007745 61.657285
16300023556 58.493272
16400008484 48.153473
16500021454 17.958864
16600017391 18.516663
16700021698 19.503556
16800022242 39.274463
16900014924 21.666735
17000010311 28.105792
17100017974 21.411937
17200017599 36.198110
17300016026 21.019093
17400016246 24.765045
17500007217 17.365674
17600015724 21.176949
17700024313 19.610488
17800002645 29.078561
17900016906 42.180974
18000007688 55.779034
18100018271 46.400502
18200125500 42.570162
18300020476 13.421315
18400016977 19.312173
18500013517 21.705796
18600014740 42.783281
18700016650 23.934518
18800009049 31.718816
18900025790 56.597652
19000016445 50.496861
19100011599 20.525211
19200001188 30.082331
19300019194 58.966975
19400012031 45.725054
19500023430 11.697701
19600003971 22.402183
19700005570 97.459816
19800013230 88.976059
19900019956 109.443451
20000020570 147.397863
20100004454 80.715715
20200003207 68.156947
20300004461 64.317039
20400022580 63.568989
20500022949 167.662775
20600022391 76.357372
20700024872 54.544187
20800003532 39.358459
20900021518 102.566847
21000025923 66.423582
21100026795 61.334214
21200025448 58.164878
21300030322 56.785218
21400027385 57.093462
21500024694 56.311740
21600195932 55.913947
21700023476 57.451976
21800021840 56.294208
21900028274 56.354809
22000015028 37.651398
22100016745 45.810579
22200024586 117.419618
22300019781 152.124793
22400017756 141.426882
22500016046 20.230438
22600009406 10.418032
22700003982 70.102206
22800004528 50.012061
22900014436 38.580409
23000005702 18.825291
23100005882 80.144440
23200023859 132.880692
23300013935 111.699552
23400008874 76.482220
23500001720 86.128510
23600021043 78.777837
23700008962 104.996628
23800007958 59.590520
23900008889 48.138343
24000001458 61.322773
24100003350 120.294234
24200008943 116.437498
24300010789 33.265690
24400010606 78.632063
24500022866 121.115300
24600005107 18.376669
24700003763 122.452404
24800027254 101.654708
24900021792 49.360036
25000019867 48.593555
25100019655 36.434903
25200022501 114.948325
25300022597 55.322969
25400027088 52.379456
25500029465 48.664337
25600026539 48.721113
25700019152 47.011462
25800022182 48.329397
25900020065 46.867025
26000018750 24.877103
26100004970 34.445198
26200007190 74.751207
26300002825 57.015295
26400017112 133.220597
26500017730 19.222131
26600003726 9.763790
26700003296 64.185459
26800025300 71.598431
26900003667 76.464674
27000003526 87.410048
27100010624 44.585642
27200005734 80.291603
27300009018 171.256931
27400024303 78.746646
27500010260 121.067549
27600007676 17.963425
27700009042 12.024700
27800024412 12.681737
27900028193 113.839238
28000036804 44.904893
28100014354 62.023549
28200016580 97.167573
28300009971 141.211790
28400012244 149.178642
28500021349 194.327453
28600008842 31.517437
28700015979 83.672912
28800022455 229.143273
28900022740 19.938976
29000005349 10.860154
29100018745 146.709115
29200018165 45.767370
29300008724 38.208280
29400018585 32.402010
29500021866 47.723475
29600007629 21.437996
29700012302 64.998195
29800006954 72.011474
29900014513 77.747320
30000017246 137.444160
30100017390 63.488567
30200020716 8.343493
30300022424 7.929068
30400016490 7.945891
30500023891 8.763269
30600021676 7.784334
30700023176 7.082779
30800006217 3.795544
30900006728 67.438575
31000010931 66.763702
31100010906 131.001537
31200009839 58.935930
31300067252 106.688147
31400006107 62.306295
31500007752 92.340499
31600005521 59.980166
31700004487 48.041795
31800007410 146.247238
31900005422 46.536341
32000002907 46.120290
32100004228 58.431666
32200001086 46.147181
32300003441 46.317279
32400026679 98.159982
32500027370 79.018287
32600002592 19.420513
32700023210 208.487550
32800022901 110.330424
32900020867 10.999867
33000017149 11.416082
33100018069 10.821849
33200016401 10.101548
33300006257 24.124140
33400004687 61.243248
33500007450 57.111620
33600010141 104.954320
33700008354 56.436324
33800014411 27.141981
33900010785 20.509306
34000032828 110.752343
34100002873 68.680258
34200021754 53.505242
34300010215 101.366822
34400087219 75.449894
34500010143 44.877478
34600016483 50.740006
34700004466 30.404071
34800004008 119.122684
34900005195 47.915299
35000019850 92.614548
35100022502 189.443874
35200022041 37.517584
35300023547 6.624679
35400019954 6.312474
35500020352 8.175231
35600021251 6.455880
35700020933 10.327028
35800021986 8.494124
35900009904 5.845511
36000022552 4.638600
36100004930 3.214847
36200014082 41.184461
36300004517 91.698142
36400007526 46.626109
36500006207 94.092428
36600012258 95.478314
36700003264 65.836323
36800007558 53.105508
36900007209 71.751300
37000002693 62.499831
37100005043 83.784803
37200006297 47.016437
37300001577 68.984972
37400013423 162.335314
37500022477 20.928549
37600016070 23.713879
37700020158 27.278064
37800018193 19.996907
37900007114 14.371417
38000011755 48.077232
38100006194 26.601996
38200016539 76.328722
38300015095 236.079725
38400013960 16.779780
38500013784 15.269974
38600131594 15.689847
38700013537 13.366256
38800014811 13.551864
38900022780 43.521399
39000020549 170.547057
39100018435 14.136943
39200013379 93.191924
39300020541 20.656083
39400021522 63.076504
39500019386 199.361311
39600016638 29.234094
39700023601 96.012224
39800020798 40.295447
39900005292 20.823673
40000004795 33.306873
40100014107 130.349396
40200020896 116.389186
40300017942 20.375575
40400017533 11.963831
40500021936 101.014336
40600176122 26.709800
40700007603 12.197303
40800008527 53.837717
40900157500 76.539675
41000021337 234.020851
41100008288 12.697841
41200007656 61.355919
41300011453 115.688369
41400007044 34.544287
41500010189 21.408956
41600003626 45.769644
41700006254 91.518020
41800004289 48.994544
41900006421 81.996244
42000006299 71.982574
42100006128 77.098603
42200004626 47.705763
42300009967 175.648549
42400037988 14.215310
42500006776 28.719171
42600022048 138.596979
42700004880 53.891134
42800004732 17.915710
42900006543 39.889656
43000004694 41.771267
43100003254 38.530014
43200002232 63.318273
43300004223 28.379521
43400005186 68.132783
43500004306 134.492066
43600004104 178.031424
43700004779 172.501614
43800004053 166.553911
43900004866 191.059948
44000003457 170.550548
44100005086 177.495824
44200005473 178.973327
44300005927 168.824260
44400006301 167.654404
44500005548 187.163379
44600003347 186.999146
44700004271 160.104209
44800003876 168.669854
44900004074 182.121218
45000005325 176.114919
45100005336 166.753283
45200011484 161.014579
45300005544 170.117524
45400004840 172.370329
45500007437 168.887895
45600004395 179.682046
45700004590 165.965037
45800004333 168.294196
45900003253 195.922575
46000003589 167.487312
46100005525 181.677637
46200005284 160.162910
46300019813 180.655661
46400003007 183.571030
46500004907 175.568470
46600021929 199.823157
46700005585 190.034894
46800006934 199.931789
46900002740 181.701885
47000005408 166.225404
47100003030 144.505468
47200009268 129.117818
47300004528 130.803445
47400004508 134.689537
47500004750 144.339755
47600003011 157.717104
47700004908 156.398373
47800004926 149.651227
47900005457 145.146761
48000009624 152.782273
48100003854 147.289165
48200005192 154.797780
48300005768 158.312846
48400005157 168.602524
48500005433 157.454707
48600005343 159.645167
48700004991 147.916692
48800005292 161.555741
48900005086 156.764631
49000003388 158.901229
49100005385 180.503121
49200004769 145.160456
49300005426 154.002492
49400002252 161.996171
49500006341 132.314057
49600003855 162.570663
49700002185 169.313589
49800003724 172.936691
49900005626 167.796169
50000004438 161.825843
50100004520 150.132887
50200003701 170.832767
50300003705 166.797939
50400004009 180.826696
50500003822 169.721128
50600008038 165.913891
50700002281 181.826918
50800004385 163.062725
50900004654 169.828472
51000005792 177.797298
51100004732 182.750594
51200005029 179.613759
51300005678 184.082582
51400004269 177.391010
51500005280 181.145117
51600004080 175.982199
51700004107 178.623363
51800004584 176.226900
51900004692 171.687143
52000004950 171.110605
52100004077 171.957156
52200005762 170.816141
52300005709 168.118252
52400004401 172.500016
52500003752 168.907792
52600005596 175.428702
52700003620 164.820388
52800004531 177.957661
52900012350 174.466082
53000006975 168.079375
53100001536 162.156369
53200004952 168.822076
53300005444 173.654049
53400005115 173.071600
53500003745 172.249310
53600003468 174.112964
53700001905 171.877196
53800004424 166.957408
53900004626 173.804534
54000004432 176.443959
54100003933 163.226680
54200003229 177.141932
54300005377 172.800569
54400005833 170.276229
54500017807 189.657538
54600004262 178.354393
54700003890 172.322543
54800005057 175.521588
54900004806 188.753109
55000003752 182.055299
55100005096 171.672033
55200003544 173.653740
55300003741 183.313869
55400004082 179.797870
55500004926 190.463636
55600005129 176.620719
55700004187 184.076842
55800002744 183.717684
55900005306 117.821691
56000004877 23.690301
56100013560 88.782133
56200014504 8.109057
56300013513 21.896550
56400014914 111.569076
56500013686 11.739700
56600016636 12.002981
56700013462 4.426925
56800016010 124.124846
56900013202 99.676316
57000012119 106.808362
57100022554 125.873046
57200010028 94.714343
57300009215 48.890908
57400020492 59.427069
57500019532 171.789989
57600021307 72.786727
57700024758 23.321388
57800029554 140.480590
57900108788 51.186543
58000026562 37.942203
58100026042 33.382724
58200035458 32.770278
58300026920 31.005270
58400026937 33.133903
58500033951 31.900502
58600020438 25.477408
58700004677 50.032765
58800007851 96.605788
58900015769 146.178780
59000017564 160.718391
59100021072 19.218668
59200021298 32.874952
59300007845 46.782890
59400035206 33.579034
59500022108 81.759063
59600010850 117.914048
59700019855 106.313631
59800030046 117.470412
59900014463 60.798744
60000003119 99.840863
60100005463 76.698601
60200021181 39.698444
60300015640 90.212070
60400008733 135.307258
60500019059 62.296801
60600020332 69.628073
60700020704 156.955954
60800017496 30.780023
60900020706 237.787638
61000024984 57.476897
61100017427 19.872489
61200027753 152.219950
61300003825 42.043961
61400028386 41.805440
61500029487 26.744112
61600028109 24.956063
61700031739 25.256212
61800030465 25.461722
61900012223 12.589225
62000006849 24.012363
62100005962 66.802333
62200004916 47.169447
62300015171 77.844789
62400017222 81.894699
62500003677 9.882320
62600005204 52.569205
62700004869 71.872074
62800005144 74.778787
62900014783 73.591022
63000011838 88.116408
63100002797 144.068741
63200006230 80.081513
63300008832 102.279942
63400011183 12.736135
63500006975 12.916200
63600023128 87.457855
63700031005 25.302718
63800011665 30.545979
63900019186 58.100748
64000024141 96.875302
64100003210 233.941176
64200005920 37.809151
64300020550 223.867098
64400018320 18.363326
64500018679 9.658035
64600025667 192.694370
64700025291 44.116024
64800027584 40.283458
64900028066 52.120240
65000006381 23.617028
65100010252 60.101073
65200008027 71.586656
65300009173 93.195844
65400024584 205.043669
65500005600 7.972800
65600025077 7.776550
65700019241 7.940717
65800026708 8.635559
65900026357 7.065852
66000007844 5.418575
66100005200 35.044600
66200008824 94.255308
66300012519 131.378162
66400010015 67.081534
66500020348 94.053602
66600013536 66.562538
66700003700 88.902749
66800001379 50.742634
66900006579 132.158565
67000005045 35.837455
67100004804 63.568140
67200005908 44.229265
67300007033 49.218965
67400024000 191.812822
67500008143 41.837943
67600014325 53.575228
67700017207 260.471915
67800024251 10.289441
67900017195 11.050877
68000021655 10.487823
68100004342 8.262411
68200004374 38.405407
68300009529 55.809935
68400008125 116.501980
68500010711 73.031414
68600003370 25.559839
68700008830 42.551324
68800009656 76.239226
68900005368 89.777984
69000009355 65.163305
69100019072 139.537146
69200016576 39.589516
69300019857 61.670064
69400008688 39.989370
69500002891 81.773180
69600019501 73.733726
69700017899 240.059210
69800018563 38.870613
69900020064 6.325267
70000019014 7.799094
70100008697 6.726142
70200017641 9.397647
70300018311 9.193093
70400016764 9.307980
70500024155 15.321313
70600001809 2.657026
70700003183 84.506481
70800003797 40.065955
70900009451 95.115971
71000009333 89.216895
71100006913 66.359201
71200005481 60.202603
71300005154 87.970346
71400001907 75.625168
71500063163 46.782340
71600020313 75.882610
71700020538 175.291496
71800026485 21.435617
71900013922 27.710000
72000019116 22.825015
72100010291 13.728054
72200003983 41.949368
72300007522 27.013346
72400013104 99.747290
72500012960 183.977347
72600014973 17.630128
72700014424 16.945746
72800025025 15.085384
72900017506 29.985033
73000017241 169.871360
73100017271 15.275627
73200014556 85.499942
73300005598 16.843564
73400021740 217.765415
73500017600 46.188735
73600024297 86.841793
73700011762 40.785629
73800007496 17.789857
73900020331 37.308988
74000022490 225.903166
74100017226 33.624065
74200013623 13.141604
74300019312 78.415821
74400021616 33.259919
74500007280 9.014807
74600015836 54.570257
74700021785 288.618787
74800007125 16.015152
74900010170 44.954733
75000008040 115.970772
75100015528 38.501665
75200004530 15.988636
75300006207 78.791961
75400004672 52.971551
75500005662 74.042109
75600005403 76.009043
75700005767 73.100602
75800006078 61.026228
75900004196 148.100098
76000010832 9.466848
76100016000 85.929931
76200012412 98.399201
76300008724 17.577301
76400021102 33.701066
76500005780 42.549279
76600005838 59.609097
76700004045 31.577957
76800003806 65.447667
76900017155 130.352088
77000004534 181.969432
77100004292 179.790640
77200019192 160.696377
77300004400 171.259288
77400011777 153.016608
77500004337 188.562189
77600005987 173.650410
77700003510 183.982700
77800005778 166.730582
77900005535 153.224477
78000004215 179.821790
78100005818 166.276676
78200005359 181.497006
78300004723 172.401600
78400002391 167.539863
78500005170 170.701481
78600003974 176.102620
78700004760 166.668288
78800004468 163.848373
78900005681 174.701044
79000005700 166.686330
79100012188 165.120682
79200005178 180.969569
79300005636 184.138598
79400023565 175.815451
79500003831 173.049460
79600006163 173.768771
79700003711 167.330187
79800004304 195.724515
79900003917 139.199202
80000004636 135.663199
80100005250 135.604969
80200004552 127.956689
80300005370 154.133285
80400005576 139.762983
80500005676 150.757977
80600003296 167.906622
80700003728 139.925555
80800005624 151.107816
80900007039 178.600169
81000005077 157.426352
81100004712 152.237873
81200004254 176.275853
81300011468 160.812963
81400004839 158.677006
81500012218 160.604980
81600004691 161.683761
81700005562 153.282749
81800005627 160.578908
81900005657 147.924356
82000002053 168.257774
82100004556 152.331519
82200003713 150.271116
82300004304 154.711471
82400004118 165.243810
82500005621 172.080717
82600004603 179.316795
82700004734 176.908189
82800003792 165.628433
82900004476 188.288439
83000004202 178.128411
83100004973 169.624216
83200001571 168.423694
83300003776 179.980228
83400011068 185.064003
83500003009 181.996107
83600003733 179.880855
83700005040 176.474210
83800004169 172.977900
83900006454 173.500521
84000004445 182.205093
84100004926 158.628120
84200005094 171.272409
84300003770 179.969864
84400004305 180.159649
84500005425 169.231336
84600004431 179.155310
84700009651 169.810375
84800009389 177.864782
84900004720 170.844165
85000004597 145.410485
85100001565 186.589521
85200004933 205.202714
85300005875 164.643113
85400005024 166.139874
85500004992 179.051707
85600014761 171.088857
85700008779 161.233475
85800003560 188.275547
85900008674 165.295811
86000004841 164.077024
86100005275 181.530248
86200003562 181.664763
86300004588 176.059185
86400004710 172.042406
86500003959 146.864725
86600005816 43.650282
86700007051 40.219395
86800007495 23.211605
86900013119 40.279387
87000013567 6.029985
87100012286 4.319390
87200011480 67.936208
87300014695 35.047388
87400001452 33.000643
87500026086 25.030980
87600009005 43.907948
87700021319 20.536448
87800010319 22.849621
87900020695 48.101966
88000008727 72.350696
88100019273 31.157901
88200011220 43.440423
88300027907 7.595854
88400021692 157.447172
88500015953 195.313752
88600006250 98.096748
88700028888 76.195567
88800002275 85.215099
88900014808 88.312682
89000008782 117.652966
89100007365 68.712904
89200026894 19.341487
89300022419 79.034314
89400022935 101.419376
89500012880 16.952324
89600029766 14.017795
89700025377 26.556393
89800025619 31.571795
89900029854 32.403993
90000030517 32.806370
90100026015 31.258880
90200025890 87.873751
90300027310 245.589730
90400010986 188.714188
90500010826 102.487700
90600022761 56.746102
90700003717 13.447701
90800018102 66.088413
90900020004 153.253843
91000005710 40.847519
91100008008 98.515549
91200005923 68.252523
91300005319 86.608831
91400005867 80.015536
91500009761 95.622547
91600009788 70.092699
91700033873 109.588682
91800012409 58.456131
91900005074 130.437806
92000003631 110.633403
92100011328 19.548288
92200025744 79.517007
92300005833 38.876491
92400005494 93.476380
92500021848 84.966496
92600006963 25.718446
92700019492 93.602611
92800015327 105.470412
92900013674 17.809962
93000030423 16.415950
93100024578 15.345586
93200035717 20.855950
93300029012 23.591735
93400027793 24.071307
93500025940 37.130779
93600030629 218.201243
93700011649 181.006014
93800005164 71.342440
93900005306 65.238309
94000005576 6.882781
94100016346 7.519852
94200016354 172.878888
94300002972 122.911640
94400001868 76.751956
94500018931 90.606028
94600005351 60.516523
94700006456 62.063360
94800020187 119.688886
94900025888 55.215214
95000023985 7.202831
95100008980 12.205702
95200013467 38.908207
95300008140 10.828361
95400029864 23.025731
95500018649 81.529850
95600014274 178.379379
95700022834 149.518587
95800017800 118.690273
95900020421 172.721861
96000008695 9.269760
96100022826 38.752757
96200022286 155.352482
96300019085 29.164355
96400023136 24.524490
96500021664 50.239486
96600018935 46.310001
96700020582 215.296953
96800006328 192.473514
96900013407 84.901795
97000007650 53.498240
97100023011 2.334616
97200024692 5.975514
97300025642 7.802980
97400017666 8.064555
97500018909 7.425879
97600018794 8.241973
97700018839 283.221335
97800021648 247.307998
97900008260 57.205654
98000013120 72.870114
98100012113 84.900424
98200009622 106.590474
98300004095 75.477336
98400005148 93.997725
98500006184 165.349923
98600006245 34.229251
98700006489 80.372206
98800004216 56.994368
98900003063 50.620264
99000003899 49.194827
99100003506 9.408292
99200023867 85.781684
99300027321 151.047161
99400015425 3.950862
99500015350 8.464167
99600025847 10.661612
99700018942 11.202389
99800022207 210.650965
99900018274 228.167936
100000006291 88.393779
100100005313 18.168827
100200010915 19.993890
100300012782 102.625024
100400009253 110.014594
100500011732 81.909738
100600003389 130.693231
100700007400 36.669112
100800018089 15.309386
100900008967 61.080673
101000010147 164.571351
101100020295 113.344657
101200016753 65.433402
101300005969 68.655935
101400006266 7.028679
101500026617 4.328214
101600023640 8.151562
101700013073 6.156889
101800010902 10.142448
101900022248 8.896586
102000018686 13.037128
102100023483 12.341354
102200022517 79.772327
102300010386 263.088716
102400004200 106.316878
102500006504 69.335061
102600004251 54.631185
102700009973 63.063873
102800002163 96.279606
102900004161 72.854095
103000011232 51.129676
103100011500 75.338737
103200012547 92.690537
103300006044 25.364916
103400004997 5.708506
103500018565 24.456025
103600020465 21.379537
103700078888 27.077957
103800017457 98.480192
103900010269 87.849847
104000008928 175.863431
104100010106 43.062568
104200011725 10.182497
104300012076 17.603309
104400009850 16.058612
104500007524 49.196043
104600010993 84.187503
104700017519 11.191687
104800019558 108.147793
104900013094 61.674835
105000015493 129.509766
105100018711 25.721629
105200026109 52.789334
105300027104 46.866157
105400019187 24.270753
105500014707 230.615465
105600008588 129.295909
105700004749 6.473402
105800022008 10.183609
105900024262 108.573965
106000015686 19.015345
106100021802 18.412410
106200016550 193.130279
106300015075 130.997311
106400009195 16.139149
106500023176 149.361239
106600006511 126.199578
106700007199 12.941621
106800008359 73.232026
106900008431 115.652915
107000003510 95.362806
107100014328 65.184687
107200003469 58.366645
107300005384 68.517561
107400003225 75.960381
107500002925 31.302592
107600018434 18.975033
107700007508 195.286437
107800005356 26.973756
107900019659 32.701443
108000009426 138.410892
108100007786 67.260512
108200004665 56.224199
108300002425 45.649930
108400008354 67.468167
108500001967 124.819571
108600005351 110.637376
108700004502 165.562947
108800005387 147.472175
108900002826 173.683945
109000004205 183.459113
109100005520 191.988494
109200005125 168.037736
109300001851 169.350631
109400003943 152.017186
109500003917 178.668392
109600004283 191.159828
109700005322 171.191112
109800009620 187.107699
109900005240 155.841511
110000005055 174.629887
110100005287 182.971030
110200005584 169.878669
110300005248 169.461201
110400003721 184.531778
110500007959 170.200174
110600003610 179.831182
110700003972 198.061182
110800003247 166.277524
110900007624 178.939687
111000003543 165.899663
111100004573 175.009914
111200014432 143.119776
111300005828 168.771904
111400004831 117.843152
111500003801 141.333541
111600008223 142.672574
111700005590 141.186282
111800015709 172.508194
111900005291 156.314277
112000003138 159.256789
112100005806 166.589388
112200004684 158.240836
112300004947 148.971873
112400004550 180.564297
112500009027 176.813520
112600005441 154.966568
112700026444 159.678515
112800002820 182.469667
112900003211 167.095676
113000002122 159.226965
113100007067 153.273026
113200004689 170.036928
113300009067 161.513872
113400006918 155.240795
113500020343 163.242267
113600010623 160.362829
113700007400 157.684512
113800004985 170.105495
113900005902 160.323093
114000005610 148.311256
114100004379 165.135951
114200005935 166.640782
114300011332 177.179762
114400005110 181.464416
114500001404 181.074610
114600003057 166.320025
114700005238 178.316319
114800004607 186.988501
114900005222 171.526274
115000006293 167.443081
115100004752 173.954771
115200004143 184.162661
115300004827 186.121330
115400009665 179.553519
115500002298 179.416403
115600004203 178.194107
115700004583 173.143064
115800004450 176.347750
115900004921 179.345590
116000004752 160.468629
116100003919 178.015026
116200003975 173.365051
116300010991 177.471247
116400009858 174.591610
116500004358 184.493256
116600005836 161.987184
116700005517 185.953723
116800006272 164.269966
116900008184 158.834788
117000004423 193.359351
117100003907 186.838095
117200005190 173.278709
117300005857 169.681179
117400003613 179.996330
117500005007 176.991647
117600005618 172.513706
117700003954 180.181637
117800005690 163.418805
117900004495 174.607290
118000009093 184.513539
118100004364 175.067818
118200005491 173.754136
118300002463 167.483928
118400004818 170.964073
118500003521 135.542620
118600004164 47.359309
118700004849 38.922686
118800012295 16.954623
118900013105 117.480103
119000001956 5.108433
119100013453 4.836148
119200012465 74.543638
119300015571 141.671582
119400001251 54.361359
119500012413 102.043144
119600003854 144.885427
119700001062 74.721134
119800019712 50.986536
119900009321 108.374265
120000011474 100.611823
120100013930 77.583032
120200023490 29.559438
120300019243 33.682740
120400019557 128.837985
120500017947 137.122850
120600019992 22.146615
120700025015 41.101845
120800023558 53.882107
120900024945 58.555370
121000028780 61.111681
121100022688 60.350345
121200023837 60.581196
121300024514 60.075750
121400029123 59.746277
121500023884 59.964169
121600025189 84.312950
121700028169 173.419215
121800013237 169.851849
121900020972 124.898310
122000007527 60.862479
122100015548 12.487678
122200023455 80.129166
122300014275 136.153701
122400006623 55.744282
122500004674 22.335684
122600007870 30.371538
122700010324 114.181641
122800002014 85.633992
122900001794 72.299078
123000008783 94.983971
123100009356 68.179923
123200009575 140.745559
123300003424 56.068302
123400009520 108.732977
123500004374 47.223838
123600004618 94.475018
123700016089 123.865579
123800004478 95.930739
123900018214 16.496609
124000008503 106.869268
124100011183 75.015720
124200020004 11.901150
124300020452 332.592003
124400002116 45.324766
124500018197 31.453150
124600027030 54.887821
124700023798 169.770716
124800002117 84.439560
124900022644 17.083335
125000021714 39.883857
125100022858 49.336689
125200028369 52.699905
125300020966 53.792686
125400025186 54.256261
125500021974 53.884158
125600025295 82.675161
125700026699 210.519554
125800018466 109.376796
125900021736 62.658028
126000003638 37.880543
126100017287 8.419390
126200011172 77.102672
126300015410 159.679401
126400001255 51.642520
126500004157 78.854584
126600004955 130.581710
126700002955 30.067452
126800004829 75.883147
126900013324 77.565296
127000014599 131.736863
127100018045 84.581186
127200005353 7.309529
127300011192 11.656391
127400014276 37.884687
127500006639 32.384559
127600031942 33.937234
127700014541 77.199225
127800012434 219.571500
127900014824 270.231022
128000015341 276.974417
128100012295 114.098309
128200023843 47.196012
128300021359 290.145595
128400004316 43.987653
128500021642 10.044316
128600014883 38.640234
128700160801 218.559932
128800021861 19.037291
128900017636 41.115430
129000026419 46.567225
129100028276 53.327986
129200026080 62.255412
129300026757 261.012657
129400013619 65.303327
129500009916 88.911293
129600006323 72.829468
129700014456 2.479640
129800018479 6.193994
129900021732 7.920116
130000019674 8.190504
130100021807 8.111953
130200025932 7.119774
130300020547 7.945613
130400020411 7.951002
130500025314 382.346246
130600007726 77.566568
130700005149 41.490065
130800008351 136.407961
130900014422 82.037512
131000005741 73.759709
131100012442 112.192461
131200005863 57.524548
131300008566 122.169099
131400004234 109.498088
131500014522 28.428034
131600007622 84.810086
131700004630 42.759153
131800006949 49.123128
131900007244 50.888411
132000003315 44.355261
132100022442 8.951522
132200021597 168.223270
132300008082 249.326490
132400016030 14.072768
132500017668 8.701367
132600003846 10.796906
132700027437 11.020496
132800021979 10.775878
132900025512 142.727183
133000001276 241.886569
133100003742 60.439218
133200003697 49.298548
133300016010 16.869799
133400007620 25.548830
133500008124 102.293604
133600016087 97.148340
133700010709 89.823104
133800007714 72.518749
133900015281 107.491174
134000109241 17.828165
134100014330 56.395958
134200012949 51.845867
134300011419 110.801771
134400015438 193.488512
134500013505 48.477322
134600003883 86.101815
134700010874 31.238464
134800018159 11.993687
134900022141 6.066661
135000019992 7.559853
135100024334 6.734995
135200026011 8.142111
135300019945 9.643097
135400017632 9.189521
135500022143 4.605697
135600014504 6.083162
135700019784 8.287223
135800021063 361.440054
135900004967 58.720081
136000006005 62.621557
136100002641 61.655731
136200010216 47.172804
136300013643 112.960986
136400008976 105.466013
136500002064 49.254484
136600004952 50.204865
136700004881 76.836993
136800026036 105.799436
136900005559 54.283447
137000007142 20.163044
137100020004 10.487488
137200017768 28.043464
137300028554 22.953421
137400017939 22.005195
137500019187 80.782782
137600018360 69.304973
137700007714 62.021902
137800007815 172.658976
137900003560 49.865368
138000014421 12.283766
138100013638 15.637093
138200014810 15.930328
138300007564 14.141510
138400010309 29.587628
138500013040 116.775925
138600020519 10.532190
138700022034 32.002835
138800017620 116.329566
138900018157 31.047125
139000010755 165.557638
139100009831 25.108569
139200024652 55.191047
139300010167 100.688305
139400014033 24.112013
139500022591 37.541116
139600024303 202.497448
139700003404 82.958204
139800023972 7.603839
139900022482 17.069826
140000020350 49.452376
140100011690 74.336032
140200023262 14.459857
140300015235 20.838690
140400025539 205.229557
140500000526 95.636447
140600018587 18.116777
140700024041 120.593193
140800004568 141.030510
140900008636 32.438906
141000007847 26.367894
141100014436 27.500400
141200008055 165.407047
141300003822 57.319646
141400004939 71.974001
141500003993 71.618335
141600004811 40.573652
141700007632 100.018055
141800012310 54.485977
141900006668 43.733881
142000012821 9.533256
142100014987 115.917577
142200017326 105.066531
142300013271 11.660711
142400020604 122.782977
142500006544 43.886736
142600009329 68.457995
142700006448 45.672167
142800003668 41.907454
142900003543 62.782571
143000003948 68.131242
143100003771 99.424085
143200005111 163.036086
143300005200 175.577585
143400002721 177.472561
143500003986 176.321127
143600009450 172.015312
143700005941 173.621446
143800002893 168.284690
143900004288 162.448995
144000004527 173.240879
144100003619 181.348403
144200004793 172.230300
144300004155 144.982388
144400003906 192.423170
144500004680 153.298983
144600004440 177.135872
144700004482 145.980839
144800023416 173.827262
144900004711 164.186944
145000005420 169.451827
145100004901 163.195567
145200004601 160.822254
145300004749 175.190476
145400003710 172.397218
145500009497 169.860496
145600005782 158.882238
145700003659 184.853657
145800005010 169.267562
145900011009 169.892458
146000004072 166.200773
146100005401 161.236299
146200002495 150.063561
146300005278 150.519911
146400004668 136.106943
146500005549 129.052907
146600010565 145.845613
146700020650 136.975892
146800004768 146.040862
146900002122 162.465355
147000004489 148.764775
147100005273 139.214152
147200003543 155.149084
147300012222 145.515448
147400004569 163.113053
147500005176 145.893541
147600006258 161.204005
147700004731 168.062318
147800005443 163.410889
147900006120 157.404489
148000010669 163.819891
148100005348 154.709394
148200004001 149.160648
148300002995 176.495998
148400004203 151.969825
148500005544 166.990192
148600004049 161.358950
148700010703 149.411858
148800005654 164.149104
148900005392 173.242225
149000006197 144.579505
149100004487 153.530570
149200005398 176.724232
149300005448 173.902471
149400005921 155.398429
149500005952 166.992405
149600005232 159.372307
149700002314 158.835016
149800004361 167.533174
149900005200 173.963126
150000003925 171.275677
150100003114 169.084777
150200003747 171.208446
150300004304 164.380525
150400003132 175.687328
150500002305 169.770551
150600003530 162.903872
150700011532 172.386130
150800006051 173.450948
150900005539 175.649364
151000004586 174.902050
151100004164 177.535240
151200004421 176.800257
151300010025 167.120261
151400005291 177.952408
151500010128 175.856370
151600007836 173.338674
151700006066 174.451130
151800004984 167.719774
151900004212 168.351178
152000006958 176.382448
152100013231 162.907066
152200018701 168.480059
152300002624 174.832251
152400003573 163.726436
152500005031 174.977850
152600011799 165.050732
152700005463 179.369461
152800008953 165.563240
152900003344 176.617878
153000005693 153.399618
153100003699 176.310764
153200003083 173.526809
153300005435 171.137399
153400004739 173.147223
153500005995 173.600479
153600005347 168.335179
153700001544 158.763504
153800008752 175.945299
153900003763 168.044619
154000005657 153.000722
154100005525 184.168455
154200004986 174.286750
154300003735 163.752726
154400003327 178.023816
154500006187 170.830179
154600005279 170.038714
154700004733 177.888079
154800005703 183.549988
154900005465 173.249869
155000005730 171.973578
155100010419 169.342990
155200004052 181.309025
155300008387 174.056752
155400005671 177.381949
155500036869 166.408443
155600009398 177.481952
155700010413 169.943477
155800004907 172.954078
155900004104 134.294062
156000009339 27.158907
156100003136 68.882437
156200014465 5.803903
156300014831 79.336280
156400007388 48.962732
156500013772 4.008725
156600018333 12.729279
156700014431 11.245727
156800015267 154.915640
156900011085 42.557561
157000023851 110.065545
157100013096 112.719840
157200022005 87.341534
157300009807 80.412778
157400006986 57.825310
157500002723 92.696600
157600013922 39.562342
157700021424 53.950739
157800009405 114.365978
157900027189 18.843460
158000028221 29.248546
158100026925 30.470115
158200029324 32.671176
158300031635 31.978555
158400028057 31.596417
158500030151 32.560249
158600028469 47.338468
158700013479 132.052243
158800005467 99.136834
158900013779 107.874138
159000024747 107.700720
159100015487 14.492319
159200015910 67.780822
159300008803 71.746680
159400005400 30.014375
159500004178 71.560406
159600003289 112.396156
159700019299 87.255412
159800006971 120.476855
159900012819 64.468957
160000006475 98.361277
160100012538 96.499925
160200013824 49.463302
160300005716 87.349393
160400009006 127.023022
160500000686 39.202132
160600018323 81.047410
160700017170 74.205661
160800020701 28.374092
160900007600 160.989422
161000021165 37.209124
161100020811 53.582346
161200008979 96.978034
161300031229 22.315947
161400023807 26.751765
161500004609 23.165330
161600033053 26.568449
161700028058 25.760699
161800031292 26.632963
161900032853 25.902169
162000024761 100.167075
162100010945 98.672584
162200005452 51.333413
162300005685 56.103532
162400005083 30.376754
162500020351 15.730986
162600014394 129.115130
162700006397 50.255485
162800018793 106.326314
162900005720 76.803813
163000005719 49.653884
163100019024 99.602846
163200019733 118.676708
163300021477 66.766611
163400013167 12.224155
163500014324 13.021884
163600007055 36.534528
163700033096 16.636927
163800029824 41.809592
163900022522 46.168378
164000014316 116.392539
164100010575 160.455023
164200020183 66.542564
164300006701 176.760279
164400022664 8.048974
164500021970 19.715778
164600008121 165.306093
164700011542 22.198643
164800025090 41.017531
164900026427 48.809511
165000021094 46.080591
165100028276 170.105536
165200005356 67.199312
165300005539 99.749955
165400017076 63.974895
165500020206 5.682797
165600017914 7.655288
165700023453 7.747845
165800017341 8.527926
165900025208 7.568262
166000022774 7.977714
166100022616 133.891837
166200011692 97.890098
166300014174 56.508507
166400021534 148.349728
166500008213 72.825575
166600019759 93.798597
166700004779 87.617205
166800006866 77.519629
166900008959 105.562328
167000007143 42.303161
167100003447 82.624237
167200000072 44.663192
167300006460 53.936694
167400005169 51.880206
167500024922 17.687592
167600023180 134.132028
167700016837 108.369282
167800016754 16.045876
167900018668 10.649222
168000021607 10.931553
168100014574 10.594437
168200017085 118.107098
168300006106 118.774998
168400004567 52.611727
168500012953 45.038697
168600013086 25.633465
168700012079 56.732037
168800013966 95.113439
168900004758 89.970708
169000009578 84.787584
169100010485 48.993355
169200010981 45.363124
169300013135 48.362394
169400007393 69.266840
169500005008 102.184104
169600009180 72.634015
169700009673 69.880418
169800018033 24.212369
169900017935 5.922113
170000020540 7.352421
170100016324 6.604921
170200022279 9.017192
170300021641 10.178085
170400017899 9.854345
170500015666 13.315636
170600025704 7.122125
170700002412 164.968681
170800016891 50.298496
170900006239 76.727832
171000006071 48.753884
171100015429 112.204436
171200002267 84.209746
171300005626 44.110450
171400007137 55.497069
171500014614 91.446721
171600005480 58.109827
171700003760 46.060598
171800017351 13.097225
171900018919 26.699550
172000014038 25.236761
172100014763 21.448857
172200027545 87.696681
172300009486 29.436630
172400010487 91.499180
172500019235 117.938870
172600009655 16.216260
172700013802 17.514505
172800011385 15.870254
172900012117 37.248854
173000013837 73.887269
173100022393 19.694615
173200009747 89.650443
173300018495 23.920565
173400019417 116.856476
173500019273 36.522125
173600026846 110.217753
173700016534 25.649243
173800019500 37.260323
173900006789 126.890205
174000007979 74.588871
174100160892 17.700922
174200021566 18.204525
174300011657 85.670370
174400020552 24.279104
174500020211 18.193847
174600009556 102.282063
174700011948 106.890651
174800026285 24.196989
174900173772 140.505354
175000008437 52.697446
175100008346 36.594128
175200008142 28.024609
175300012204 107.735808
175400017090 51.255758
175500005872 81.602775
175600003463 63.902722
175700012218 76.146686
175800008491 52.823467
175900009602 52.626326
176000005642 18.256188
176100004967 90.288198
176200019296 60.929334
176300012126 51.585478
176400004819 51.965358
176500005460 47.121446
176600004229 55.173778
176700004129 37.307174
176800003432 67.997702
176900005238 73.796591
177000005270 168.919305
177100004238 163.338918
177200002306 156.431206
177300005679 166.868385
177400005201 156.297814
177500004485 179.508711
177600005786 160.903022
177700013248 168.843172
177800003416 158.771896
177900005799 163.878686
178000003162 170.249969
178100009352 161.094982
178200003793 176.157350
178300003611 154.960555
178400010807 165.957699
178500004834 165.802056
178600004858 162.637725
178700003917 162.971856
178800003336 163.069203
178900004150 162.063300
179000003738 179.150384
179100005886 175.203691
179200004341 163.071272
179300004386 166.903841
179400005160 164.563310
179500005542 159.053400
179600004492 149.852829
179700005372 153.645176
179800015579 131.133582
179900005151 141.857194
180000003974 135.269137
180100004948 143.171630
180200009583 149.880811
180300004348 151.536351
180400005708 156.897728
180500003543 153.560821
180600003991 151.036180
180700011704 165.949501
180800005319 163.848035
180900005044 156.410075
181000004266 158.969764
181100003990 173.766484
181200003840 163.743123
181300004636 161.918144
181400005818 155.087580
181500002059 164.081947
181600013515 153.558742
181700005325 158.593947
181800004439 163.329614
181900003088 153.620557
182000004681 158.814846
182100011193 159.936544
182200006755 160.729365
182300003984 150.431485
182400010833 165.991606
182500005416 161.595785
182600004698 172.818338
182700003274 172.107650
182800004767 170.200204
182900004282 165.524362
183000005245 180.879184
183100002197 175.006070
183200005937 170.772539
183300004648 166.675972
183400005577 172.119570
183500004372 180.348375
183600002796 177.783489
183700004853 176.521162
183800004704 173.693669
183900004976 177.215362
184000003929 173.855293
184100005935 174.718610
184200010904 171.879616
184300003480 168.274647
184400003914 171.467905
184500004717 169.596032
184600009664 173.957600
184700001319 165.822075
184800004260 173.366305
184900005520 162.001163
185000005694 177.590359
185100005832 164.470815
185200004445 158.513939
185300003133 171.891071
185400006157 171.327487
185500004878 171.005317
185600004896 165.195649
185700004099 163.762080
185800002240 173.732844
185900003414 166.067751
186000003240 167.692342
186100005437 157.921825
186200003410 180.159338
186300003767 167.464457
186400009811 174.290676
186500006652 178.340200
186600004456 174.886283
186700007445 141.362049
186800007974 68.618820
186900014233 68.382947
187000010966 9.696638
187100012411 24.254160
187200014752 94.695319
187300013794 11.634162
187400001541 9.355613
187500012299 67.523114
187600016223 84.230998
187700026801 119.105131
187800008236 106.655502
187900013551 100.749908
188000015144 102.723702
188100006583 46.816488
188200008653 54.624463
188300013835 123.724635
188400021569 123.916573
188500023182 48.605224
188600004040 30.689923
188700027248 85.250929
188800027918 68.315195
188900184574 63.151854
189000028665 63.169884
189100025180 61.264683
189200028147 61.100574
189300029690 61.085405
189400027653 60.626024
189500031714 60.856055
189600026229 60.556280
189700031183 60.989622
189800009419 49.065665
189900001143 49.176920
190000009709 80.109124
190100026266 115.999394
190200011510 190.503991
190300019802 18.736754
190400010796 11.535073
190500004894 41.212274
190600009344 61.619025
190700005631 49.960352
190800006407 8.766774
190900008158 75.829518
191000004883 117.864740
191100008858 99.400901
191200020255 91.305732
191300007884 101.463606
191400030193 71.703992
191500010892 127.652157
191600010015 47.519773
191700006585 72.382090
191800018428 43.354425
191900023320 113.778834
192000008245 123.214962
192100019754 63.115942
192200019147 52.282586
192300021441 119.016541
192400022169 61.970900
192500018209 61.954077
192600022444 192.182654
192700019641 63.789003
192800014797 49.913748
192900011714 20.295593
193000019232 108.868142
193100024282 61.282508
193200022014 56.754002
193300019707 55.775580
193400028471 54.901698
193500024681 53.940866
193600022240 54.809436
193700020079 54.826052
193800003868 38.117415
193900004293 35.060951
194000004462 70.521222
194100001620 50.249565
194200016025 132.025994
194300013437 18.935733
194400008675 12.198848
194500004339 56.672724
194600019305 51.509941
194700018196 81.834941
194800020108 69.050066
194900010290 67.613773
195000010080 50.814775
195100020687 197.596308
195200016873 53.412667
195300012575 147.791662
195400013433 42.896805
195500010549 12.242157
195600023119 12.643372
195700028243 92.682769
195800026463 43.247786
195900029666 58.353288
196000011004 102.074427
196100011989 149.936580
196200000400 161.554020
196300022810 202.308347
196400022832 112.015691
196500006357 69.977600
196600017267 194.168368
196700022505 18.360075
196800023230 12.481833
196900022134 94.956664
197000018067 95.845130
197100019172 41.031846
197200019727 40.083933
197300021685 52.896499
197400004634 29.767762
197500016222 43.576706
197600008042 87.827894
197700015039 76.754821
197800022196 115.105890
197900023242 112.583471
198000021004 7.619146
198100017155 7.633112
198200026535 7.701536
198300022795 8.411252
198400028001 7.849681
198500027843 6.647203
198600009098 5.405689
198700004791 42.776844
198800015157 72.029369
198900007209 176.006631
199000007781 66.635188
199100016052 85.251148
199200024945 66.876542
199300017401 79.425958
199400004760 75.616329
199500008534 44.414537
199600006829 129.559463
199700004610 70.878506
199800004934 41.796834
199900005165 54.817797
200000004749 44.266869
200100004144 49.179020
200200022722 50.357809
200300020035 188.457854
200400008741 20.271367
200500019899 163.534840
200600021264 126.623565
200700022953 10.545877
200800020909 11.147462
200900018050 10.614307
201000023218 10.537327
201100004212 21.035387
201200003911 56.876366
201300008965 54.264288
201400006957 102.220431
201500013795 67.640825
201600008067 26.200345
201700010647 18.552544
201800008545 106.245748
201900004435 55.570051
202000029022 78.297196
202100019493 73.821370
202200013364 133.549309
202300011197 40.641367
202400004025 47.400248
202500004408 39.189019
202600010004 96.499244
202700003355 44.449851
202800022259 73.917439
202900023158 242.145340
203000017201 42.386209
203100016609 6.833659
203200023192 5.800877
203300015903 9.215469
203400022125 6.037985
203500020299 10.496111
203600011324 9.243384
203700018935 6.315817
203800020641 4.376140
203900009801 3.938039
204000002912 29.630898
204100001714 106.219653
204200004033 43.664247
204300007732 84.513430
204400012963 77.722909
204500004384 93.589964
204600008414 46.769059
204700008205 70.662798
204800014593 77.665937
204900004967 85.741622
205000003240 43.451834
205100016991 60.411827
205200020336 180.721472
205300010395 21.713899
205400021560 23.020431
205500020017 28.693429
205600020438 21.108429
205700009755 13.500515
205800005477 45.034903
205900029049 26.958271
206000022316 70.888969
206100012384 244.859653
206200015130 37.648977
206300015032 14.958993
206400008893 15.646875
206500013797 13.593544
206600024621 13.964067
206700022284 31.052455
206800003376 189.751090
206900008774 15.882871
207000018076 83.167917
207100022105 22.722723
207200026845 57.160986
207300024041 204.068130
207400021338 27.821753
207500020734 95.097778
207600024953 41.461558
207700005703 21.992005
207800006231 28.812571
207900014892 109.551399
208000022521 142.394762
208100025237 19.742191
208200019287 13.813679
208300023926 99.076300
208400020599 25.686716
208500008993 15.229757
208600010386 48.933165
208700023545 69.886080
208800024801 237.378590
208900006411 13.392584
209000014768 54.634370
209100008681 120.050597
209200012762 39.527977
209300009792 21.558185
209400004139 45.512373
209500004643 74.998007
209600003757 56.632661
209700003892 64.908608
209800011570 83.205716
209900005784 63.465673
210000008171 52.011564
210100002795 181.374804
210200008639 21.157681
210300006429 24.483439
210400016624 124.409519
210500005979 72.235723
210600007688 14.839173
210700004542 46.025098
210800005499 37.136518
210900004069 41.632606
211000006153 60.311294
211100005357 26.779301
211200004127 66.144730
211300003939 129.109694
211400005018 174.755339
211500004333 172.165413
211600003097 165.982240
211700005234 182.739478
211800004752 172.192240
211900013753 177.553440
212000002752 173.832467
212100004997 167.617887
212200005328 162.272840
212300011561 179.782091
212400004442 178.332773
212500005892 179.946631
212600003266 151.854603
212700004606 178.101134
212800011111 179.260346
212900009153 166.713699
213000004013 171.255533
213100004289 163.648056
213200002945 162.601209
213300005244 192.047044
213400005216 157.428857
213500004824 166.116896
213600001899 191.910952
213700005758 173.398678
213800005680 185.092151
213900004532 155.929162
214000004201 190.601344
214100003789 167.934520
214200005623 183.305131
214300004943 159.163872
214400005184 172.055428
214500004724 158.480228
214600001811 158.820441
214700004414 145.357081
214800005629 140.680409
214900006387 143.260652
215000007799 141.941416
215100007811 146.167816
215200003890 157.116593
215300004478 156.124026
215400003217 147.199914
215500005244 151.149383
215600003003 149.988650
215700004800 161.113774
215800005167 152.123590
215900003797 159.876006
216000004742 159.643034
216100002650 170.717194
216200002914 160.821575
216300006035 156.426350
216400004427 163.369078
216500005565 157.592968
216600005515 163.838798
216700004817 160.578065
216800004878 166.479468
216900009647 166.179695
217000005712 159.960436
217100004161 160.402286
217200003182 167.179418
217300004819 158.446941
217400003603 157.798515
217500005219 165.479463
217600002846 173.527192
217700005858 163.590743
217800003950 167.713696
217900003900 164.438779
218000005650 166.450307
218100003966 165.598752
218200005293 172.225192
218300005940 169.267862
218400006180 178.088775
218500008656 168.311599
218600004277 169.236439
218700009185 172.830119
218800005659 173.906019
218900005352 167.792899
219000005038 170.206057
219100026760 175.763151
219200004521 177.003618
219300004403 176.851889
219400001630 176.873220
219500003446 177.754811
219600033750 173.595399
219700003421 177.335158
219800005250 176.356710
219900005573 176.310735
220000004523 177.053830
220100009227 173.299302
220200003793 171.413179
220300005475 175.442596
220400004740 167.211692
220500004812 170.808221
220600004154 173.494920
220700004041 171.434912
220800006435 170.036420
220900005542 169.020434
221000004355 177.175372
221100004275 171.410672
221200004844 171.896166
221300005824 164.761711
221400005147 173.245478
221500004327 172.974369
221600003741 174.688794
221700004603 174.283619
221800003498 173.430283
221900004290 173.992942
222000010008 163.975160
222100004231 173.203483
222200005204 175.538705
222300003574 169.330642
222400004395 169.204234
222500004776 176.105424
222600004466 170.958910
222700005171 179.070775
222800005959 175.359181
222900004464 173.381007
223000004914 178.990368
223100005097 182.179097
223200004795 176.323893
223300005672 180.434353
223400005403 169.978478
223500005500 183.883071
223600005545 177.642730
223700005352 187.492445
223800002542 177.782943
223900005400 180.641764
224000005636 191.795122
224100007507 103.024045
224200006951 36.087414
224300015982 54.304827
224400014565 20.060142
224500002518 28.536824
224600012658 40.997314
224700011673 11.604978
224800012422 12.246463
224900001971 10.618120
225000009305 87.732485
225100015339 96.388402
225200026493 121.902124
225300010701 95.286063
225400012087 94.055812
225500006787 61.903874
225600011914 52.983719
225700028180 143.161476
225800024006 68.498680
225900012145 35.823588
226000024602 90.734003
226100022834 44.112652
226200031859 35.242904
226300028221 31.022704
226400028095 32.351194
226500030059 29.856622
226600030837 30.965778
226700027713 30.512901
226800015028 35.087712
226900005520 60.205729
227000023420 93.148872
227100016530 157.188209
227200015646 109.870002
227300017443 18.939763
227400003182 35.515153
227500004619 52.462347
227600004427 31.787531
227700009341 97.861776
227800003778 111.863153
227900008774 76.009937
228000011105 128.779928
228100011087 73.517964
228200006716 100.892056
228300006114 79.801592
228400005718 35.968787
228500010382 98.133371
228600020872 124.703296
228700021246 47.911711
228800012003 86.920610
228900017381 77.995107
229000030094 54.911672
229100023179 167.940278
229200020866 48.889175
229300003633 28.578248
229400026723 110.401552
229500004743 39.323963
229600025640 34.751656
229700032536 26.375023
229800032611 25.478816
229900027310 25.244104
230000028443 25.403096
230100004485 17.911926
230200005883 33.522012
230300005563 66.232184
230400005457 50.509984
230500015784 62.298222
230600016106 62.077033
230700014564 16.473626
230800006795 52.533754
230900010444 67.040961
231000005296 67.754181
231100012297 77.414469
231200019450 89.168999
231300023711 130.775889
231400019220 82.325358
231500013707 83.480700
231600005203 13.215164
231700010138 12.228908
231800020961 61.787395
231900026886 27.213293
232000014083 22.787036
232100016852 77.694358
232200014850 96.385802
232300023186 163.325082
232400008042 50.605540
232500024423 153.446929
232600010530 18.521290
232700023088 13.706946
232800019176 120.697134
232900025077 41.533133
233000017511 41.860526
233100024079 48.625816
233200003147 50.494129
233300019935 46.796320
233400021620 88.331915
233500020029 76.446386
233600019690 170.807354
233700026751 7.803906
233800024237 7.510063
233900019757 7.903728
234000028228 8.652360
234100026326 7.061609
234200019912 8.144614
234300008914 44.920584
234400013535 69.001541
234500012475 136.971774
234600010210 78.377652
234700009362 77.831895
234800003450 72.258558
234900006462 95.414022
235000008749 48.234248
235100005190 135.645034
235200004223 41.935338
235300005677 62.314078
235400002976 46.691625
235500003547 50.605663
235600022444 79.308232
235700026956 58.995932
235800018885 47.486667
235900021746 225.031137
236000020155 10.218765
236100012010 10.872091
236200015354 10.471232
236300012665 9.908790
236400005995 52.021995
236500004291 55.559974
236600006608 81.462297
236700011784 66.479819
236800009351 26.796922
236900007268 41.306883
237000004845 83.421517
237100007762 74.364524
237200010285 61.310842
237300002982 156.944953
237400012949 37.593197
237500012172 51.423764
237600015985 43.149774
237700004576 106.424757
237800005851 54.863114
237900022980 178.050146
238000014997 36.411345
238100019875 6.341111
238200020646 7.911258
238300023704 6.424790
238400018408 9.671240
238500021272 9.345181
238600021649 9.528484
238700017445 14.541585
238800005015 3.993355
238900010355 75.598882
239000004729 49.605970
239100007237 66.232299
239200007280 80.729405
239300003735 87.527222
239400008182 50.599463
239500006670 72.940316
239600006131 91.238210
239700005589 51.604899
239800004337 52.182624
239900013092 139.609571
240000013496 21.644220
240100014381 27.257546
240200018281 22.961641
240300003236 17.679203
240400012306 42.047493
240500021611 26.150382
240600003641 88.248658
240700010265 178.671416
240800013018 17.629448
240900012702 17.315715
241000013989 15.191223
241100022046 25.816395
241200006836 169.072241
241300004478 19.431975
241400016025 68.192400
241500024648 23.687040
241600023944 110.193938
241700023235 74.665145
241800012058 58.654217
241900021481 40.585930
242000007602 26.055115
242100003607 36.248098
242200020304 146.835032
242300021133 31.589720
242400011276 15.213397
242500020195 70.639568
242600019845 31.118061
242700011313 13.179819
242800008576 50.893371
242900022786 176.424378
243000033230 32.855845
243100005704 32.362761
243200012118 116.750514
243300006932 36.964142
243400009453 22.987271
243500008955 63.431345
243600003171 61.819166
243700005720 59.863762
243800004281 89.819128
243900012610 64.654971
244000016633 48.936863
244100014016 148.668523
244200006227 13.753238
244300015434 60.480500
244400010393 137.321990
244500007054 17.801328
244600011037 39.645544
244700015768 44.690449
244800005821 49.162510
244900003077 39.803322
245000006344 52.133266
245100004254 135.615994
245200007571 182.075401
245300006438 179.325042
245400005956 155.742436
245500002745 169.805749
245600004598 177.060265
245700004276 180.064064
245800005795 188.563899
245900004672 168.235144
246000003352 156.611389
246100005610 177.536902
246200004274 164.676241
246300005828 194.728279
246400012139 161.068337
246500004765 167.900503
246600006279 173.971246
246700004961 172.715660
246800003537 155.502009
246900001315 167.533721
247000005251 170.884321
247100003593 172.516062
247200005741 183.536969
247300006113 165.814987
247400004520 180.243717
247500005057 158.151746
247600009049 176.420935
247700005538 147.386435
247800004992 182.261769
247900005378 128.461901
248000005405 141.651301
248100006312 138.795883
248200004686 127.157717
248300003357 158.024226
248400004553 146.537099
248500001367 157.653466
248600010233 162.384969
248700003444 142.978478
248800004932 164.052171
248900015344 175.288284
249000002309 157.559295
249100004121 158.873346
249200004959 172.496543
249300004714 159.964341
249400005037 159.317402
249500004691 166.050606
249600001028 151.331049
249700003456 163.391507
249800004537 161.238996
249900018715 155.230661
250000004672 171.121536
250100001139 156.406208
250200016139 167.431857
250300005168 152.404115
250400003824 165.299627
250500003440 159.881384
250600005385 171.293558
250700004702 173.648292
250800005476 177.882725
250900005877 165.646161
251000005235 178.899460
251100005810 177.727025
251200005331 176.718356
251300004324 168.309022
251400004655 169.340061
251500004164 178.083118
251600002102 178.168572
251700003864 176.148733
251800004510 177.126806
251900004669 180.267205
252000004237 174.097573
252100003253 173.319636
252200003515 180.667910
252300004085 164.808136
252400003721 175.326444
252500004786 167.168023
252600004926 177.587004
252700012709 173.366638
252800005056 191.839371
252900005799 161.316270
253000013810 186.517110
253100005918 178.694588
253200005440 159.062391
253300005503 181.657583
253400002449 183.116337
253500005874 175.421817
253600008440 178.545809
253700004377 175.849693
253800002727 179.108938
253900003419 169.406360
254000005789 183.201827
254100019848 161.914521
254200002554 177.275416
254300012992 173.290816
254400004884 184.172030
254500005460 177.362965
254600008531 143.338640
254700011684 88.849175
254800015986 71.131367
254900008800 25.431725
255000010620 23.564580
255100011594 99.313741
255200012429 11.410042
255291853796 5.641316
