100281392 230283.000000
200434569 217123
300419890 54072
400462211 55230
500461580 57208
600541620 71611
700419118 53829
800421950 55414
900421527 54589
1000413749 56176
1100353477 99312
1200451204 117089
1300630926 53961
1400470429 54775
1500447773 56979
1600421679 73209
1700454688 54927
1800447589 54174
1900446574 55250
2000442344 54616
2100460769 75799
2200420453 53592
2300454717 55429
2400442949 58145
2500458511 72476
2600476582 54592
2700439192 54316
2800475772 55109
2900453238 56999
3000460972 74201
3100490679 56587
3200453883 53239
3300445052 55763
3400340417 687443
3500392984 202731
3600389419 211864
3700265465 2653900
3800304138 2368156
3900432646 1332169
4000367929 205611
4100406543 215870
4200194380 1215607
4300415817 2464856
4400323828 2698567
4500225488 1355110
4600385582 207742
4700356084 213266
4800262854 2745447
4900280310 2396462
5000227987 1227696
5100348162 207759
5200376031 213976
5300216898 1498478
5400387550 2276290
5500305094 3020622
5600480908 943487
5700436742 211143
5800295396 211854
5900420506 2853292
6000383266 2710023
6100537140 690980
6200466505 566369
6300366890 203930
6400459482 217252
6500186945 944350
6600489273 2794905
6700366505 2703837
6800456991 1400559
6900409835 210816
7000428867 216941
7100298316 2736394
7200212908 2382690
7300308230 1505476
7400404647 872559
7500563544 1673823
7600293343 1427038
7700309467 2047063
7800207994 3343457
7900507371 1277414
8000396368 1683082
8100448498 2772589
8200136971 3316980
8300623564 3501928
8400257825 4060388
8500306255 2342949
8600372707 2867292
8700174172 1640022
8800342368 2479132
8900395239 2083867
9000452222 1936744
9100503753 2578366
9200167672 3968506
9300341879 3738518
9400298487 2322613
9500428931 2364910
9600448732 1364707
9700497391 2353048
9800515583 2471500
9900362293 1767532
10000381047 2374174
10100219424 3781899
10200211077 3762124
10300651283 2001193
10400487959 3463574
10500292868 1396277
10600287580 2161099
10700311058 3465596
10800525996 852935
10900412195 2132727
11000488480 2400261
11100245145 4088074
11200538585 2913911
11300356107 4028148
11400476399 2790996
11500353738 2490530
11600342296 1464839
11700337812 3397615
11800581391 905262
11900321490 2344489
12000702555 2851326
12100624238 3628388
12200329561 3578473
12300506771 2611302
12400231282 2664989
12500423704 1330924
12600361440 2296356
12700371045 3026036
12800583461 989523
12900291831 2744211
13000554688 2252053
13100299665 4122724
13200285538 3549335
13300382681 3098174
13400531298 3344785
13500382805 1551535
13600422236 2023924
13700401401 2951172
13800571493 1263791
13900596436 2753543
14000395745 3191107
14100505749 3496452
14200415511 3011140
14300371673 3153265
14400560012 3208747
14500556013 3410603
14600391233 3548259
14700541071 6867702
14800409790 1681209
14900418200 429964
15000420313 490568
15100552296 755346
15200654003 882289
15300530320 852916
15400681397 285127
15500424734 361406
15600529188 635405
15700642034 717408
15800563482 785961
15900496530 222444
16000625576 687413
16100562660 991997
16200714246 1274127
16300629085 1026156
16400406456 953860
16500584444 298026
16600688524 292835
16700557118 329311
16800441655 626425
16900617301 378561
17000704776 475957
17100694704 381446
17200822762 587699
17300516342 356298
17400394022 399656
17500636738 298278
17600576079 365210
17700693361 326805
17800555190 522178
17900462784 775006
18000721887 1089096
18100635976 844616
18200606423 794405
18300563368 237424
18400673599 325437
18500756161 370222
18600723194 731156
18700507545 425591
18800474464 534426
18900482424 1060282
19000534577 905085
19100529274 346399
19200677784 509215
19300453714 1015405
19400622039 766892
19500586486 187980
19600481286 393806
19700458796 2688895
19800631705 2273645
19900554523 2534359
20000443412 4251519
20100369285 1740131
20200533015 1669366
20300443127 2259994
20400438734 1994997
20500599669 3391162
20600729342 936208
20700695280 678843
20800448098 1195883
20900696922 2140862
21000803217 876453
21100813306 710506
21200870986 643254
21300832106 630301
21400840221 634790
21500857273 629042
21600816689 627372
21700867197 636164
21800885741 619016
21900846549 620637
22000832568 619287
22100622093 1185947
22200657891 3378701
22300702793 4423974
22400650622 2269427
22500639233 314439
22600628209 304159
22700596773 2483707
22800400228 2564167
22900638272 1357866
23000414278 834956
23100628055 2978165
23200758833 4690040
23300521778 3464622
23400611873 2696567
23500521664 2297854
23600367057 3360243
23700571761 2682731
23800499476 2627988
23900428042 2080346
24000437549 2724848
24100460142 5409526
24200650719 5268371
24300536373 947053
24400542215 2632684
24500730393 2826073
24600777754 333702
24700808711 3807686
24800738788 1491297
24900758422 632602
25000776151 656366
25100428255 1619893
25200811581 2255667
25300855773 739679
25400867873 619766
25500974389 565814
25600865922 560762
25700897299 543135
25800889284 552983
25900870283 537078
26000911584 531771
26100541146 1343536
26200774765 3524453
26300483820 2710648
26400644596 2690738
26500671468 334824
26600652050 348365
26700464908 3284144
26800479730 2338128
26900550970 3210177
27000493022 4616632
27100490294 2435192
27200710759 2729958
27300667152 4040414
27400463621 3457156
27500531669 3076294
27600618470 436653
27700585339 311310
27800595014 331301
27900781622 1367584
28000766453 486183
28100711966 709388
28200767163 1350510
28300721094 2336954
28400618973 3894293
28500737864 4036059
28600766648 902075
28700585514 3227748
28800813082 3006720
28900816401 259738
29000864306 260539
29100809831 3051067
29200846539 553461
29300825849 525002
29400743810 489580
29500870278 679322
29600694314 603921
29700489897 2677191
29800618018 2378630
29900547191 3619747
30000754534 2801901
30100882400 800537
30200920561 101911
30300891178 99185
30400890987 96943
30500904628 106086
30600927623 97400
30700860457 91418
30800933367 101002
30900531315 3697825
31000534612 2763583
31100637856 2973021
31200765094 2275907
31300586965 3418242
31400508088 2453974
31500573560 4260821
31600690134 2460082
31700554312 3130192
31800642912 6567457
31900586289 2382844
32000539315 2967710
32100583527 3701712
32200609825 3063018
32300539324 2975672
32400611404 3589341
32500932861 944270
32600552717 761836
32700701010 4690365
32800853189 1502905
32900865781 147885
33000899162 147789
33100897291 151062
33200900573 148239
33300721613 850075
33400595455 3662754
33500598168 3027384
33600686556 3033533
33700694841 1501414
33800690206 679248
33900581090 791654
34000650922 4058396
34100558778 3090340
34200560563 2518676
34300704922 5896773
34400710756 1631372
34500801626 953476
34600726184 1037554
34700643780 1408535
34800775007 4664419
34900648140 2616183
35000673669 2931117
35101073727 2876903
35201054394 525224
35300937388 90084
35400927128 84665
35500930595 112617
35600932521 80663
35700926214 136876
35800889984 116801
35900937328 80483
36000897675 62775
36100947312 86929
36200834874 2337752
36300685694 3919636
36400625401 2934485
36500641039 3458462
36600797612 3372942
36700683295 3225646
36800611503 3317393
36900674133 2905249
37000695422 2564392
37100779070 3300486
37200614672 3021581
37300748158 2942593
37400682106 2429504
37500915976 307774
37601075604 313915
37700929984 401887
37800909352 303343
37901002212 358102
38000722269 1430746
38100727089 883756
38200686401 3114696
38300791925 6036683
38400796916 372192
38500811338 332247
38600807726 349534
38700811058 311705
38800768350 315775
38900672358 1387870
39000908579 2239129
39100935082 363290
39200865202 1523642
39300865943 577317
39400809672 1901164
39501027581 2408292
39601006682 620179
39700845487 1483988
39800985641 562358
39900928517 556234
40000698373 1912044
40100671533 3818076
40200976619 1691753
40300984990 288829
40400974299 301578
40500948570 1752504
40600979185 383811
40700962450 301888
40800783683 2049628
40900752653 2221319
41001058724 2812950
41101097258 620661
41200706064 2670897
41300827748 3247973
41400792724 905927
41500842497 719049
41600786818 2774338
41700806562 3492018
41800780432 2964358
41900726639 3453575
42000755915 3260353
42100712288 3568254
42200731412 2600059
42300992868 3390767
42400862769 347151
42500776002 1324999
42600799868 3541208
42700952676 1252316
42800740710 1097254
42900798908 2596586
43000744095 2745880
43100716920 2975716
43200698083 3533592
43300685964 2692190
43400709954 5063704
43500763973 7458666
43600712784 9611981
43700721444 9258099
43800729769 9464501
43900720186 10440593
44000730708 9541904
44100795522 9771943
44200771844 9610384
44300760799 9185169
44400743723 9380112
44500787851 10240808
44600770058 9486383
44700849907 8793564
44800758790 9069916
44900751868 9494098
45000750503 9256940
45100749722 8788161
45200770586 8717583
45300862354 9423745
45400737486 9069895
45500757194 9219962
45600753896 10033984
45700755951 8806375
45800758285 9269898
45900762897 10160198
46000794767 9371334
46100766545 9714062
46200788281 8866499
46300769506 9706626
46400786489 10074785
46500791186 9090505
46600821800 10009326
46700765017 8945551
46800868327 9159950
46900752053 8213826
47000892714 7788631
47100790625 6830082
47200777387 6499785
47300780366 6336957
47400763711 6695310
47500801993 6839098
47600788462 7937766
47700843124 7392670
47800867502 7337568
47900837249 7174989
48000786009 7742173
48100895221 7370681
48200833397 8051432
48300875625 7877070
48400809135 8611811
48500802046 8021046
48600794937 8408625
48700784094 7951652
48800782072 8253110
48900808827 8227019
49000802476 8558359
49100806599 9008784
49200809775 7897519
49300784931 8462717
49400883223 9131788
49500806346 7085218
49600824290 8851185
49700895302 9351560
49800807788 8959643
49900799636 9284316
50000826626 8831130
50100881944 8381593
50200811235 9468850
50300824236 9176214
50400819432 10077756
50500804627 9554174
50600831529 9240812
50700834627 9956962
50800833847 9219805
50900830716 9434387
51000834876 9961263
51100830085 10165452
51200836437 10227519
51300847010 10403505
51400832006 9893067
51500835220 10097262
51600837558 9977749
51700845502 9941375
51800838111 9794506
51900866196 9397715
52000841581 9470481
52100850049 9657224
52200926166 9235637
52300859830 9278330
52400848606 9772416
52500859896 9238199
52600854328 9571657
52700904457 9269862
52800858937 9925690
52900865027 9437357
53000917278 9577854
53100962381 8528060
53200929640 9380037
53300863340 9695837
53400871958 9484988
53500900220 9680757
53600890004 9757252
53700862938 9421509
53800881729 9007906
53900881810 9443563
54001080426 9220495
54100935074 8333266
54200882574 9571642
54300876207 9204100
54400873150 9122857
54500943029 9587451
54600878143 9240818
54700892599 9092167
54800895055 9400684
54900895956 9952629
55000900680 9754058
55100947067 8989357
55200889798 9156178
55300901538 9555082
55400896932 9616284
55500988398 9949287
55601020030 9509220
55700956304 9621064
55800909171 9456178
55900932210 7064069
56000947227 1675904
56101102356 3588495
56201076982 387813
56300999314 1513051
56401054194 2396268
56501096795 244727
56601079022 259714
56701149870 236276
56801235293 3495685
56901028870 2466978
57001002413 3077030
57101212427 2595891
57201109388 2355747
57301089507 1858428
57400989677 1794190
57501093621 3313442
57601226990 1008346
57701022381 780280
57801311497 2321343
57901424671 563666
58001440478 375365
58101387687 331438
58201426519 324156
58301436807 309239
58401451247 325711
58501415170 317657
58601118483 493107
58701128600 1904272
58801194705 2946840
58901220417 3536299
59001132508 2875966
59101179443 320302
59201051742 1191682
59300964754 2153992
59400951680 1311422
59500935722 3305751
59601209360 3606754
59701249331 2929770
59801087677 3374078
59901125813 2151760
60001110600 3174398
60100984070 3015964
60201028555 1567206
60300933551 3909687
60400951452 5613683
60501076063 1695638
60601048844 2433599
60701255429 2157938
60800999216 964072
60901182463 3639567
61001180047 812672
61101212652 756358
61201413890 2525693
61301012717 625938
61401456013 446965
61501421106 267118
61601466919 248891
61701505552 250888
61801497286 250606
61901505094 244266
62001109162 989670
62101307649 3047378
62201024372 2371854
62301072278 2690509
62401193861 1473969
62501204152 333971
62601294150 2385320
62701344698 2393833
62801171006 3745414
62901052578 3589819
63001130884 2657532
63101106665 3574959
63201018792 3216928
63301143552 2588487
63401153872 316326
63501134132 313713
63601436648 930319
63701460580 293609
63801418254 426734
63901347363 1049847
64001256596 2300908
64101362928 2976625
64201326460 1282620
64301546603 4067322
64401337073 232225
64501333957 253052
64601339703 2554796
64701334550 531794
64801395154 512457
64901392799 614066
65001384396 587280
65101233785 2079437
65201181289 2433796
65301105167 3270339
65401457089 2817489
65501385592 98242
65601389014 95901
65701407903 94854
65801433685 104673
65901458068 90073
66001393537 100043
66101054471 1816657
66201027678 3415355
66301284171 3077109
66401043120 2934477
66501181708 2615582
66600993239 3086283
66701158584 3338072
66801037625 3028814
66901109552 6264878
67001065200 2045610
67101094049 3810519
67201077120 2867868
67301099154 3275953
67401160352 3428546
67501433900 748087
67601192620 1631824
67701363177 3826300
67801429705 136517
67901409170 140960
68001409600 142777
68101420683 140899
68201334486 1683428
68301095702 3326642
68401233377 2999827
68501216734 1870990
68601205009 679634
68701297242 1511667
68801250641 3322571
68901168525 3136897
69001070814 3962428
69101355005 3069659
69201330105 888342
69301264968 1121687
69401076341 1982398
69501235113 3785544
69601137219 2665077
69701384664 3421178
69801405411 540245
69901359205 84500
70001421716 104957
70101469480 85634
70201383865 122056
70301386889 129088
70401198000 136564
70501438536 201307
70601352703 103556
70701646901 3735393
70801148331 2475671
70901205683 3530807
71001356305 2660746
71101190055 3515722
71201203292 3148823
71301189396 2949499
71401107426 2661334
71501113492 3009628
71601191273 2870616
71701456621 2418148
71801430629 298294
71901582610 372776
72001396962 321826
72101418944 298539
72201231637 1217863
72301238095 893172
72401544924 3229944
72501320962 4022575
72601317528 379348
72701300532 385974
72801296170 362168
72901360634 869635
73001461937 2232338
73101444229 364889
73201388711 1357609
73301423241 566183
73401275054 2831224
73501525543 879175
73601341935 1331859
73701460905 560378
73801386073 534382
73901722306 1925614
74001622401 4024117
74101510364 444310
74201511076 253514
74301428193 1408128
74401496448 440367
74501682003 256606
74601219001 1851202
74701512641 3432056
74801549215 605508
74901305278 1863163
75001352078 3064975
75101278903 942324
75201337139 721702
75301209782 3433933
75401265143 2778440
75501231463 3262354
75601314816 3477703
75701206040 3132583
75801252653 2545900
75901371244 2723964
76001358088 363079
76101254351 2413239
76201401036 2439863
76301259264 960298
76401266447 2357675
76501205295 2930819
76601201293 3545893
76701263033 2795244
76801201611 4655810
76901209698 7006351
77001223344 9401557
77101222680 8855100
77201233833 8252826
77301227956 8490049
77401274728 8298539
77501224537 9898016
77601215430 8844787
77701233163 9136209
77801240776 8451808
77901231258 8186707
78001253385 9486939
78101247685 8839224
78201237127 9234370
78301242325 8778501
78401246628 8708219
78501251344 8590060
78601250399 8913926
78701239704 8682585
78801306367 8381428
78901247702 8991395
79001275885 8982247
79101269540 8748871
79201259683 9773365
79301237955 9286365
79401274288 9080372
79501266870 8473166
79601269784 8684853
79701293831 7517016
79801309174 8363324
79901267684 6164653
80001261607 5930852
80101473118 6303182
80201277667 5994482
80301256014 7417512
80401357683 6932055
80501414284 7414799
80601281488 8063452
80701261625 7092595
80801278253 7885687
80901285331 8955236
81001291246 7923205
81101356706 7887500
81201297118 9068855
81301378686 8231733
81401428445 7819815
81501279922 8088060
81601292750 8267478
81701289655 7612874
81801285994 8164850
81901292577 7381793
82001271046 8531807
82101301780 7711264
82201308649 7667860
82301320978 7686071
82401515499 8124256
82501315546 8851790
82601329518 9462061
82701311671 9419582
82801306462 8914176
82901353299 10014349
83001393802 9375002
83101321516 9204907
83201347905 8984820
83301314680 9557663
83401381671 9749685
83501316430 9630460
83601305967 9646433
83701363023 9583234
83801328228 9424640
83901325686 9360485
84001374805 9682014
84101331126 8421029
84201353454 9253227
84301324629 9133554
84401338462 9306686
84501325920 9052426
84601346390 9511234
84701356859 8793153
84801357193 9434946
84901354070 8657341
85001360715 7611246
85101339180 9472197
85201345780 9642660
85301377463 8721944
85401355704 8709053
85501458053 9105833
85601465499 8514065
85701369823 8306589
85801353595 9257506
85901427199 8138645
86001387956 8437778
86101360011 8745345
86201505785 8814890
86301417959 8913008
86401369974 8762684
86501390756 7265371
86601404403 2154683
86701554983 2485153
86801509493 1233082
86901517719 2240467
87001567034 247825
87101541183 256394
87201409026 1415558
87301559645 747116
87401714226 1080702
87501706909 764072
87601706947 865558
87701716029 355638
87801539717 381999
87901639260 806739
88001475196 1154401
88101766470 524482
88201695467 887381
88301891089 115811
88401411800 2938037
88501850924 2807572
88601576561 2843557
88701595315 2010814
88801549434 1988956
88901431127 2233472
89001720946 2843968
89101717125 2283563
89201701834 715124
89301491149 1663602
89401429126 1405769
89501893992 448595
89601940810 332769
89701900493 311120
89801938567 315564
89901870900 320222
90001945790 323927
90101919479 310090
90201596086 860045
90301433184 2421858
90401758731 3088955
90501585510 3563883
90601660601 1787801
90701677136 319494
90801546330 1379782
90901477707 2592516
91001658787 1415030
91101558281 4239116
91201657463 2756254
91301422180 3230204
91401529142 2451848
91501738080 3348539
91601578308 1808610
91701487896 3487222
91801496736 1697132
91901546563 5224200
92001678164 4648915
92101724334 876611
92201537722 3249431
92301727013 1120750
92401736159 3033793
92501780200 1796516
92601677097 728236
92701437269 1788104
92801815459 1505239
92901880022 593878
93001938720 346448
93101921305 247509
93201994557 238462
93301986850 235581
93402012538 238521
93501562316 367593
93601655390 2141026
93701479751 2465685
93801497172 2424427
93901565972 3109357
94001681282 334280
94101690704 332270
94201533191 3200713
94301414323 2577370
94401435649 3857659
94501493933 2994349
94601784496 3397802
94701868671 2863566
94801644591 3872099
94901623479 1377015
95001595246 301574
95101608017 316797
95201943930 943391
95302143925 276907
95401863173 327148
95501676920 943097
95601630080 2073856
95701784096 1975821
95801541449 2201580
95901808726 2948066
96001803541 251287
96101470655 955245
96201792770 1940823
96301824244 527731
96401784674 516618
96501877306 653297
96601904398 580223
96701536327 2808792
96801559873 2352448
96901737197 3808391
97001905828 1497379
97101888720 97191
97201844524 97310
97301838116 96949
97401920625 100635
97501871274 89158
97601923688 99332
97701616467 3600345
97801681589 3040346
97901801427 2505080
98001576128 3517303
98101610178 1846633
98201640365 4241208
98301599545 2403789
98401480914 4088664
98501574080 5522448
98601597222 2106309
98701535116 3705428
98801574737 2951730
98901595694 3078232
99001928914 2808628
99101902378 598529
99201580549 3533587
99301915973 1760868
99401858287 139311
99501948696 140320
99601881727 142586
99701868027 143919
99801643533 2833973
99901579431 3206556
100001743833 2956632
100101632038 1083588
100201668023 683700
100301672774 2753670
100401636043 2702717
100501642503 2928385
100601721369 5219468
100701718082 1486568
100801718509 1002696
100901753693 1182773
101001586777 3810376
101101597790 2312496
101201698482 3130389
101301902285 2419246
101401852443 331422
101501911206 75300
101601904612 119449
101701936910 83355
101801926313 135087
101901906637 116850
102001875771 167253
102101936325 170507
102201634321 1144331
102301792901 3606168
102401641663 2854717
102501671934 3350398
102601790340 2730215
102701657902 3202109
102801635551 3106746
102901714777 2933549
103001820432 3072855
103101645740 2958949
103201732024 2844287
103301853511 1416251
103401888439 302182
103501939170 390411
103601893597 295125
103702004430 357644
103801822391 1372477
103901619689 1506146
104001901954 5012753
104101749761 1394940
104201777327 370451
104301775622 386172
104401743119 346875
104501632973 1101895
104601894752 1996092
104701944701 367069
104801856917 1419980
104901821956 1212637
105002022160 2475721
105101970548 605170
105201954300 1324748
105301985582 546179
105401962924 533231
105501666605 3224864
105601924713 2751876
105701948598 344476
105801933667 253796
105901726396 1529900
106002061471 321403
106101647012 357501
106201715273 2730728
106302010253 2595423
106402058537 602501
106501672849 2646303
106601769937 2554563
106701777350 715850
106801779409 1866999
106901689140 2968801
107001777775 3093621
107101759702 3395978
107201713154 2663482
107301822849 3579536
107401709904 2932091
107501821697 1491618
107601887140 949460
107701717175 3578678
107801876640 736509
107901621111 1306107
108001841200 2415763
108101672604 3621841
108201664301 3382914
108301632930 3069994
108401655443 4677146
108501721735 8906729
108601797924 9635773
108701693121 8697681
108801680406 7720541
108901675989 8927105
109001700529 8855953
109101717828 9591284
109201705588 8995428
109301713179 8952866
109401729259 8119393
109501707121 8836438
109601742144 9208156
109701709776 8825362
109801723448 9737543
109901725763 8228014
110001731528 8811062
110101732476 9238231
110201722140 8778380
110301701740 8516076
110401758488 9219260
110501742568 8934144
110601733703 9293508
110701746127 10037153
110801741340 8975390
110901773540 9355176
111001797115 8613443
111101759915 8756047
111201755278 7421523
111301797609 8138906
111401810068 5968614
111501736777 6279875
111601759297 6161864
111701749712 6299410
111801836512 7660820
111901756573 7053674
112001753639 7343541
112101811526 7932972
112201868241 7623765
112301885069 7344390
112401757672 8495015
112501758881 8645852
112601754098 7893664
112701746036 8092975
112801757894 9036064
112901747853 8418285
113001772391 8309534
113101782512 7749542
113201817631 8340665
113301938096 7976627
113401770130 7957772
113501779322 7977763
113601754287 7873450
113701787921 7937326
113801777987 8127676
113901888922 8177708
114001916581 7161090
114101842949 8172082
114201797284 8156430
114301764665 8926432
114401778768 9222310
114501790775 9305068
114601859244 8858633
114701843164 9443980
114801859371 9567098
114901842172 9195465
115001790944 8843341
115101878601 9077380
115201921083 9622809
115301798163 9681116
115401799523 9511505
115501787172 9609242
115601827788 9477287
115701852796 9300816
115801854876 9367020
115901807095 9352137
116001785506 8511412
116101844513 9158772
116201811714 9015649
116301811724 9329512
116401812799 9183097
116501818527 9533163
116601803599 8514783
116701821508 9351519
116801892506 8435836
116901815566 8071815
117001825035 9331937
117101891938 9384126
117201953288 8796493
117301824682 8547165
117401830659 8759989
117501926344 8809765
117601876289 8487749
117701862240 8766235
117801976003 8280007
117901833926 8685567
118001820328 8887932
118101846542 8817049
118201847106 8911290
118301842557 8668631
118401859086 8621266
118501891248 6867125
118601966869 2424353
118702020664 2201860
118802002131 1265197
118902099606 2199759
119002009414 247305
119102023488 255977
119201855730 1556035
119301952261 3049497
119402172948 2842321
119502030540 2571080
119601947288 3589650
119702162481 1930080
119801970853 1414469
119901901299 2625400
120001951966 2904801
120102053498 2757404
120202119238 980355
120302178462 673101
120401986810 1708500
120502118342 1869210
120602504103 818627
120702302861 720265
120802289109 679568
120902309686 672228
121002314114 679762
121102261699 677773
121202338468 679688
121302331773 678288
121402336054 671832
121502315892 669375
121602011659 940469
121701908386 1934433
121801837315 3303802
121901986892 4029736
122002105890 1675338
122102112869 328073
122201976141 1388556
122301945182 2287360
122401952821 2193480
122501981439 895251
122602130361 1460670
122701897422 3862975
122801846081 3644570
122902108483 3215856
123002122944 3154812
123102058889 2364921
123201867183 3734716
123302022817 1670819
123402076625 3718688
123501971607 1551788
123601941049 3656550
123701947497 5427280
123801975087 4247478
123902172866 801876
124002133418 3346348
124102221110 1958618
124202199098 483698
124302129261 4486352
124402315379 1408055
124502229299 663869
124602275754 711869
124702048354 2314573
124802230894 1637067
124902364854 739243
125002380556 663010
125102360807 642919
125202377729 626716
125302369508 634667
125402379216 637379
125502365811 629825
125602202942 962368
125701995546 2455298
125801981903 2720566
125902047204 2932189
126002136143 1773846
126102151388 346749
126201927189 1420446
126302018966 2908762
126402194265 2038978
126502172548 4306662
126602227321 3953138
126702047617 1794964
126801999014 3650302
126902265254 3404820
127002387217 4160813
127102124052 2141938
127202101062 321832
127302090507 306313
127402281295 937204
127502240555 849276
127602308616 628711
127702194547 916056
127802243234 2628864
127902174714 3768954
128002067178 5073561
128101955270 2570225
128202230574 1281763
128302250851 3693786
128402538269 1431521
128502292988 241464
128602028852 479811
128702274117 2757294
128802335892 532631
128902272296 526828
129002265443 577004
129102377584 647432
129202025791 813498
129301980831 3049647
129402051992 2342941
129501994634 3426296
129602310839 2710575
129702342942 93471
129802392848 91343
129902357758 99166
130002361167 99242
130102379624 99304
130202334722 85654
130302352355 96105
130402419776 100401
130502024989 4705028
130602174721 3068657
130702057049 2497475
130802036196 3434401
130902096995 1985639
131002298209 3265794
131102266239 3590363
131202106648 2453252
131302075090 4499211
131402074816 5998987
131502079248 1576923
131602073252 3884179
131701983579 2668591
131802056956 2929132
131902116736 3187133
132002408592 3168988
132102414273 599858
132202280502 1988131
132302262661 4081215
132402581774 513782
132502324230 140975
132602412840 143406
132702365427 144436
132802411919 141081
132902260605 1963502
133002013301 3580896
133102010477 2531527
133202150720 3144163
133302176494 681883
133402159698 680185
133502087919 2657108
133602256359 2902627
133702093774 3332983
133802286622 3236865
133902269378 4444099
134002204099 1282460
134102240400 1078553
134202267407 1108543
134302046522 2564647
134402200698 3667228
134502065677 2722900
134602066098 3513355
134702381732 1520072
134802383265 290314
134902376532 88300
135002357539 102139
135102581667 90881
135202426044 108616
135302405367 125717
135402436278 115543
135502434824 61368
135602433531 82904
135702454635 112975
135802125238 4682869
135902136142 2417074
136002028203 3116460
136102115517 3365774
136202301863 2553429
136302070505 3596151
136402090593 3232482
136502191963 3133855
136602203792 2650416
136702133184 2624926
136802140607 3287960
136902146912 3250490
137002379476 1112705
137102358850 290846
137202576584 384430
137302384856 322817
137402385521 292260
137502211333 1106086
137602224426 902859
137702457946 2040386
137802188518 5726400
137902299610 1973595
138002303977 339255
138102283659 343992
138202281374 344616
138302284641 311163
138402240091 665289
138502444264 2784248
138602447860 360041
138702220563 421043
138802373692 1532908
138902247197 838347
139002247300 3049434
139102518170 864809
139202380395 796622
139302372427 1246268
139402435353 544989
139502420255 539344
139602141670 2906012
139702443683 3893072
139802563292 372312
139902411779 284790
140002338653 663840
140102463300 1281983
140202490462 282956
140302468778 291208
140402334190 2848315
140502521320 3355547
140602547089 620236
140702196815 1454412
140802222363 3234979
140902294262 1958877
141002305945 710809
141102371202 737032
141202168725 4109408
141302276243 2846069
141402172677 3453791
141502181648 3575204
141602150776 2183545
141702296426 4097910
141802211913 3018085
141902303423 1895455
142002358784 357865
142102227966 2171309
142202379420 3415992
142302349943 500554
142402196511 2043166
142502267546 1817915
142602261836 3685990
142702204007 3500198
142802220031 2969998
142902214636 4242613
143002218560 4976875
143102243489 9515081
143202215898 9251327
143302297225 9686114
143402209054 9646857
143502195584 9918493
143602215109 9686334
143702198198 9689742
143802216284 9480921
143902259511 9013827
144002228073 9395589
144102226965 10028759
144202225438 9729495
144302230523 8127679
144402227834 9801781
144502231541 8638500
144602302428 9266830
144702244723 8195434
144802284023 8771110
144902306188 8746298
145002264887 9211313
145102224407 8992457
145202229750 8624067
145302225225 9561330
145402276609 9832319
145502287668 9139208
145602250378 8688735
145702252324 9759000
145802268956 9471519
145902226439 9317447
146002245278 9131862
146102251244 8801859
146202244565 8253302
146302209811 7941033
146402251879 6939167
146502439052 6140290
146602324756 6433445
146702509042 6280684
146802305586 6580606
146902380878 7601768
147002285865 7277059
147102301497 6860978
147202280901 7327803
147302271829 7192627
147402273609 7872744
147502271846 7361637
147602278104 7768443
147702276378 8384693
147802254908 8463950
147902268229 8087813
148002303655 8354010
148102294594 8245286
148202269274 7750110
148302307901 8809218
148402298606 8202564
148502279159 8794711
148602308148 8698129
148702290821 7996486
148802284365 8447748
148902401884 9172837
149002309348 8005571
149102296169 7938144
149202303351 8959714
149302347135 9519512
149402286811 8715470
149502298578 9050268
149602286041 8771541
149702345298 8579074
149802299047 8863433
149902291012 9492725
150002315778 9419879
150102382167 9491957
150202373216 9571181
150302332713 9211324
150402310719 9646424
150502313565 9534081
150602325733 9097895
150702308279 9507799
150802338228 9747439
150902378390 9824853
151002386773 9787068
151102326779 10002408
151202335335 10065648
151302314024 9567647
151402340339 9904334
151502340238 9898123
151602343572 9890246
151702329324 9856763
151802372298 9507334
151902323175 9368270
152002340283 9714456
152102329658 9174272
152202367394 9292099
152302337204 9652715
152402333984 9245524
152502353721 9579142
152602440136 9250478
152702354453 9906116
152802447230 9379265
152902357056 9578681
153002345158 8551613
153102369256 9350905
153202343763 9609854
153302366630 9620799
153402365006 9639861
153502410595 9724788
153602365186 9547283
153702363575 8780153
153802372179 9495640
153902374328 9320190
154002416028 8351091
154102375609 9097866
154202366541 9330029
154302463026 8855644
154402482774 9410934
154502394799 9195413
154602394858 8956443
154702376109 9315790
154802387744 9781796
154902370177 9413573
155002387354 9219143
155102396838 8912588
155202392668 9648761
155302395449 9411851
155402380163 9740044
155502466445 9274221
155602399713 9666083
155702460945 9516452
155802394328 9457931
155902428530 7291148
156002429796 1695076
156102855883 3657322
156202575201 391196
156302480920 1516557
156402589990 2395502
156502623956 250293
156602577167 263899
156702609068 242744
156802716749 3487404
156902689972 2328738
157002406026 2911295
157102679454 2899940
157202599683 2380133
157302608586 1820564
157402441392 1690810
157502597874 3424150
157602724991 1067275
157702654687 810233
157802803737 2325238
157902890013 563477
158002899037 371978
158102947143 312417
158202877404 320711
158302921335 316192
158402921404 312392
158502934926 322808
158602784219 464363
158702449950 1851233
158802585171 2973221
158902788029 3564704
159002664323 2903636
159102635102 320429
159202483632 1184480
159302455440 2140482
159402433754 1307545
159502538868 3168155
159602845989 3729479
159702721430 2955833
159802575748 3360002
159902431320 2115791
160002587629 3241675
160102532479 2744626
160202488270 1830480
160302465580 3693587
160402491746 5670547
160502557376 1837922
160602592991 2404428
160702753420 2198657
160802431257 705711
160902646398 3899171
161002644935 855619
161102670778 777040
161202960403 2546102
161302864298 633363
161402901468 457085
161502960209 281647
161602979407 266364
161702866447 257846
161802982202 265091
161902973246 257058
162002683863 983817
162102527619 3008225
162202521688 2338250
162302554225 2728789
162402667122 1486880
162502831136 334840
162602825474 2365940
162702823100 2392515
162802829741 3714577
162902527744 3619892
163002587313 2611535
163102680798 3638006
163202477637 3137251
163302632202 2681497
163402652865 317504
163502624492 313914
163602885232 930757
163703037158 283872
163803021254 444332
163902821284 526241
164002760522 1536027
164102853352 2899090
164202803580 1275486
164302855960 4091141
164402846769 230240
164502783299 249087
164602824243 2546039
164702806725 529711
164802857039 524629
164902883768 618796
165002901299 593684
165102606428 1993798
165202623556 2499513
165302580951 3346749
165402845708 2882564
165502913634 95625
165602926794 96510
165702948351 95032
165802943463 103176
165902912611 90663
166002901774 99723
166102547595 1675418
166202734627 3481134
166302784238 3174539
166402620748 2781964
166502641630 2931816
166602866268 2965136
166702615872 3452944
166802638683 2897925
166902538309 6175672
167002551597 2095047
167102612417 4038975
167202566052 2859730
167302586720 3280726
167402654480 3350987
167502962472 893224
167602828683 1603290
167702714290 3768730
167802915932 275838
167902898206 141118
168002882886 142244
168102865997 140038
168202864049 1619868
168302593229 3313141
168402668208 2953366
168502699097 1994679
168602713839 680003
168702601470 1435274
168802823549 3346067
168902661126 3206940
169002541460 3582619
169102808812 3512157
169202820698 854417
169302739637 1111405
169402850593 1526906
169502676211 4246058
169602606545 2733463
169702832983 3465188
169802920740 563917
169902951378 87050
170002867477 100053
170102980677 88073
170202870137 120662
170302883076 127030
170402945350 134958
170502930115 194996
170603117454 98238
170703108412 3511925
170802690770 2591256
170902624220 3485600
171002654919 2706206
171102801329 3577289
171202665694 3123521
171302659681 2938485
171402659842 2581036
171502631067 3028372
171602661274 2899409
171702938137 2542600
171802901289 299169
171903123604 365362
172002927661 328987
172102884007 297443
172202764252 1195841
172302747654 895893
172402691260 3186166
172502815602 4053376
172602805063 390193
172702804328 391118
172802788340 361238
172902880330 884102
173002962976 2196312
173102945523 359125
173202885781 1336929
173302874046 563533
173402709208 2754663
173503049392 943988
173602724204 1318377
173702898169 569092
173802899559 535186
173902817747 1860552
174002827802 3988762
174102998085 590815
174202950616 255032
174302823021 1345053
174402970759 497882
174503181562 257595
174602694839 1805578
174703001473 3457180
174803032300 610010
174902685083 1675061
175002833536 3202718
175102810189 1002308
175202758797 724371
175302683290 3374609
175402737615 2803863
175502719867 3285700
175602774162 3496104
175702789546 3073433
175802735629 2599928
175902820090 2808732
176002836160 353402
176102737299 2206560
176202919030 2647093
176302723747 901278
176402755882 2385694
176502728835 2827452
176602710773 3565935
176702745986 2852426
176802701229 4612720
176902707020 6768123
177002767214 8819446
177102717548 8589335
177202811359 7962907
177302746684 7877828
177402737522 7880026
177502777078 9322057
177602730170 8433773
177703086287 8861547
177802748496 8014411
177902727232 7816929
178002731118 8901088
178102794309 8387995
178202751192 9269740
178302740451 7840322
178402739184 8409949
178502766895 8524901
178602761701 8221987
178702758153 8209717
178802746186 8501022
178902750312 8417125
179002756151 9058276
179102783697 9355549
179202807770 8520887
179302842385 8787018
179402966973 8157751
179502910522 8233282
179602777688 7241822
179702751621 7683582
179802824584 5748284
179902758501 6086405
180002823784 6059503
180102802026 6153597
180202766896 7082014
180302821244 6962298
180402771502 7401950
180502899223 7471954
180602762800 7040021
180702873859 8058951
180802783120 8358897
180902800841 7901581
181002771442 7918774
181102780679 8996481
181202789844 8489249
181302809151 8252128
181402803212 7724695
181502801510 8191867
181602875969 7858756
181702772926 7846917
181802793289 8167822
181902765252 7621999
182002794861 8024164
182102792085 8047360
182202791322 8049985
182302779833 7348684
182402805253 8038639
182502869432 8228799
182602801147 9015296
182702810379 9132743
182802887266 9112116
182902827831 8799167
183002844307 9460904
183102875360 9452533
183202825996 9126517
183302831871 8818807
183402810559 9065608
183502814234 9560621
183602815268 9586073
183702805990 9501427
183802867865 9376890
183902824803 9543281
184002804270 9238401
184102808405 9291283
184202813567 9270295
184302875460 8521137
184402859020 9070706
184502828518 9019298
184602984263 9221115
184702826842 8605586
184802904978 9137262
184902938151 8232186
185002816509 9227127
185102844150 8343538
185202877362 7516509
185302858830 9054356
185402875832 8893770
185502850046 8726902
185602855494 8188489
185702853643 8388372
185802866798 8542612
185902858370 8182022
186002850807 8604584
186102851201 7680279
186202918899 8531266
186302868009 8467480
186402852395 8811571
186502860894 8788970
186602864327 8643996
186702867552 8592085
186802864214 3621946
186903109604 3844917
187003049797 394867
187103059288 1440339
187203035649 1966739
187303087298 248580
187403039602 260299
187502857887 3198989
187602934288 2167572
187703324438 3147707
187803216903 3285471
187903156989 2119365
188003044116 2621833
188102918848 1551007
188203061079 1952067
188302912870 3707799
188403184191 2006695
188503108411 667496
188603145568 695634
188702905686 2631261
188803283206 1001406
188903293015 757908
189003320940 702939
189103331034 677783
189203291478 679209
189303345612 678587
189403352887 675755
189503346561 683088
189603313353 672658
189703357075 672440
189803338702 671187
189903101896 1158007
190002941511 2388593
190103175806 3343790
190203123257 4512763
190303094886 319623
190403247641 318392
190502988016 1569041
190602933936 2930382
190702977388 1884543
190802989025 410997
190903236195 2373083
191003008324 4945855
191102947570 3385332
191202881314 2645363
191303011101 3077054
191402988573 2374751
191503058605 3834678
191603190714 1808428
191702966639 2942014
191802981582 1768872
191903030252 5135471
192002910623 5602632
192103006587 1996068
192203012060 1784396
192302982800 3330077
192403204996 847031
192502999535 2188459
192603145142 3448852
192703252172 879257
192803139692 707739
192903204515 733173
193003285848 3109633
193103343530 879759
193203340557 700220
193303357855 655071
193403366500 643865
193503409353 632612
193603364031 638852
193703386009 633452
193803376052 629001
193903094487 1212161
194002984066 3130980
194103001978 2647440
194203197393 3365429
194303187441 344853
194403149326 349613
194503263020 2767858
194602958738 2048194
194703314365 3038175
194802953675 3837790
194903037375 3677666
195003213771 1990703
195103117870 4924098
195203363175 2550555
195303235474 3901763
195403157684 1018136
195503160120 315746
195603087608 340531
195703321789 1171154
195803426009 486635
195903311178 706847
196003373107 1704630
196103130770 3019717
196203135363 4348548
196303193366 4157635
196403323135 1871756
196503053051 2489988
196603325739 3531650
196703326031 232851
196803314968 239571
196903105127 2108691
197003330149 1225655
197103319304 525246
197203350399 538964
197303398003 659477
197403399689 592178
197503068897 2103401
197603179623 2561985
197703072599 3559044
197803299214 2614800
197903396140 1408774
198003349873 92644
198103374874 94950
198203686011 92609
198303430894 100811
198403357439 96466
198503358284 84779
198603151236 97797
198703092557 2340806
198803068782 3591015
198903152998 3138586
199003199733 2516039
199103107075 3198465
199203200334 1903665
199303062555 4294485
199403167602 2703004
199503072642 2953409
199603237525 5861562
199703078223 3534848
199803048940 2617975
199903090039 3548874
200003037480 2865263
200103076496 3371859
200203038469 2514749
200303420628 2352896
200403465784 595487
200503261905 4551595
200603361159 1703737
200703360636 141433
200803424123 142271
200903448153 144254
201003406938 139506
201103292662 505122
201203106031 3043173
201303109122 3432669
201403129806 2783373
201503198762 1847880
201603195665 674545
201703193640 692021
201803176609 3723152
201903100400 2585373
202003157442 3076770
202103134017 4952162
202203275322 2734436
202303343658 847220
202403209268 1034070
202503312463 1431090
202603095375 4315093
202703120039 2342972
202803137177 3033944
202903401198 3322627
203003438978 623377
203103203149 92061
203203466110 76500
203303405226 124644
203403455605 75598
203503475562 133865
203603494962 126742
203703432365 86645
203803428902 59558
203903441919 82383
204003173095 1738137
204103338189 4126466
204203157855 2950066
204303190411 3285152
204403247965 2589584
204503253306 3773457
204603113132 3154660
204703132045 2967686
204803163442 2599912
204903125851 3278731
205003132858 2843483
205103173612 2879523
205203336274 2770013
205303326175 294425
205403374145 298836
205503379769 400122
205603420946 296064
205703457090 299793
205803201432 1380035
205903238406 889439
206003265016 2864007
206103368855 5880374
206203306408 840502
206303303654 328540
206403304348 351443
206503295246 316462
206603288429 317872
206703412766 970666
206803430896 2494379
206903438926 363996
207003411755 1514844
207103382468 556398
207203560790 1698288
207303539430 2458232
207403457477 605930
207503397445 1445285
207603436288 554388
207703379089 533602
207803215945 1598170
207903188858 3736914
208003476850 1989407
208103486668 276358
208203531509 288476
208303481436 1591754
208403518791 374890
208503430326 289697
208603399059 1631303
208703283302 2104106
208803490815 2873291
208903540652 605907
209003217815 2539986
209103397244 3112497
209203315301 1040306
209303327481 715805
209403330343 2497405
209503196951 3222808
209603173459 3190296
209703186497 3127264
209803250146 3645798
209903261075 3156200
210003257370 2942380
210103263295 3543715
210203428640 467302
210303311163 1058970
210403244926 3520101
210503402529 1430510
210603402601 906666
210703273199 2731643
210803214121 2474433
210903242123 3153872
211003208612 3520352
211103231821 2568808
211203222802 5140193
211303225646 7184246
211403253939 9495568
211503239583 9234440
211603252665 9378769
211703244639 10057658
211803242767 9551504
211903337645 9785415
212003244012 9439985
212103279329 9132326
212203261498 9075621
212303247037 9989647
212403243842 9780040
212503234664 9165184
212603210499 8266722
212703262391 9585620
212803256031 9335016
212903297868 8735469
213003277986 8979746
213103265658 8786743
213203260973 9013040
213303353244 10044699
213403243187 8587469
213503250632 9213903
213603271127 10175298
213703264648 9482366
213803278707 9545054
213903273267 8695350
214003277394 10134635
214103268762 9320506
214203276842 9950582
214303297979 8828401
214403362905 9159749
214503432074 8296979
214603281192 7764512
214703341349 6824193
214803465928 6537631
214903335614 6396683
215003314509 6777856
215103276931 7006970
215203306035 8017924
215303357456 7692617
215403301193 7265631
215503311641 7614759
215603302951 7351177
215703295615 8111851
215803294034 7237596
215903300049 7788484
216003424637 8236943
216103302830 8891824
216203378084 8045554
216303293057 8243362
216403371917 8522247
216503433636 7874452
216603297888 8725284
216703286832 8412304
216803312328 9000834
216903331227 8916151
217003335722 8191847
217103346272 8467905
217203367194 9284546
217303340932 8191593
217403315599 7986860
217503322166 9008965
217603332023 9656931
217703322353 8856888
217803346497 9232407
217903319796 8860993
218003401279 8739926
218103337493 8928743
218203333229 9486927
218303362982 9387034
218403395803 9902698
218503333738 9355102
218603336190 9271403
218703362461 9655330
218803347002 9686360
218903447223 9258904
219003347983 9477544
219103350193 9770054
219203339072 9842255
219303352780 9835300
219403344547 9997488
219503347684 10051587
219603360445 9592630
219703346275 9954160
219803367693 9952205
219903395944 9835629
220003361309 9893295
220103369003 9507781
220203390881 9390338
220303417182 9796495
220403362096 9133730
220503364352 9298425
220603420531 9706004
220703413748 9378186
220803375440 9452506
220903369500 9279371
221003378864 9941122
221103368001 9410967
221203381849 9596708
221303370630 8703658
221403370921 9284592
221503383856 9615727
221603385831 9630128
221703392507 9661463
221803376290 9745129
221903411179 9570065
222003403185 8795638
222103450088 9533999
222203393138 9322279
222303498004 8465596
222403384893 9151500
222503408500 9528420
222603438922 9010134
222703456926 9578887
222803396386 9268229
222903401447 9096736
223003430246 9440899
223103409622 9846105
223203421397 9478020
223303420028 9458895
223403402065 9045537
223503399391 9723602
223603508131 9514391
223703411998 9985127
223803510436 9540053
223903422544 9631354
224003417663 9767469
224103452724 6184799
224203352475 1960172
224303686753 3350031
224403599111 383433
224503514343 1579357
224603594623 2312118
224703587684 239587
224803839688 264257
224903648758 407160
225003538426 3591478
225103771841 2653199
225203714221 2875063
225303899649 2448844
225403574209 2284575
225503482767 2031368
225603506181 2013780
225703612474 3077585
225803730426 948877
225903440940 960181
226003852382 2172447
226103943630 522085
226203904278 344504
226303972845 296402
226403953744 312458
226503964537 288111
226603993238 297298
226703991807 291361
226803657584 570498
226903483251 2069955
227003559658 3023467
227103751667 3677404
227203618481 2381577
227303685672 325385
227403536880 1225784
227503564204 2270621
227603483210 1292905
227703555498 3707150
227803632400 3325302
227903773486 2747984
228003605004 3334668
228103549302 2324128
228203621913 2962116
228303644964 3161109
228403513893 1547270
228503471629 4533358
228603471044 5175745
228703546292 1383443
228803778919 2841991
228903781734 1702413
229003579361 1549764
229103612597 3234760
229203790762 730780
229303478062 971299
229403871654 2359147
229503827354 631877
229603984310 397197
229703799563 256206
229803993371 247477
229903966073 243052
230004292296 244347
230104031728 233316
230203571067 1094568
230303541304 3129884
230403612685 2456707
230503730834 2812700
230603696992 1163317
230703701710 331955
230803490656 2643985
230903666173 2242986
231003467235 3843710
231103545873 3502898
231203563364 2926990
231303639776 3286323
231403514714 3474751
231503695096 2412655
231603807377 318433
231703660470 311774
231803945745 932952
231904194681 308726
232003825607 318684
232103685679 1185114
232203767628 1920577
232303579592 2840254
232403724816 1303128
232503861948 3988342
232603864483 232910
232703865056 248344
232803896359 2564748
232903871484 529258
233003750668 522996
233103917657 631283
233203916441 588245
233303773792 2146584
233403671779 2463453
233503637022 3305745
233603904164 2781111
233703926274 97657
233803910257 94460
233903920104 94806
234003936132 104520
234103935663 89456
234203897183 100542
234303883424 1951529
234403542921 3502820
234503814915 3054357
234603576072 3182866
234703694002 2496624
234803613984 3167935
234903651859 3311383
235003569446 3044112
235103604033 6281059
235203542824 2094354
235303620843 3772666
235403590597 2875589
235503591326 3281430
235603645658 3447347
235703972908 696787
235803653346 1703194
235903753087 3779196
236003928698 136926
236104178837 140692
236203883542 141383
236303900444 140467
236403847170 1705233
236503601685 3358546
236603715261 2995573
236703715013 1851144
236803793071 684376
236903832174 1529837
237003771306 3328944
237103751567 3169181
237203575476 4066606
237303813797 2987402
237403856964 905457
237503752656 1110070
237603584575 2094491
237703701525 3738861
237803659218 2659985
237903884864 3450024
238003900573 532991
238103948525 85079
238203924155 105489
238303947480 84482
238403966105 123066
238503941370 129753
238603953116 136457
238703959562 200446
238803972358 102957
238903601898 3746125
239003653985 2510337
239103672611 3530224
239203718167 2659352
239303711588 3510641
239403666144 3171843
239503682104 2966590
239603616382 2839312
239703626160 2891440
239803670937 2853396
239903955872 2383750
240003969169 299017
240104091453 357908
240203923833 320877
240303942215 297497
240403736837 1228235
240503729953 891032
240603969684 3309078
240703811675 4081435
240803832718 383881
240903807215 387422
241003795332 360343
241103862161 866381
241203941129 2216152
241303932918 367038
241403888402 1370601
241503927649 566389
241603758415 2828605
241704049439 878563
241803873923 1345627
241904108445 556457
242003942470 532921
242104218149 1936939
242204111378 4045176
242304015047 444043
242404014443 253687
242503966219 1404678
242604203400 441957
242703973524 255294
242803734272 1845634
242904073823 3448699
243004082440 603303
243103979815 1880277
243203867496 3058212
243303845387 947835
243403870354 723234
243503716437 3456079
243603802289 2780713
243703740320 3275364
243803795675 3471499
243903721583 3156979
244003731373 2543669
244103890725 2713352
244203791658 372293
244303737099 2469417
244403939768 2387777
244503746452 958826
244603769449 2350224
244703829361 2951090
244803707341 3550376
244903783436 2796647
245003720698 4682481
245103740534 7093945
245203737851 9394161
245303738353 8688856
245403785601 7708197
245503736345 8511746
245603748507 9267598
245703747150 9203193
245803740842 9279606
245903768031 8100510
246003802133 8187019
246103752369 9198250
246203758940 8623092
246303743048 9715838
246403767343 8092322
246503761146 8660792
246603762084 8635712
246703766661 8607834
246803835229 8244756
246903766197 8791078
247003763923 8736644
247103771965 9427203
247203795814 9668540
247303767526 8740726
247403768775 9138483
247503901028 8284602
247603803851 8398133
247703774602 7301251
247803853613 7819962
247903772824 5564045
248003885092 5993004
248103821309 6020702
248203903513 6063450
248303954354 7317890
248403828097 6898835
248503904288 7667070
248603785331 7589266
248703852264 7020206
248803866241 8337163
248903787515 8615951
249003918774 7795926
249103808190 8306358
249203869640 8684762
249303871420 7878163
249403875719 7782127
249503812369 8310993
249603780437 7505339
249703969955 8057912
249803860242 7952486
249903813487 7662508
250003888338 8550128
250103810779 7952258
250203941002 7815360
250303807268 7624073
250403815374 8326525
250503810748 8406481
250603768829 8946853
250703902286 9279809
250803794119 9199441
250903836415 8868487
251003833016 9605803
251103827656 9391048
251203816008 9221710
251303834918 8887778
251403846458 9115180
251503836942 9589014
251603892108 9599530
251703825642 9571567
251803869085 9468290
251903842543 9550873
252003848738 9333382
252103894916 9222244
252203919472 9200752
252303887634 8738727
252403844780 9225636
252503845887 9042272
252603851653 9129578
252703929489 9061311
252803853180 9584108
252903897725 8453235
253003861723 9300338
253103847338 8429915
253203922494 8202611
253303855601 9341088
253403836686 9271133
253503874706 8567675
253603871850 8860857
253703857266 8803119
253803871038 8746066
253903872375 8620010
254003889184 8579590
254103886681 7957445
254203942938 8804623
254303864232 8740162
254403872678 9069313
254503868911 8767046
254603876040 8460325
254703889100 4901416
254803867241 3469889
254903975807 1072440
255003928294 1373248
255104005633 2061542
255203986736 245144
255303997006 257321
255378021147 1478987
