100335653 60455
200320462 89123
300334290 121458
400317086 155096
500332345 190583
600328371 226369
700324615 263186
800331948 299888
900318536 336981
1000324445 375768
1100329364 413830
1200324224 452216
1300322047 491314
1400319237 531833
1500333482 570573
1600343648 609709
1700335968 649576
1800333749 690185
1900346971 730599
2000344450 771914
2100501993 812322
2200352607 852637
2300338852 893635
2400332063 935351
2500352419 977854
2600349928 1019809
2700346874 1061710
2800344387 1104350
2900338193 1146718
3000358785 1188934
3100354173 1232251
3200368686 1274679
3300364350 1318249
3400353525 1360888
3500372613 1405597
3600349435 1449190
3700374512 1493299
3800361802 1536810
3900359070 1581356
4000370868 1625631
4100373719 1670857
4200370727 1713861
4300369100 1758032
4400388906 1801439
4500372666 1845526
4600382012 1890709
4700373881 1934908
4800379078 1979565
4900386778 2024874
5000380175 2070622
5100383212 2116249
5200390423 2161721
5300376119 2207124
5400396755 2252604
5500380952 2298049
5600380162 2342598
5700399051 2388199
5800391505 2433995
5900378466 2478654
6000403260 2524383
6100402775 2570249
6200399991 2615886
6300391440 2661432
6400397942 2709846
6500403168 2757990
6600400915 2804955
6700412769 2853564
6800405350 2902048
6900409093 2950046
7000413499 2998793
7100630805 3045730
7200427732 3091705
7300406953 3139312
7400423551 3187566
7500418044 3234471
7600415611 3281581
7700401853 3328799
7800430084 3374900
7900427773 3422422
8000422212 3469718
8100429851 3517032
8200431749 3564528
8300435996 3611708
8400418031 3657880
8500381246 3708217
8600520099 3756003
8700385902 3817049
8800390826 3871434
8900429554 3929269
9000389817 3974057
9100412186 4025404
9200439219 4077059
9300444387 4118758
9400453855 4159880
9500438052 4200817
9600454458 4239133
9700453601 4278865
9800441106 4319262
9900451631 4360375
10000464443 4401162
10100457185 4444445
10200445002 4485841
10300457448 4528035
10400471127 4568966
10500460257 4611241
10600476993 4652414
10700453191 4694684
10800456050 4734084
10900480354 4773766
11000480466 4813166
11100464874 4853606
11200467615 4893634
11300487641 4933472
11400476918 4973883
11500489761 5015239
11600467117 5057697
11700472051 5100304
11800471968 5142650
11900487730 5184293
12000488411 5228492
12100463577 5272491
12200482653 5316784
12300496731 5359627
12400310657 5402427
12500497667 5442626
12600501081 5486704
12700503884 5525002
12800508999 5562336
12900503559 5598549
13000519575 5636464
13100513559 5673702
13200506068 5712136
13300513691 5749070
13400507723 5785050
13500506800 5825219
13600501931 5864361
13700512870 5907298
13800496678 5950541
13900512125 5991222
14000515959 6035789
14100518571 6076831
14200525970 6117765
14300527474 6161083
14400508738 6204857
14500512310 6240856
14600461528 6274204
14700530890 6304483
14800507959 6340170
14900436352 6378896
15000509196 6417204
15100518405 6458042
15200526964 6498070
15300476122 6539662
15400561129 6579159
15500538008 6619528
15600552305 6654302
15700548953 6687240
15800536762 6724816
15900551212 6763492
16000577096 6800389
16100565537 6839635
16200576561 6876095
16300572137 6915310
16400565357 6951335
16500540968 6986305
16600722863 7023366
16700554590 7063992
16800554866 7106110
16900578261 7140322
17000568234 7173780
17100722831 7207819
17200384840 7244415
17300708102 7279871
17400572999 7322262
17500727988 7364163
17600580295 7399602
17700586247 7431677
17800560307 7472720
17900546057 7514762
18000703752 7554204
18100582933 7596056
18200584025 7635740
18300580213 7677041
18400590221 7716463
18500713668 7757784
18600586594 7801474
18700602043 7844257
18800591892 7887084
18900589751 7930056
19000711804 7971236
19100571930 8008519
19200604628 8050302
19300593358 8095904
19400566831 8141838
19500606811 8188659
19600583322 8235983
19700580542 8283085
19800600226 8330928
19900597350 8379274
20000606352 8426860
20100605011 8473932
20200608127 8522033
20300599750 8569712
20400596467 8619294
20500605084 8666040
20600608024 8713992
20700622285 8761856
20800621743 8810025
20900604015 8858277
21000621343 8906446
21100616264 8954228
21200615495 9002674
21300620531 9049985
21400624585 9097329
21500629080 9145168
21600624916 9193080
21700795552 9240880
21800629858 9288946
21900623465 9337546
22000614798 9385041
22100760940 9432125
22200629275 9478866
22300621361 9526752
22400632536 9573676
22500631341 9620890
22600633308 9668904
22700641504 9716623
22800627686 9764123
22900631745 9811158
23000647794 9857965
23100634000 9904863
23200652286 9951480
23300649365 9999504
23400653449 10046771
23500642438 10094510
23600640824 10142261
23700641050 10189391
23800661692 10237804
23900655511 10285819
24000650975 10333490
24100661069 10381045
24200665295 10428470
24300660297 10476715
24400651666 10523572
24500655143 10572102
24600672718 10618787
24700657032 10667050
24800663180 10714499
24900677980 10761937
25000630173 10812977
25100793175 10860709
25200691993 10907528
25300674505 10954744
25400661167 11001363
25500647244 11048791
25600656866 11096524
25700671736 11144444
25800693511 11192876
25900671783 11240166
26000686431 11286955
26100691139 11333438
26200680619 11380483
26300686206 11427415
26400699038 11474873
26500699682 11522670
26600705516 11569418
26700698476 11617614
26800712389 11665752
26900699758 11713610
27000705885 11760623
27100702725 11809017
27200700030 11857421
27300711935 11904496
27400700703 11952666
27500709482 12000080
27600719372 12047899
27700875342 12096384
27800705623 12145259
27900719987 12193868
28000716735 12242193
28100723550 12290743
28200722624 12338386
28300721972 12385842
28400732117 12434050
28500721130 12482160
28600725177 12530224
28700715426 12578171
28800750151 12606497
28900750998 12631496
29000743066 12656312
29100764817 12680453
29200740053 12709629
29300710282 12741274
29400763724 12776106
29500756277 12810063
29600695263 12954947
29700680074 13086393
29800679712 13221539
29900703529 13355180
30000688174 13494161
30100687450 13627300
30200685520 13777848
30300686028 13929290
30400698550 14076541
30500699950 14202286
30600696243 14347946
30700695500 14497931
30800671585 14633292
30900689990 14752509
31000464459 16081273
31101206025 18448149
31201186392 18496968
31301193997 18545734
31401191305 18594545
31501185460 18643336
31601187410 18692130
31701200534 18740909
31801197412 18789686
31901195755 18838460
32001203452 18887252
32101192779 18936058
32201201210 18984832
32301193762 19033637
32401192450 19082410
32501192489 19131200
32601238026 19179999
32701231091 19228763
32801215312 19277542
32901208274 19326310
33001228726 19375114
33101211780 19423876
33201240536 19472675
33301220344 19521443
33401236249 19570216
33501237934 19619022
33601221350 19667789
33701182907 19716585
33801231073 19765382
33901233377 19814191
34001230348 19862969
34101262435 19911764
34201248015 19960527
34301228223 20009310
34401256211 20058115
34501259940 20106913
34600810818 20155505
34701082689 20204394
34801241631 20253305
34901262636 20302124
35001069472 20350788
35101097950 20399595
35201243012 20448424
35301252401 20497218
35401258047 20545996
35501246259 20594782
35601226018 20643545
35701377331 20692413
35801251254 20741155
35901109781 20789878
36001114948 20838705
36101393073 20887604
36201267711 20936347
36301263661 20985120
36401118483 21033860
36501270944 21082778
36601282624 21131592
36701306789 21180417
36801661954 21229343
36901275223 21277956
37001303240 21326732
37101281814 21375516
37201291744 21424293
37301278684 21473082
37401287219 21521847
37501282389 21570634
37601305303 21619451
37701294859 21668226
37801284162 21717020
37901321184 21765787
38001289983 21814577
38101287330 21863341
38201304700 21912153
38301290959 21960924
38401310412 24626975
38501302085 24675711
38601338922 24724493
38701282166 24773256
38801306474 24822047
38901302434 24870786
39001338957 24919584
39101308539 24968359
39201310696 25017160
39301308794 25065914
39401346425 25114716
39501318581 25163496
39601402214 25212293
39701316024 25261047
39801322263 25309806
39901346174 25358598
40001757849 25407589
40101313703 25456114
40201322169 25504910
40301333723 25553673
40401344492 25602474
40501328335 25651234
40601332387 25700025
40701339829 25748785
40801340351 25797561
40901364191 25846454
41001333638 25895209
41101342305 25944001
41201351633 25992779
41301691227 26041735
41401370837 26090377
41501357481 26139184
41601342259 26187964
41701280941 26236701
41801357913 26285494
41901348180 26334259
42001381246 26383092
42101358115 26431846
42201356774 26480651
42301367160 26529446
42401362381 26578239
42501356130 26627005
42601364500 26675771
42701359722 26724562
42801357980 26773322
42901377256 26822134
43001754854 26871093
43101366736 26919714
43201366095 26968486
43301371700 27017273
43401410486 27066033
43501374044 27114777
43601371426 27163566
43701381825 27212324
43801403263 27261119
43900984776 27304683
44000932627 27332387
44101120379 27375725
44200958174 27433046
44300964730 27497562
44400992521 27574058
44501070948 27639175
44600993314 27696083
44700990023 27765371
44800958258 27890631
44901027502 28045825
45000917729 28230184
45100888420 28439673
45200915730 28682982
45300903141 28941263
45400879779 29226144
45500869544 29528011
45600877866 29855215
45701051272 30198704
45801069259 30555925
45900850590 30932341
46000841386 31318402
46100873931 31701059
46200863264 32097411
46300908334 32508070
46400860428 32925348
46500884960 33355081
46600839818 33783881
46700840187 34244216
46800858926 34713200
46900853457 35175740
47000856969 35659275
47100851777 36113258
47200851838 36583393
47300876949 37064644
47400861011 37539986
47500869970 38025183
47601056908 38526321
47700852468 39033204
47800850994 39540714
47900861369 40062155
48000844512 40598515
48100882428 41129408
48200884177 41665680
48300876791 42204800
48400869206 42747458
48500999318 43314775
48600840632 43889496
48700866575 44471253
48800867367 45053107
48900854987 45635912
49000890599 46228033
49101028041 46834292
49200839013 47440644
49300885992 48029006
49400858773 48626327
49500896290 49236354
49600875667 49840397
49700872341 50441281
49800875113 51052026
49900935869 51664317
50000902854 52272677
50100861234 52883143
50200872414 53519420
50301102273 54172956
50400902101 54825281
50500903283 55469058
50600872585 56119493
50700872332 56748671
50800920159 57397110
50900926508 58032751
51000936612 58677474
51100899547 59301845
51200917027 59918508
51300887163 60562730
51400896742 61218396
51500880633 61891279
51600911248 62556605
51700963282 63223196
51800929817 63883430
51901141872 64558701
52001136010 65226506
52100874021 65907816
52201006244 66586878
52300899573 67268343
52401043601 67960929
52500874032 68659967
52601133175 69346868
52701146316 70055336
52800892964 70754722
52900891380 71476905
53000897937 72196506
53100938167 72913808
53200924292 73615610
53301156465 74363202
53401150643 75101752
53500901353 75827765
53600993580 76491367
53700927864 77184055
53800911876 77890060
53900922469 78584656
54000952583 79299805
54100931294 80000639
54200971573 80697339
54300911590 81411210
54400911204 82131693
54500911376 82846539
54600902544 83584137
54700955070 84273546
54800946380 85025034
54900913316 85788947
55001186219 86556608
55100928246 87330305
55200918740 88105966
55300958539 88868251
55400929764 89619210
55501170272 90365383
55600933768 91119873
55700973728 91878521
55800964006 92629897
55900936175 93387891
56000951007 94150554
56100940413 94908308
56200936643 95674569
56300946644 96448133
56400943911 97215540
56500958047 98006828
56600942355 98803374
56700963537 99606148
56801211524 100412640
56900957382 101201608
57000997660 101981108
57100975710 102782919
57201201002 103564008
57300959813 104364821
57400945003 105188390
57501006028 106004961
57601200707 106784335
57700967229 107605965
57800973838 108425427
57900949022 109249878
58000967471 110069590
58100973327 110874580
58200966731 111708219
58300961663 112539669
58400960651 113363168
58500976414 114182839
58601087135 115020584
58701013812 115834791
58800996639 116670866
58901054786 117504480
59001245476 118324949
59101080656 119115809
59201009404 119952655
59300996489 120792929
59401006310 121619466
59501229416 122449279
59600991927 123295310
59700983457 124138866
59800968447 124980881
59900988505 125831707
60001010703 126652077
60100997317 127499157
60201079875 128348973
60301018712 129198699
60401005102 130034271
60501007511 130892556
60601248163 131744353
60701021779 132584184
60801008331 133423147
60901024388 134268835
61001027245 135127250
61101017457 135986969
61201002666 136824846
61301152659 137672868
61400999605 138518070
61501023528 139383510
61601014430 140254568
61701267706 141112718
61801028625 141968899
61901157062 142798294
62001017484 143643003
62101028973 144493075
62201035261 145331986
62301030030 146169335
62401068762 147020941
62501041027 147874881
62601032818 148718963
62701202528 149541884
62801187515 150397763
62901066346 151224432
63001097135 152063813
63101023066 152921079
63201050621 153784558
63301043231 154656570
63401045792 155497344
63501068790 156368347
63601055522 157220744
63701080045 158065296
63801306145 158912246
63901298565 159770030
64001070837 160627014
64101057211 161493732
64201048229 162349693
64301061279 163223411
64401065112 164091085
64501093127 164923200
64601081002 165769820
64701064292 166630104
64801049032 167483319
64901194111 168341758
65001062819 169189763
65101053503 170042313
65201071388 170899235
65301081536 171771696
65401087429 172637933
65501083878 173498686
65601177360 174359694
65701075413 175217843
65801059662 176082024
65901068062 176952718
66001136159 177787264
66101086638 178660419
66201090448 179509470
66301082910 180374269
66401341581 181242389
66501109601 182095851
66601116584 182957178
66701091404 183837260
66801112981 184715802
66901085748 185587660
67001121657 186456252
67101103089 187323091
67201093390 188187623
67301115136 189058161
67401112636 189912448
67501105140 190765370
67601093807 191621983
67701114776 192488509
67801113227 193340101
67901379260 194205524
68001137669 195073343
68101138130 195919444
68201128110 196776010
68301120201 197649981
68401128415 198490342
68501111934 199342980
68601137805 200201821
68701133377 201054294
68801139719 202040449
68901113876 202893488
69001372063 203730967
69101104294 204580309
69201243611 205449414
69301120541 206301292
69401306564 207132768
69501154027 207985873
69601142250 208829633
69701592999 209686368
69801132306 210535636
69901271837 211402625
70001151113 212219612
70101151342 213068776
70201162484 213902691
70301158851 214741169
70401155170 215579460
70501333854 216434993
70601229078 217291428
70701184090 218144218
70801152354 218992758
70901411481 219845462
71001420515 220697958
71101179670 221535772
71201151475 222358964
71301183272 223189003
71401149192 224007691
71501209764 224847966
71601184811 225661489
71701452166 226479764
71801152237 227323542
71901157947 228164557
72001379161 229032261
72101432204 229860659
72201425744 230693870
72301185199 231535934
72401233034 232384767
72501162882 233218393
72601225152 234048984
72701559529 234880454
72801199029 235722868
72901200203 236570237
73001464353 237392509
73101188919 238236556
73201223082 239089316
73301184044 239925677
73401181263 240753996
73501203056 241594244
73601182546 242442713
73701191030 243294919
73801186042 244121689
73901233019 244984751
74001194501 245817975
74101457513 246666078
74201452391 247526509
74301303342 248358079
74401213935 249189288
74501189981 250029151
74601226574 250896041
74701215814 251748747
74801227610 252563971
74901214120 253394977
75001208631 254207970
75101294746 255018539
75201206595 255869315
75301237313 256719407
75401243489 257552074
75501222087 258393347
75601244762 259240458
75701259948 260071278
75801211035 260895445
75901227061 261754420
76001233391 262592300
76101240985 263442585
76201231599 264282461
76301243980 265141330
76401242814 265983818
76501255399 266807641
76601237721 267546256
76701223855 268364420
76801241187 269189253
76901250410 269998000
77001223737 270822307
77101257883 271644911
77201254539 272475678
77301261614 273311165
77401424154 274174541
77501248980 275034553
77601234539 275878432
77701321060 276708175
77801265521 277558271
77901241969 278407725
78001510303 279237067
78101281100 280051433
78201280554 280858520
78301259212 281836648
78401246302 282702657
78501269976 283536505
78601269158 284401204
78701252360 285256275
78801273036 286112117
78901267410 286955590
79001303257 287795240
79101261587 288607394
79201271340 289469794
79301269730 290306144
79401272885 291149802
79501324134 292001884
79601304578 292846046
79701333249 293676773
79801358062 294492894
79901428424 295286953
80001302049 296076417
80101303585 296876318
80201297570 297665846
80301316881 298462914
80401549063 299262243
80501233879 300085512
80601557050 300906642
80701300547 301766880
80801340603 302598157
80901475067 303451471
81001331246 304302555
81101300131 305143623
81201310589 305969610
81301297948 306831411
81401582115 307687005
81501450430 308539925
81601313705 309322151
81701348852 310139396
81801299211 310985531
81901321243 311836336
82001570069 312698920
82101320542 313531039
82201439462 314376409
82301292924 315241529
82401348757 316100785
82501339195 316953472
82601576557 317797479
82701335694 318640465
82801322097 319460569
82901386937 320268417
83001339303 321078474
83101360851 321897829
83201348245 322739270
83301354867 323556935
83401330079 324423547
83501340323 325257272
83601341724 326104555
83701391453 326943091
83801587671 327770041
83901393175 328612585
84001342657 329467124
84101351592 330265878
84201352790 331103012
84301361106 331923364
84401385471 332735942
84501349908 333578693
84601366295 334401248
84701620849 335230196
84801358809 336069662
84901382716 336895826
85001357517 337735566
85101351238 338579473
85201397542 339431269
85301632249 340289212
85401367117 341165199
85501358252 342015449
85601383469 342867965
85701390451 343717252
85801398235 344559094
85901375099 345405405
86001406642 346231831
86101389802 347058009
86201392803 347875417
86301384379 348694188
86401633046 349525540
86501392178 350357454
86601378079 351219349
86701386967 352093685
86801422264 352928904
86901394467 353784880
87001426302 354627612
87101408545 355466453
87201544600 356306179
87301656854 357165192
87401427726 358003825
87501411453 358988622
87601405660 359827035
87701424990 360663068
87801426702 361474627
87901658064 362317778
88001417896 363165175
88101423122 363890017
88201414705 364741063
88301424506 365548541
88401667277 366349031
88501420685 367146714
88601624339 367938966
88701410503 368745245
88801439417 369541024
88901406524 370335879
89001443808 371150706
89101459771 371960895
89201690730 372760540
89301452224 373557026
89401450384 374369313
89501447337 375183280
89601423320 375997154
89701441556 376826887
89801452993 377648043
89901461038 378494259
90001454479 379340604
90101452158 380203894
90201429578 381051329
90301441946 381905869
90401496436 382743879
90501458136 383581164
90601448803 384411679
90701460924 385231102
90801448156 386060542
90901702623 386879121
91001465085 387709775
91101487918 388544110
91201460588 389402701
91301456029 390240481
91401465590 391091182
91501460507 391914431
91601465735 392754205
91701467748 393552132
91801708399 394310053
91901499707 395095064
92001487810 395886569
92101491702 396662010
92201490948 397480182
92301551128 398305552
92401481670 399139273
92501461269 399942201
92601476680 400756930
92701470763 401581100
92801488324 402420705
92901740005 403256262
93001508150 404106924
93101462838 404946884
93201479216 405784978
93301489244 406568035
93401498295 407413854
93501494941 408256261
93601486893 409104312
93701487071 409960660
93801483305 410759968
93901481342 411554678
94001539541 412358974
94101510726 413176041
94201497967 414028531
94301495097 414866123
94401508006 415729399
94501511377 416578047
94601542574 417396884
94701498989 418258692
94801507256 419083399
94901556838 419909213
95001504971 420683080
95101519401 421447321
95201528951 422232950
95301510127 423025769
95401585033 423831583
95501516582 424669181
95601517931 425499877
95701511152 426345007
95801510958 427199477
95901526884 428035627
96001535899 428862730
96101554862 429690992
96201663443 430510301
96301785417 431346077
96401521231 432179014
96501546167 433029381
96601543088 433884385
96701780116 434711861
96801542595 435667423
96901532032 436490690
97001558154 437307111
97101531145 438176835
97201541432 439019192
97301540743 439873271
97401542531 440704216
97501554114 441543132
97601528640 442384029
97701570890 443220264
97801591785 443994245
97901558031 444804298
98001820285 445618835
98101543788 446454921
98201556692 447288206
98301558495 448140401
98401557245 448984365
98501605067 449817076
98601558241 450670953
98701599637 451524277
98801579647 452351231
98901558831 453197250
99001567352 454031029
99101554701 454880176
99201587473 455700891
99301568282 456530960
99401570116 457367603
99501603467 458206263
99601605428 459012882
99701579807 459833212
99801835347 460674902
99901597881 461510728
100001591199 462326701
100101567410 463171100
100201666770 463989422
100301910557 464756578
100401597526 465552666
100501640589 466329465
100601584105 467113982
100701607714 467917572
100801912365 468712359
100901643488 469518237
101001633002 470320196
101101600856 471131630
101201613802 471936697
101301612961 472735203
101401618132 473556196
101501627314 474367997
101601732554 475181337
101701870689 476002029
101801647665 476793151
101901614148 477599753
102001642186 478415731
102101637881 479261636
102201602986 480074980
102301788715 480922963
102401620168 481746170
102501617220 482572629
102601627454 483415015
102701617924 484242577
102801885641 485092148
102901652043 485926658
103001637270 486745400
103101657211 487590059
103201622121 488430313
103301624086 489268207
103401625384 490110791
103501658677 490900035
103601641844 491695559
103701656844 492505844
103801628226 493328047
103901678356 494143326
104001662173 494928313
104101672870 495729730
104201651789 496535720
104301673660 497343722
104401666448 498154794
104501642689 498980727
104601671416 499805180
104701669850 500594585
104801692053 501399370
104901877056 502228519
105001764568 503080519
105101679374 503928882
105201658295 504770437
105301663621 505619055
105401926467 506430897
105501667257 507241897
105601675645 507996193
105701687972 508809771
105801663703 509662148
105901690701 510535408
106001678743 511377712
106101692721 512237042
106201664489 513217634
106301684183 514041428
106401766231 514890581
106501705509 515736398
106601683193 516589575
106701716146 517431667
106801681880 518273235
106901715754 519116861
107001684080 519951625
107101678876 520724704
107201940346 521515990
107301705183 522310141
107401746323 523095268
107501691404 523882824
107601704111 524683504
107701855759 525484980
107801703880 526295967
107901957593 527105345
108001733257 527910572
108101700384 528729680
108201690697 529584744
108301711834 530428970
108401710843 531277841
108501977682 532135963
108601700727 532969421
108701716139 533824270
108801715911 534668871
108901733843 535496968
109001730008 536334763
109101720843 537185949
109201723638 538027880
109301721230 538855835
109401723102 539697301
109501726608 540549223
109602057539 541338754
109701746069 542185165
109801738393 543015695
109901739481 543823655
110001741646 544667770
110101735236 545508179
110201731662 546351736
110301997947 547193520
110401731196 548027156
110501753565 548861697
110601753131 549687778
110701724548 550534831
110801727841 551361177
110901822052 552162220
111001780734 552976162
111101789092 553781886
111201755424 554586787
111301762143 555374181
111401800439 556168504
111501781832 556959234
111601753704 557749312
111701779265 558535439
111801742761 559272783
111901755812 560077328
112001779445 560869295
112101756209 561680669
112201847831 562490741
112301877463 563314128
112402008488 564155323
112501762967 564990069
112601781464 565818618
112701772121 566641034
112801918246 567474055
112901776069 568273132
113001773658 569083120
113101768212 569900631
113201830375 570719411
113302033940 571520530
113401788329 572344427
113501789896 573162289
113601805290 574008067
113701788698 574819540
113801797968 575640857
113901794637 576467477
114001786058 577280177
114101885123 578114528
114201786648 578952645
114301814819 579810750
114401776652 580661866
114501826650 581513656
114601824366 582350074
114701838750 583189551
114801796849 584030519
114901819974 584883109
115001815564 585724304
115101816633 586557621
115201955989 587349217
115301822971 588117792
115401836502 588924285
115501811010 589833643
115601812160 590640484
115701809411 591455125
115801854790 592247231
115901814265 593060620
116001853760 593873742
116101825789 594659732
116201828604 595524112
116301833775 596376504
116402074049 597234468
116502090410 598085552
116601847374 598928007
116701850315 599726320
116801826866 600544066
116902104756 601341936
117001856524 602165665
117101849565 603011038
117202101247 603864599
117302080741 604707883
117401878149 605521385
117501869029 606364725
117602108307 607200634
117701868283 608040957
117801837579 608882013
117901887858 609737546
118001860898 610588814
118101856673 611430646
118201841644 612250535
118301822972 613094371
118401870016 613951364
118501862530 614804471
118601888117 615658276
118702099395 616501079
118801849569 617329168
118901885047 618170612
119001853322 619022392
119101887514 619877956
119201868582 620722426
119301885756 621538348
119401868566 622383750
119501881634 623213933
119601850333 624078368
119701865821 624930444
119802124848 625769956
119901880356 626619852
120001876851 627472537
120101875262 628302947
120201879286 629141413
120302018532 629991395
120401883627 630826507
120501883772 631662404
120601905893 632490309
120701918470 633335050
120801903579 634168958
120901988506 635001578
121001931533 635827528
121101934080 636658236
121201915897 637474776
121301894296 638302813
121401907491 639116346
121501909459 639899479
121601922968 640729814
121702179656 641464747
121801906185 642308108
121901960549 643135042
122001926262 643962120
122101923193 644794754
122201938335 645632798
122301925165 646461577
122402169205 647306003
122501973590 648136857
122601923768 648983106
122701951011 649822488
122801939308 650653626
122901929584 651498507
123002200750 652330160
123101923048 653166277
123201936523 654016618
123301956963 654868878
123401939779 655701296
123501923089 656518308
123601956873 657336707
123701968538 658165314
123801952961 658981132
123901940948 659832321
124002205135 660678279
124102062933 661512601
124202017367 662351240
124301955193 663195225
124401965588 664017876
124501932580 664846348
124601964447 665676072
124702054165 666632829
124801935734 667472486
124901969479 668287178
125001968133 669106876
125101950447 669936216
125201973896 670779999
125301964556 671587240
125402006007 672429221
125501957233 673270716
125601975491 674117325
125701953186 674954911
125801967027 675794338
125901972449 676618248
126001993548 677460136
126101971068 678299690
126201973361 679108831
126301964511 679945442
126401965675 680786795
126502031327 681627266
126601978115 682428002
126701992558 683272082
126802007140 684121423
126901976436 684959022
127001996417 685779921
127102004713 686535249
127202232420 687359145
127301988537 688178338
127402013406 689007451
127502000082 689840152
127602011987 690675227
127702031760 691499383
127802007030 692321113
127901998849 693148496
128002024024 693972771
128102010495 694798487
128202002664 695629606
128301983014 696449011
128402081727 697280078
128502015663 698130138
128602004661 698978257
128702041605 699803603
128802009852 700631133
128902017779 701450069
129002037042 702271740
129102032149 703125601
129202038460 703974134
129302269604 704795324
129402020895 705639962
129502037912 706470462
129602032135 707291990
129702038583 708108902
129802044959 708930628
129902021758 709745337
130002045014 710585545
130102017775 711403287
130202026004 712218941
130302054297 713029816
130402037183 713887033
130502038604 714692215
130602028081 715532780
130702064779 716371926
130802023542 717210376
130902289307 718050773
131002066419 718857661
131102068158 719702272
131202087337 720521288
131302056056 721323034
131402202791 722150265
131502050496 722970789
131602070963 723813598
131702049611 724659475
131802047256 725491878
131902063564 726331489
132002074492 727141968
132102064703 727978883
132202052473 728773888
132302084646 729630502
132402060488 730478820
132502057340 731322818
132602058488 732171460
132702256149 732973451
132802325892 733798297
132902117033 734615433
133002056091 735437336
133102086007 736256661
133202075511 737082809
133302086234 737898442
133402094078 738723118
133502081563 739545458
133602341804 740363415
133702087735 741187053
133802078941 742001866
133902091269 742939985
134002095171 743767055
134102082572 744585390
134202128188 745414378
134302108479 746228713
134402155274 747050840
134502129282 747872004
134602096940 748698066
134702101836 749504007
134802110352 750320982
134902101568 751157305
135002130418 751990248
135102105074 752824894
135202117271 753599166
135302284836 754436909
135402106299 755258449
135502104559 756078143
135602108215 756861184
135702111103 757657440
135802285654 758491169
135902112603 759311284
136002112889 760121995
136102120755 760957697
136202118832 761771845
136302147393 762600080
136402270146 763422552
136502147400 764244593
136602131974 765063958
136702261110 765883744
136802150665 766701679
136902298890 767529590
137002147734 768365091
137102159144 769189051
137202386559 770013812
137302163397 770844702
137402139162 771672790
137502156700 772508147
137602149843 773338679
137702184677 774162051
137802140773 774980104
137902164318 775803525
138002139503 776626907
138102394014 777472275
138202154164 778290031
138302158708 779115035
138402162215 779937496
138502155318 780761307
138602161888 781586104
138702155400 782401886
138802166675 783230743
138902193045 784039811
139002169966 784850493
139102174193 785677228
139202170802 786492828
139302231877 787296953
139402166058 788113869
139502176713 788935437
139602219735 789740230
139702197416 790555667
139802184958 791376263
139902235671 792200579
140002187450 793029692
140102198502 793821315
140202212592 794624792
140302227777 795437746
140402175393 796249850
140502173068 797065741
140602444291 797870496
140702192779 798679988
140802216218 799495434
140902189685 800272923
141002254163 801077695
141102194940 801908965
141202394302 802735933
141302228216 803532212
141402218428 804353661
141502236012 805183088
141602221189 806017648
141702202406 806839331
141802205266 807675990
141902218686 808497115
142002238405 809320141
142102217567 810135823
142202220957 810937262
142302313236 811756120
142402332396 812591243
142502246401 813421710
142602206761 814241096
142702229026 815051710
142802261535 815826261
142902238290 816618018
143002255803 817398012
143102209481 818227476
143202492005 819079147
143302220664 820041499
143402237071 820869843
143502231036 821701681
143602238903 822549448
143702208730 823364309
143802427406 824200506
143902229272 825029035
144002243725 825823756
144102489194 826595205
144202234905 827364699
144302241066 828187604
144402245857 829030673
144502271082 829795232
144602310005 830635230
144702231719 831477060
144802265638 832311083
144902497837 833133978
145002261463 833973665
145102482730 834825032
145202254258 835676379
145302255684 836512695
145402257382 837334961
145502508680 838174526
145602271266 839005176
145702278086 839833596
145802259322 840668867
145902294549 841498552
146002277594 842319000
146102266742 843153289
146202285838 843982128
146302271416 844831928
146402259347 845674692
146502277358 846490818
146602513102 847303585
146702261723 848116877
146802266996 848959165
146902306748 849789608
147002276775 850619574
147102281864 851452337
147202306085 852289260
147302282461 853107756
147402277730 853917473
147502298823 854752938
147602326252 855581895
147702291512 856404815
147802282266 857233748
147902306542 858073869
148002554426 858895145
148102292787 859728100
148202572401 860565127
148302298364 861383311
148402295356 862207331
148502386010 863028041
148602318813 863853441
148702306526 864663768
148802310028 865488462
148902309458 866311281
149002313074 867153408
149102347761 867989905
149202306615 868828516
149302325733 869662106
149402525191 870475922
149502334594 871315343
149602323655 872121846
149702343063 872944723
149802347531 873767563
149902324841 874600414
150002318122 875433602
150102347962 876270801
150202358266 877088134
150302332238 877931524
150402588813 878749783
150502356954 879587205
150602343418 880434966
150702363868 881249511
150802333597 882076889
150902394146 882900869
151002418062 883746179
151102331261 884582686
151202346405 885407197
151302334651 886236996
151402357991 887078139
151502340321 887919921
151602611503 888750567
151702326539 889597117
151802344376 890433561
151902350662 891268377
152002603636 892098656
152102361813 892921050
152202608050 893741372
152302383713 894581076
152402373159 895421234
152502371934 896378784
152602873353 897220548
152702359113 898019035
152802406973 898835492
152902407583 899650826
153002368118 900491480
153102365593 901315929
153202470151 902148506
153302372578 902917874
153402391592 903686371
153502376463 904516124
153602384745 905357397
153702379407 906203949
153802374598 907038673
153902403183 907845767
154002640550 908695647
154102393042 909549967
154202385334 910384368
154302402898 911218589
154402424030 912053211
154502394025 912902772
154602389775 913717133
154702396899 914556782
154802389953 915389720
154902404056 916209466
155002395203 917048763
155102399137 917896629
155202514796 918717332
155302406591 919556370
155402417425 920396792
155502650739 921235646
155602408679 922075044
155702415539 922911318
155802416429 923735629
155902664746 924568374
156002416594 925410526
156102432541 926240612
156202417039 927077131
156302412834 927913621
156402452958 928752531
156502444263 929602908
156602448932 930439675
156702685710 931263777
156802673731 932090706
156902438075 932926596
157002673717 933770634
157102443930 934596517
157202434721 935433475
157302627923 936270696
157402458463 937123859
157502448491 937948345
157602435604 938782889
157702455306 939622971
157802436506 940450206
157902470326 941287448
158002443871 942121197
158102450255 942939754
158202457040 943765100
158302438597 944605753
158402452292 945431451
158502448013 946247681
158602712986 947082933
158702479286 947921040
158802451193 948751210
158902451563 949576304
159002704000 950411389
159102488892 951259329
159202446852 952086610
159302478815 952915590
159402718057 953759298
159502488613 954591767
159602471609 955420023
159702475992 956262129
159802467724 957097706
159902472973 957920329
160002477186 958755071
160102474113 959586171
160202489812 960419347
160302465500 961263293
160402478382 962086349
160502485996 962851787
160602499393 963614457
160702502853 964447283
160802480455 965290540
160902485287 966143579
161002476606 966971275
161102476314 967791749
161202494601 968598739
161302512558 969444167
161402501381 970207665
161502476788 971040575
161602432584 971980347
161702577734 972834582
161802513712 973660554
161902490250 974499695
162002539545 975343032
162102515261 976179474
162202563590 977020015
162302560173 977849185
162402509347 978666626
162502518495 979496076
162602520078 980340487
162702523290 981155749
162802537232 982007667
162902548486 982827314
163002550353 983671980
163102560488 984499077
163202515409 985313679
163302525008 986136959
163402784434 986957735
163502540792 987778182
163602563066 988595510
163702523645 989412214
163802531733 990226724
163902521964 991084346
164002587972 991925389
164102538009 992743443
164202529654 993556355
164302544633 994384177
164402534340 995213929
164502526492 995993602
164602523241 996804752
164702541878 997623282
164802780562 998439813
164902571001 999257678
165002689008 999743686
165102731659 1000219740
165202574300 1000793994
165302644429 1001540782
165402714930 1001925958
165502776279 1002296359
165602710979 1002763837
165702580357 1002957268
165802901471 1003290371
165902719668 1003575256
166003045384 1003915821
166102650684 1004154919
166202649207 1004560370
166302854731 1004914735
166402719814 1005188103
166502652028 1005408737
166602698243 1005628477
166702615842 1005976192
166802534039 1006295352
166902751927 1006545163
167002692549 1006789368
167102667614 1007425410
167202693992 1007852955
167302670839 1008208706
167402622897 1008767086
167502582383 1009355422
167602644325 1010000769
167702636679 1010589612
167802636258 1011187997
167902732769 1011830120
168002629917 1012471469
168102608835 1013057004
168202603886 1013636930
168302790527 1014256249
168402593695 1014862377
168502627229 1015515513
168602763328 1016125185
168702614817 1016691432
168802633965 1017274499
168902609500 1017882502
169002685503 1018305519
169102570858 1018830624
169202694737 1019340829
169302632047 1020034361
169402635446 1020680368
169502579264 1021327570
169602685122 1021945100
169702657738 1022592497
169802738439 1023153943
169902575891 1023572420
170002701509 1024240610
170102631421 1024881219
170202656267 1025689056
170302616150 1026347676
170402678939 1027017247
170502640743 1027595584
170602721980 1028249377
170702597086 1028872269
170802638011 1029491665
170902660288 1030192493
171002700831 1030899968
171102636969 1031655355
171202888011 1032465819
171302714435 1033200675
171402898308 1033940346
171502857092 1034744639
171602655095 1035558708
171702625787 1036440511
171802625082 1037280478
171902619011 1038186470
172002636806 1039036625
172102676636 1039822683
172202714625 1040688408
172302766057 1041106935
172402676057 1041759169
172502644711 1042456735
172602810239 1043296022
172702644052 1044167864
172802742913 1044919804
172902844591 1045557934
173002742158 1046104284
173102785245 1046702028
173202674226 1047306883
173302676684 1047935770
173402637851 1048532109
173502723240 1049166502
173602706498 1049811783
173702857905 1050421107
173802739931 1051117819
173902680183 1051872993
174002668097 1052433522
174102914319 1053114362
174202800902 1053733024
174302708495 1054231921
174402799812 1055056772
174502667914 1055908615
174602697830 1056756511
174702663866 1057660752
174802906439 1058518400
174902923734 1059350283
175002790202 1060143564
175102934076 1060884114
175202669225 1061756742
175302821185 1062550025
175402671695 1063385339
175502764862 1064009796
175602752680 1064538980
175702700871 1065287437
175802730867 1066077265
175902746931 1066903110
176002931574 1067705456
176102972319 1068503546
176202706656 1069291087
176302706504 1070061040
176402747238 1070862300
176502738269 1071654514
176602791069 1072445423
176702727582 1073239440
176802718620 1074043005
176902709014 1074820496
177002981574 1075615705
177102853182 1076415370
177202760358 1077196865
177302738354 1077998191
177402838590 1078755207
177502750677 1079535938
177603001400 1080324687
177702751287 1081101327
177802763108 1081893825
177902742634 1082684227
178002929237 1083454855
178102764807 1084239076
178202740649 1084977701
178303013850 1085766469
178402755720 1086504295
178502783025 1087287625
178602762896 1088074106
178702750540 1088826556
178802788446 1089590960
178903016603 1090466164
179002785483 1091229505
179102752003 1092012713
179203024466 1092801617
179302758389 1093565006
179402766489 1094347004
179502837354 1095129844
179602800158 1095897153
179702800690 1096620928
179802757278 1097412772
179902777340 1098212677
180002808304 1098906010
180102808457 1099647760
180202792132 1100321589
180302786355 1100996608
180402789546 1101733772
180502758539 1102463300
180602800386 1103199488
180702766824 1103933623
180802849265 1104690256
180902801752 1105405203
181002793887 1106152711
181102862255 1106834103
181202826314 1107556165
181303078607 1108275723
181402787890 1108962448
181502844663 1109694709
181602827122 1110413632
181702883081 1111135836
181802824630 1111858330
181903087775 1112640435
182002812792 1113395662
182102824347 1114145232
182203082577 1114916125
182302803978 1115682271
182402872978 1116446146
182503063283 1117199137
182602842624 1118038209
182702817929 1118789310
182802831829 1119629761
182902871061 1120393030
183002826679 1121264137
183102868721 1122027928
183202815826 1122796109
183302848720 1123603218
183402833405 1124438249
183502806494 1125220072
183602880672 1126016816
183702855239 1126883017
183802846779 1127754829
183902837853 1128584043
184002848045 1129401469
184102833394 1130242366
184202849035 1131047729
184302864391 1131829896
184402832547 1132747001
184502836114 1133598447
184602827782 1134437930
184703103055 1135329586
184802845690 1136171195
184902851686 1137052325
185002838929 1137893891
185102921376 1138812662
185202831433 1139644279
185302841160 1140534382
185402842375 1141443056
185502837797 1142329684
185602860403 1143194954
185702865743 1144057618
185802846445 1144896232
185902848990 1145819693
186002839541 1146768918
186102900566 1147670532
186202861980 1148585876
186302858755 1149506107
186402855026 1150392558
186503133501 1151270102
186602891586 1152130558
186702885774 1152998923
186802922484 1153870877
186903151586 1154771936
187002873044 1155665577
187102912657 1156537575
187202870444 1157398855
187302879874 1158235547
187402891107 1159106318
187502889870 1159985249
187602887220 1160901571
187702888158 1161794237
187802886735 1162704007
187902865022 1163512099
188003088693 1164372766
188103145273 1165314317
188202928750 1166180452
188302889922 1167066214
188402884881 1167961880
188502880676 1168877350
188603114757 1169793283
188702917492 1170744525
188803043746 1171597246
188903151999 1172460765
189002912369 1173374677
189102901992 1174255853
189203177764 1175209091
189302900598 1176125589
189402902189 1177009635
189502922921 1177929189
189603159707 1178829804
189702901769 1179701748
189802904662 1180635577
189902902812 1181573896
190002946643 1182461207
190102913905 1183354207
190203162843 1184295420
190302917019 1185184101
190403166377 1186089803
190502960894 1187019680
190602916151 1187937165
190702915706 1188851048
190802927233 1189768762
190902942009 1190709485
191002932812 1191581497
191102926569 1192516301
191202953974 1193434983
191303088236 1194317368
191403197638 1195146613
191502940636 1196107703
191602927620 1197013261
191702952468 1197987187
191802934397 1198941535
191902937084 1199847157
192002934096 1200751839
192102948462 1201696998
192202947364 1202602428
192302940509 1203528623
192402996945 1204431541
192502936015 1205276130
192603229123 1206207709
192702994866 1207096920
192802952846 1207991965
192902955293 1208818472
193002965202 1209754773
193103002477 1210687305
193202970341 1211619644
193302975609 1212603858
193403240035 1213559866
193502973620 1214484575
193602969873 1215441960
193702995292 1216402851
193803097223 1217310227
193902971707 1218247754
194002937984 1219144947
194102972566 1220101072
194203189079 1221050844
194302987711 1221996919
194402999782 1222794960
194502962880 1223686799
194602980595 1224528335
194702978167 1225401786
194802972659 1226247822
194902976392 1227024373
195002990715 1228000289
195102994749 1228907545
195203003322 1229821773
195303273770 1230548863
195403002124 1231474073
195503121294 1232371070
195602995296 1233274663
195703035831 1234124948
195802999597 1235068121
195902997041 1236009801
196003051600 1236929612
196103004126 1237763495
196203002014 1238581648
196303056021 1239442154
196403291414 1240244472
196503012260 1241072054
196603028539 1241977990
196703017546 1242831777
196803292801 1243664093
196903023865 1244560843
197003291294 1245469411
197103034443 1246347420
197203021587 1247235688
197303010444 1248188475
197403026150 1249278271
197503018385 1250211480
197603155310 1251125205
197703049585 1252039434
197803029713 1252939605
197903070824 1253823100
198003043683 1254675822
198103114195 1255559870
198203069357 1256447760
198303060267 1257332180
198403081442 1258238898
198503047962 1259147683
198603036552 1260033656
198703030154 1260914642
198803049649 1261752253
198903035820 1262651773
199003035821 1263549251
199103027698 1264460180
199203038553 1265376943
199303098330 1266223251
199403095937 1267056346
199503073855 1267900872
199603089317 1268798822
199703058220 1269710648
199803057747 1270623367
199903058489 1271531488
200003108723 1272396153
200103069515 1273291224
200203089999 1274109018
200303091215 1274859549
200403063846 1275770191
200503310345 1276700892
200603071336 1277629351
200703055025 1278544698
200803159018 1279460024
200903109972 1280334304
201003093214 1281152407
201103086334 1281963956
201203078841 1282846681
201303081121 1283699661
201403328542 1284502248
201503093945 1285327636
201603111192 1286205045
201703141857 1287015572
201803131180 1287737174
201903076105 1288559708
202003113627 1289393255
202103087321 1290236670
202203103678 1291098730
202303109011 1292015798
202403111012 1292911473
202503122287 1293789427
202603094181 1294666667
202703383032 1295489190
202803133911 1296317392
202903169105 1297120593
203003101848 1297980597
203103107729 1298869708
203203134875 1299736701
203303115062 1300638919
203403389191 1301464247
203503147875 1302237486
203603140938 1303055996
203703123059 1303862262
203803150805 1304725228
203903365433 1305533156
204003157595 1306372426
204103185273 1307221475
204203149332 1308117817
204303126538 1309011146
204403148975 1309832668
204503158544 1310668215
204603401132 1311559845
204703145879 1312448229
204803150856 1313320819
204903151853 1314169857
205003163107 1315015794
205103160125 1315875714
205203152473 1316792917
205303168272 1317699008
205403139775 1318605136
205503176816 1319506113
205603153445 1320397181
205703159311 1321296539
205803175101 1322133466
205903198618 1322991074
206003428594 1323733126
206103172968 1324574449
206203175227 1325295340
206303180934 1326185041
206403172965 1327066668
206503389373 1327859270
206603245750 1328498039
206703197224 1329455901
206803175667 1330298029
206903169535 1331140838
207003293988 1331937253
207103181308 1332803860
207203171165 1333675023
207303254321 1334486611
207403226283 1335279941
207503178914 1336147738
207603435449 1337030871
207703182959 1337874949
207803199147 1338699730
207903193262 1339539509
208003179032 1340427511
208103192170 1341292528
208203211771 1342158707
208303180399 1342976857
208403202104 1343786265
208503186748 1344624158
208603206412 1345418941
208703204512 1346202797
208803194502 1347056817
208903423993 1347927521
209003185896 1348776058
209103197217 1349681186
209203205189 1350550087
209303199669 1351416134
209403241867 1352223807
209503231084 1353031066
209603257075 1353845755
209703224608 1354667923
209803227203 1355508733
209903141437 1356364805
210003233679 1357239069
210103279795 1358077948
210203232703 1358921266
210303243187 1359793056
210403318529 1360615631
210503259484 1361441628
210603213482 1362343429
210703258273 1363245275
210803453228 1364137202
210903225587 1365020027
211003222369 1365910999
211103239214 1366779301
211203271089 1367564748
211303253167 1368417172
211403248606 1369311649
211503309135 1370096722
211603237250 1370922468
211703252933 1371784139
211803228203 1372703107
211903272478 1373608081
212003265508 1374502106
212103257711 1375376609
212203460430 1376218472
212303265734 1377053378
212403263199 1377946910
212503267257 1378770050
212603291302 1379611661
212703276540 1380436462
212803268484 1381328859
212903239863 1382209286
213003267161 1383098757
213103523281 1383981589
213203295867 1384844253
213303262058 1385733960
213403327460 1386637644
213503267935 1387539628
213603293278 1388379872
213703296012 1389203551
213803267994 1390053299
213903271242 1390873880
214003278827 1391723580
214103278991 1392611648
214203275968 1393515904
214303273463 1394432676
214403279885 1395339754
214503556412 1396258693
214603277676 1397185005
214703302205 1398094132
214803314267 1398914550
214903341964 1399768529
215003286258 1400629383
215103289983 1401488628
215203296809 1402334598
215303312602 1403201363
215403305099 1404050418
215503296193 1404908576
215603289982 1405817279
215703562602 1406734944
215803308489 1407650904
215903301506 1408637449
216003436906 1409517989
216103311915 1410392972
216203308838 1411275480
216303326940 1412143704
216403591757 1412979426
216503301792 1413777427
216603585620 1414692355
216703331062 1415553259
216803406119 1416343669
216903398337 1417096657
217003289755 1417959851
217103305763 1418836603
217203308897 1419698273
217303281676 1420570324
217403308696 1421439969
217503298735 1422343589
217603318172 1423119557
217703323354 1423935080
217803317469 1424812723
217903330577 1425677623
218003476140 1426505506
218103317477 1427380665
218203326347 1428223965
218303332376 1429043790
218403329513 1429858063
218503308679 1430716248
218603334274 1431580917
218703325676 1432416206
218803607439 1433252750
218903387177 1434098578
219003347464 1434924243
219103357240 1435811411
219203367253 1436656301
219303629802 1437540421
219403416825 1438271848
219503636920 1439000501
219603370390 1439846343
219703399639 1440674860
219803355195 1441485792
219903367868 1442310122
220003366254 1443135105
220103381420 1443969538
220203378916 1444837398
220303389468 1445619865
220403397822 1446384994
220503427680 1447147724
220603364154 1447912996
220703377230 1448690489
220803366872 1449550231
220903377644 1450431996
221003376085 1451331480
221103379819 1452231849
221203384769 1453119527
221303397707 1454007243
221403470198 1454865192
221503398083 1455753086
221603397750 1456615125
221703385637 1457485305
221803411582 1458331553
221903441650 1459179246
222003385605 1460020189
222103395503 1460853026
222203394639 1461685420
222303441390 1462471479
222403409146 1463357011
222503478477 1464260573
222603409452 1465153107
222703417216 1465990814
222803426022 1466828124
222903677026 1467678259
223003397229 1468514283
223103390445 1469376789
223203420036 1470197150
223303410362 1471059566
223403407946 1471805772
223503704030 1472669052
223603423896 1473484717
223703420981 1474294679
223803431598 1475088659
223903422668 1475929127
224003433751 1476808390
224103438356 1477642016
224203433048 1478459199
224303706378 1479282113
224403458251 1480099267
224503443444 1480906684
224603467866 1481715710
224703457579 1482556093
224803437236 1483380745
224903447465 1484194998
225003456922 1485010770
225103475297 1485946901
225203434557 1486795209
225303692038 1487669933
225403453155 1488521991
225503706807 1489367615
225603497959 1490245691
225703501054 1490979493
225803512967 1491657152
225903448900 1492472412
226003452884 1493379733
226103462407 1494197024
226203486700 1494968844
226303466850 1495702668
226403456192 1496514325
226503459673 1497357173
226603476390 1498232347
226703475532 1499074930
226803484751 1499884187
226903474702 1500687371
227003489012 1501465811
227103470766 1502274344
227203493758 1503093415
227303507730 1503945126
227403600267 1504820694
227503738601 1505693813
227603491248 1506551949
227703491239 1507409797
227803484433 1508257166
227903485297 1509102955
228003497860 1510000429
228103469546 1510871699
228203505608 1511715222
228303524780 1512555507
228403502562 1513388819
228503490200 1514205496
228603506509 1515027153
228703517964 1515835988
228803774084 1516670943
228903500222 1517480028
229003509791 1518293981
229103499249 1519147549
229203532212 1520043371
229303508825 1520946177
229403517911 1521833018
229503524803 1522708598
229603525353 1523572455
229703525977 1524441633
229803776849 1525300289
229903668243 1526152769
230003521578 1527075052
230103786667 1528003624
230203555298 1528818787
230303537467 1529674881
230403543858 1530557857
230503518812 1531420379
230603535206 1532271494
230703569166 1533066031
230803681262 1533855445
230903554263 1534630571
231003535811 1535411100
231103549529 1536192765
231203569457 1536972799
231303540847 1537754556
231403579929 1538543052
231503543557 1539329562
231603528457 1540134337
231703560520 1540984166
231803555309 1541731472
231903538385 1542596526
232003557947 1543452404
232103552895 1544270176
232203566210 1545097816
232303563469 1545923936
232403726908 1546714351
232503577236 1547479402
232603555869 1548331726
232703808931 1549220238
232803557002 1550110363
232903552389 1550976116
233003592306 1551834330
233103569092 1552558296
233203550068 1553439570
233303559299 1554289932
233403592451 1555118155
233503827080 1556000402
233603587445 1556862035
233703588151 1557651055
233803573322 1558548564
233903566946 1559409501
234003599480 1560262539
234103593150 1561115354
234203585359 1561976837
234303575071 1562843385
234403595426 1563657631
234503863957 1564518569
234603583485 1565473684
234703725752 1566237293
234803638875 1566758301
234903804145 1567255107
235003631116 1568067847
235103632158 1568888322
235203588673 1569708495
235303563197 1570629839
235403625105 1571548600
235503624744 1572298369
235603596249 1573131710
235703602753 1574005899
235803648910 1574870999
235903613408 1575724967
236003603428 1576589040
236103865583 1577441890
236203623988 1578257144
236303626021 1579070447
236403642940 1579882138
236503873882 1580785242
236603646721 1581649761
236703632258 1582432495
236803753750 1583180097
236903637651 1583930028
237003619697 1584748878
237103616193 1585589621
237203640925 1586483804
237303646075 1587366395
237403628727 1588248062
237503659158 1589023880
237603635112 1589796247
237703620882 1590687523
237803642664 1591559251
237903646039 1592454557
238003637295 1593287227
238103672884 1594112382
238203650737 1594951468
238303640276 1595758383
238403638439 1596615295
238503794672 1597500633
238603905195 1598395481
238703641688 1599267011
238803660412 1600121701
238903703122 1600958946
239003645889 1601808043
239103778849 1602624880
239203704562 1603351406
239303665267 1604099081
239403649898 1604936763
239503645901 1605781254
239603671574 1606657318
239703646386 1607569403
239803649840 1608449415
239903663498 1609330789
240003658695 1610190436
240103744358 1611019491
240203700696 1611865521
240303660756 1612715735
240403694397 1613557941
240503746772 1614383106
240603687442 1615249886
240703678725 1616110774
240803671304 1617029484
240903941194 1617925032
241003940664 1618813205
241103681039 1619699539
241203687788 1620565577
241303734596 1621374365
241403686928 1622225039
241503727466 1623029281
241603705786 1623781835
241703699750 1624630074
241803675751 1625521960
241903699464 1626415639
242003736848 1627225436
242103702303 1628112385
242203685965 1628988194
242303694977 1629838146
242404178065 1630680066
242503705658 1631477193
242603695030 1632284505
242703715574 1633146229
242803936229 1633945097
242903727710 1634785233
243003929526 1635622814
243103725958 1636409970
243203756239 1637089208
243303808406 1637966311
243403714730 1638817076
243503698161 1639685456
243603754106 1640443351
243703874299 1641152406
243803731014 1642038689
243903712823 1643071174
244003725213 1643984757
244103753252 1644846001
244203761703 1645622755
244303744652 1646435635
244403995852 1647273401
244504005952 1648123109
244603730151 1648965774
244703731513 1649827299
244803735960 1650661511
244903733948 1651498917
245003754540 1652313042
245103759949 1653131275
245203733350 1654023442
245303781765 1654884434
245403748838 1655746580
245503771549 1656649328
245603735186 1657556681
245703747995 1658456611
245803740929 1659357704
245903793031 1660205080
246003761769 1661000314
246103771282 1661900318
246203749139 1662812761
246303766914 1663704134
246403736090 1664587078
246503795666 1665372146
246603799709 1666110937
246703793312 1666852575
246803770632 1667554339
246903828020 1668249659
247003769186 1668989146
247103768333 1669873363
247203752630 1670748362
247303814958 1671527824
247403812950 1672206412
247503838657 1672909698
247603765946 1673717864
247703776755 1674611461
247804034236 1675475461
247903783890 1676297318
248003805131 1677006295
248104081824 1677743933
248203845381 1678412130
248303838290 1679043161
248403792669 1679706408
248504033469 1680364320
248603824552 1681089603
248703859049 1681905401
248804114194 1682700107
248903799854 1683497073
249003826613 1684300449
249103891937 1685008743
249204107546 1685719604
249303858883 1686422818
249403842589 1687137094
249503842546 1687853056
249603847894 1688552022
249704074363 1689273349
249803846436 1689966615
249903813313 1690688234
250003860731 1691425272
250103867464 1692147054
250203836731 1692886981
250303880428 1693776915
250403869648 1694463126
250503791007 1695312730
250604076125 1696218840
250703828489 1697044340
250803855571 1697838317
250903845035 1698658146
251003875075 1699438778
251104092427 1700204963
251203994315 1700972264
251303833080 1701741140
251403837491 1702508637
251503869547 1703268904
251603833575 1704029703
251703841463 1704792897
251803845255 1705575827
251903856855 1706477968
252003857211 1707355031
252103830522 1708182707
252204111787 1709003868
252303839882 1709905024
252403859215 1710668169
252503872734 1711412792
252603861801 1712225635
252703875524 1713108360
252803873852 1713971280
252903865669 1714865573
253003881011 1715728887
253103888949 1716506815
253203893161 1717301723
253303849582 1718142790
253403905731 1719137379
253503895136 1720001344
253603902902 1720751582
253703943437 1721463178
253803881008 1722244662
253903898582 1722946012
254003866563 1723645766
254104157918 1724488682
254203891317 1725274326
254303898608 1726121993
254403905960 1726959284
254503913164 1727815638
254603890841 1728680818
254703917560 1729563331
254803891285 1730397447
254903890565 1731208564
255003927366 1731982472
255103904285 1732843914
255203982738 1733657527
255303896380 1734459559
255403891750 1735340176
255503890508 1736203296
255603895103 1737062118
255703905196 1737879373
255803907980 1738651363
255903899082 1739422900
256003890299 1740248852
256103933301 1741107284
256203923443 1741960144
256303908012 1742775094
256403922854 1743590553
256503987592 1744381424
256603936515 1745231051
256703914517 1746110198
256803916175 1746940015
256904198700 1747701332
257004012328 1748549783
257103939756 1749314672
257203949840 1750169803
257303933901 1751038432
257403945087 1751887899
257503964446 1752723080
257603946773 1753503764
257703927140 1754361056
257803960458 1755213430
257903959894 1756068795
258003944852 1756911869
258103922737 1757762721
258203942947 1758614673
258303949402 1759500847
258403952080 1760312874
258503938716 1761136088
258604091554 1761912117
258704213562 1762750851
258803943358 1763619244
258904216798 1764468521
259003985522 1765321016
259104221819 1766151754
259203977755 1766987524
259303986511 1767826630
259403970222 1768623504
259503963991 1769420704
259603911657 1770192624
259703949199 1770966746
259804119101 1771727957
259903993384 1772486040
260004004130 1773253263
260103957640 1774171147
260203960285 1775125303
260304051407 1776054428
260403962266 1776934945
260503981878 1777816222
260603984974 1778684071
260704111144 1779585442
260804007125 1780424923
260903989186 1781299330
261003983679 1782090181
261104124016 1782881624
261204030752 1783677541
261304006561 1784461128
261404269552 1785250180
261504010325 1786036419
261603994086 1786826340
261704001264 1787613568
261803981487 1788412438
261904144240 1789275197
262004020018 1790045060
262104097324 1790799692
262204008944 1791519756
262304011931 1792288840
262404001949 1793156096
262504266686 1794003166
262604017258 1794832744
262704071351 1795796158
262804030490 1796626259
262904267461 1797453527
263004170833 1798276526
263104045537 1799078853
263204044088 1799890931
263304029420 1800683191
263404291088 1801462345
263504132544 1802249976
263604055173 1802971233
263704040373 1803746516
263804066333 1804604301
263904017389 1805490905
264004017329 1806379925
264104032542 1807272892
264204186936 1808185600
264304033753 1809050936
264404062103 1809915098
264504302626 1810776170
264604078171 1811680041
264704062813 1812530939
264804028905 1813403686
264904067852 1814239243
265004310831 1815039222
265104084644 1815885247
265204047049 1816729855
265304008051 1817562641
265404055178 1818377338
265504308781 1819274292
265604042055 1820148589
265704031689 1821015906
265804078783 1821870727
265904084179 1822689689
266004102010 1823492230
266104070416 1824177678
266204069449 1824909469
266304074729 1825708597
266404052708 1826534784
266504064430 1827422655
266604348164 1828275948
266704071517 1829172781
266804057727 1830063429
266904069740 1830935590
267004070844 1831804421
267104226372 1832680163
267204077281 1833512064
267304101236 1834363328
267404075153 1835185741
267504076179 1836009816
267604077188 1836827571
267704113517 1837654414
267804085576 1838423293
267904072960 1839213786
268004069996 1840136554
268104078455 1841016284
268204099349 1841886862
268304091377 1842741231
268404105141 1843587304
268504101713 1844387929
268604124420 1845177838
268704081589 1845925670
268804136686 1846718165
268904091956 1847516887
269004167124 1848248358
269104111777 1848971394
269204101510 1849752427
269304100580 1850520945
269404141991 1851286629
269504144394 1852050254
269604122676 1852812057
269704118772 1853577969
269804122758 1854341475
269904133998 1855113377
270004413806 1855897301
270104182224 1856631024
270204135973 1857425656
270304128756 1858201247
270404161362 1858979838
270504158724 1859761192
270604169999 1860660186
270704150605 1861443140
270804130283 1862253929
270904133302 1863082569
271004419134 1863818306
271104115990 1864482871
271204131859 1865373931
271304123747 1866231494
271404607981 1867049197
271504161990 1867885414
271604151782 1868735459
271704187220 1869632323
271804202700 1870646822
271904145507 1871451573
272004153217 1872250765
272104174050 1873052043
272204148861 1873849293
272304148851 1874634192
272404170328 1875447433
272504167844 1876270384
272604186489 1877095754
272704170352 1877909341
272804183228 1878732336
272904165147 1879549068
273004214870 1880367028
273104142551 1881149868
273204162752 1882018808
273304171423 1882916388
273404175988 1883801069
273504167947 1884695424
273604172978 1885585316
273704186329 1886426891
273804213088 1887210407
273904160986 1887991025
274004168213 1888881712
274104174682 1889760711
274204192842 1890653505
274304202339 1891542947
274404173180 1892374770
274504173206 1893205180
274604201717 1894022433
274704459985 1894882282
274804184407 1895734054
274904462957 1896573669
275004188172 1897476638
275104202948 1898395114
275204191178 1899313803
275304206882 1900227234
275404212472 1901105105
275504224945 1901918923
275604200768 1902740910
275704210469 1903548884
275804201938 1904352850
275904206198 1905165661
276004317346 1905923239
276104494009 1906628908
276204231282 1907311292
276304226821 1908101104
276404212315 1909029199
276504211366 1909944471
276604302264 1910856261
276704242705 1911726946
276804471923 1912564559
276904211904 1913477649
277004484837 1914381776
277104221279 1915271658
277204237184 1916123322
277304213862 1916981844
277404379204 1917820711
277504240316 1918692021
277604221988 1919527673
277704234588 1920429556
277804226662 1921326617
277904223105 1922193267
278004237911 1923095450
278104240450 1923958113
278204274188 1924788818
278304237971 1925644683
278404239454 1926486893
278504293856 1927171219
278604244455 1927981652
278704258325 1928823330
278804238271 1929692655
278904236686 1930573121
279004241434 1931458021
279104248907 1932350282
279204273745 1933199031
279304273599 1934028904
279404540373 1934799726
279504272846 1935582433
279604541544 1936427178
279704266856 1937218324
279804552655 1937945978
279904264096 1938718316
280004273876 1939473402
280104300940 1940344425
280204283340 1941126011
280304265567 1941976123
280404322089 1942777971
280504512193 1943571635
280604292728 1944413110
280704311376 1945211154
280804300065 1945921148
280904275308 1946825824
281004284021 1947582609
281104297054 1948373410
281204326727 1949168026
281304295065 1949956721
281404287316 1950689109
281504313529 1951427517
281604561445 1952246192
281704283011 1953167609
281804279004 1954073305
281904330838 1954801060
282004314745 1955500021
282104340536 1956214608
282204334952 1956998958
282304300859 1957779514
282404313112 1958587984
282504313417 1959320361
282604333313 1960058690
282704317138 1960837106
282804305828 1961628822
282904329236 1962442049
283004487193 1963241724
283104432253 1964088920
283204334010 1964938261
283304341599 1965789977
283404568486 1966636769
283504320940 1967483403
283604318314 1968308284
283704544696 1969124256
283804330629 1969945805
283904362268 1970755162
284004326471 1971548007
284104332453 1972285182
284204355733 1973091818
284304384055 1973888033
284404323537 1974699331
284504315353 1975568076
284604397015 1976461044
284704331807 1977349636
284804350293 1978233729
284904360734 1979134689
285004328387 1979963401
285104354087 1980811952
285204342175 1981663362
285304508477 1982515123
285404370175 1983360879
285504364155 1984144849
285604357978 1984923749
285704358982 1985757183
285804349461 1986639786
285904351917 1987452860
286004508987 1988228837
286104367004 1989033664
286204616852 1989919272
286304461230 1990826178
286404416656 1991787242
286504348201 1992736198
286604368717 1993641645
286704395325 1994452936
286804389575 1995355371
286904356413 1996238487
287004444797 1997168416
287104379941 1998074422
287204379005 1998981771
287304365748 1999881069
287404422095 2000684460
287504398612 2001529098
287604362683 2002397420
287704386138 2003244832
287804409894 2004077581
287904405478 2004918154
288004484984 2005734342
288104417163 2006531316
288204443221 2007301798
288304392006 2008027752
288404397422 2008874034
288504396849 2009729335
288604402047 2010595775
288704409741 2011453631
288804386063 2012205540
288904406868 2012898974
289004408923 2013646481
289104457383 2014357721
289204388524 2015072979
289304438700 2015799784
289404415352 2016514889
289504463067 2017225371
289604420995 2017924710
289704428591 2018617688
289804545514 2019303568
289904395138 2019989184
290004447282 2020709334
290104501248 2021348096
290204706792 2022267923
290304433200 2023034821
290404424345 2023926798
290504411686 2024904344
290604423994 2025874757
290704424478 2026820136
290804431853 2027766889
290904444612 2028682154
291004448573 2029514821
291104473583 2030339304
291204429212 2031262419
291304433850 2032144419
291404469336 2033017602
291504713290 2033812528
291604555531 2034586589
291704460214 2035516864
291804437459 2036370181
291904452060 2037275569
292004697926 2038179094
292104436101 2039078714
292204466648 2039972141
292304446760 2040858630
292404459240 2041747565
292504443635 2042620993
292604456291 2043510201
292704435637 2044432922
292804475792 2045318298
292904468807 2046214471
293004462720 2047075600
293104466845 2047921928
293204458149 2048817356
293304451099 2049687176
293404465186 2050573639
293504477908 2051448642
293604457552 2052312076
293704484749 2053176250
293804452627 2054069418
293904476268 2054972628
294004471856 2055799860
294104466275 2056593118
294204494766 2057417417
294304458420 2058217274
294404685977 2059098695
294504505794 2059937017
294604465194 2060796435
294704510627 2061702354
294804475970 2062593211
294904481137 2063512380
295004529562 2064389547
295104486379 2065230714
295204513279 2066145380
295304497383 2067058623
295404503894 2067838834
295504502056 2068757932
295604519824 2069673363
295704499620 2070543850
295804541726 2071431532
295904500030 2072288996
296004490839 2073161880
296104545859 2073889439
296204544896 2074522451
296304561552 2075181903
296404547437 2075827577
296504507229 2076673326
296604497781 2077571024
296704504983 2078476259
296804547699 2079343241
296904516067 2080244173
297004510306 2081155326
297104522152 2082062639
297204521252 2082943671
297304792422 2083842917
297404526145 2084703238
297504543503 2085420463
297604599078 2086080792
297704531923 2086790276
297804557996 2087536529
297904557062 2088250342
298004561529 2088977973
298104534753 2089688461
298204581445 2090629613
298304679346 2091573422
298404538842 2092512780
298504551467 2093407930
298604539990 2094347277
298704529603 2095274142
298804549481 2096179373
298904566927 2097086084
299004546023 2097999124
299104557731 2098836686
299204596375 2099699828
299304564659 2100410634
299404591777 2101109640
299504579979 2101812121
299604603839 2102507897
299704571669 2103209701
299804609709 2103916509
299904588898 2104633274
300004818789 2105335581
300104571735 2106024675
300204583340 2106719743
300304602349 2107411701
300404583032 2108110706
300504582222 2108808758
300604592155 2109511210
300704606108 2110224219
300804620013 2110923644
300904589879 2111624434
301004490825 2112324913
301104569638 2113131347
301204582461 2114037485
301304595613 2114943313
301404627461 2115812154
301504604355 2116716490
301604591646 2117590636
301704577270 2118459018
301804592680 2119287936
301904585817 2120176400
302004596046 2121077852
302104570297 2121994941
302204593635 2122906047
302304604643 2123684865
302404600892 2124450979
302504603803 2125201032
302604693612 2125918579
302704848758 2126640715
302804625740 2127351644
302904617342 2128064416
303004645881 2128774163
303104639162 2129495388
303204655638 2130213617
303304771951 2131104855
303404611391 2132033166
303504612318 2132900375
303604616220 2133690541
303704838071 2134482648
303804670784 2135172260
303904616010 2136012536
304004628659 2136918983
304104615819 2137697499
304204637472 2138545116
304304806274 2139424416
304404617471 2140353561
304504921355 2141174079
304604654925 2141880821
304704641437 2142790579
304804711502 2143544135
304904662908 2144282000
305004657171 2145035608
305104632408 2145968028
305204615154 2146890655
305304646248 2147814423
305404628165 2148731670
305504660384 2149633579
305604906585 2150541693
305704666821 2151350950
305804654945 2152118719
305904704611 2152857848
306004915568 2153627840
306104911356 2154548182
306204794915 2155443902
306304671152 2156360598
306404709719 2157280546
306504665268 2158173736
306604644081 2159086906
306704663422 2159996192
306804686668 2160918078
306904713136 2161768108
307004683055 2162542114
307104706474 2163253988
307204787268 2163948078
307304718855 2164629008
307404659149 2165460914
307504682699 2166367417
307604724218 2167080908
307704686187 2167811737
307804667948 2168727441
307904723927 2169620673
308004706469 2170459481
308104680967 2171213651
308204751876 2171956455
308304714371 2172695950
308404747245 2173394487
308504754967 2174117637
308604677851 2174837659
308704729830 2175574540
308804720139 2176336955
308904734046 2176974385
309004965618 2177607723
309104760197 2178239668
309204705495 2178950641
309304966963 2179727149
309404716375 2180479931
309504720321 2181205614
309604819910 2181919676
309704738298 2182646088
309804876532 2183368816
309904755197 2184087701
310004765289 2184793626
310104730697 2185571083
310204739897 2186393866
310304753698 2187218300
310404731627 2187852204
310504786230 2188581617
310604989820 2189320098
310704853699 2190083632
310804800140 2190845167
310905002376 2191595571
311004753078 2192325830
311104811151 2193053665
311204733547 2193660823
311304759437 2194495259
311404779583 2195267643
311504754541 2196062257
311604800015 2196856452
311704740558 2197653398
311804747336 2198465671
311904821032 2199294748
312004790711 2200090187
312104758305 2200843943
312205018534 2201594720
312305025644 2202372240
312405008623 2203144442
312504770304 2203987535
312604756936 2204814166
312705002077 2205668315
312805006876 2206528747
312904794811 2207380937
313004792172 2208222655
313104787719 2209054417
313204764472 2209896392
313304767490 2210741952
313404819999 2211565705
313504796080 2212408278
313604769527 2213210579
313704856515 2214053854
313804787343 2214867660
313904789638 2215704970
314004783011 2216520436
314104800090 2217359789
314204776784 2218213897
314304798701 2219050218
314404772335 2219905648
314504784243 2220733933
314604776945 2221583545
314704808329 2222407205
314804786158 2223248814
314904781202 2224068859
315004807467 2224920019
315104773385 2225767517
315204792807 2226618629
315304856657 2227445028
315404822539 2228230452
315505023163 2228983153
315604853249 2229738766
315704826826 2230460580
315804790227 2231255995
315904826703 2232125674
316004802404 2232988093
316104829976 2233829858
316204814643 2234671577
316304857582 2235535086
316404808450 2236382599
316504847859 2237236922
316604854541 2238060687
316704810668 2238890189
316804851255 2239731863
316904823145 2240581907
317004812973 2241425252
317104815448 2242247588
317204826021 2243081363
317304845992 2243923257
317404840518 2244780986
317504856890 2245632900
317604839256 2246483446
317704834107 2247329831
317804823256 2248172279
317904825443 2249003327
318004824647 2249865442
318104851438 2250829739
318205108707 2251662728
318304831623 2252500545
318404831842 2253331947
318504836459 2254157307
318605104818 2255001878
318704867555 2255846430
318804848180 2256693404
318904886982 2257537996
319004850066 2258383961
319104849552 2259208058
319205089168 2260063036
319304843067 2260901394
319404848173 2261742161
319504890448 2262600942
319604864277 2263436690
319704863423 2264301691
319804852101 2265151655
319904846770 2266000015
320004879480 2266861715
320104875399 2267698863
320204865204 2268539914
320304897442 2269385566
320404883787 2270216971
320504871112 2271079039
320604875641 2271930729
320704872446 2272772548
320804880625 2273582524
320904875264 2274386379
321005125367 2275216702
321104873122 2276046815
321204872735 2276895717
321304864174 2277750445
321404881077 2278595086
321504893999 2279436241
321604897378 2280267835
321704885013 2281125676
321804926944 2281939022
321905144577 2282762491
322004914750 2283614918
322105162715 2284455965
322205136206 2285326536
322304896787 2286187112
322404897256 2287049892
322504903379 2287904828
322604931017 2288724309
322704909803 2289587089
322805175306 2290440586
322904934300 2291309545
323004920057 2292127339
323104912429 2292898546
323204906158 2293750659
323304941824 2294612663
323405029998 2295474827
323504921819 2296261669
323604909958 2297058647
323705076926 2297916855
323804914031 2298767487
323904921369 2299601536
324004954178 2300445363
324104954269 2301278465
324204931827 2302128028
324305187867 2302987997
324404959913 2303827932
324504965202 2304672573
324604937492 2305521047
324704924628 2306384225
324804921138 2307250977
324904949206 2308090417
325004929853 2308960791
325104941566 2309813703
325204953611 2310652651
325304936285 2311489850
325404941999 2312354866
325504956215 2313196274
325604953346 2314045534
325704947172 2314892704
325804930544 2315758729
325904944224 2316620215
326004952524 2317472256
326105207708 2318311910
326204955495 2319122693
326304958527 2319964249
326404987687 2320814001
326505074843 2321677047
326605224809 2322540400
326704974934 2323394198
326804961756 2324273968
326904942433 2325149204
327004980256 2325999700
327104954615 2326865622
327204963383 2327745195
327304982932 2328605716
327404984422 2329593364
327504967216 2330441763
327604990919 2331293513
327704987200 2332147423
327805230972 2333015694
327905009837 2333870200
328005245079 2334716776
328104991443 2335570534
328204915455 2336440599
328305002111 2337287950
328405003768 2338089009
328505254141 2338815654
328605001869 2339669956
328705022137 2340515909
328805018058 2341368090
328905077720 2342216870
329005020336 2343091509
329104990016 2343912393
329205003628 2344775147
329304979469 2345654981
329404993219 2346497747
329505026447 2347338772
329604996844 2348183730
329705270897 2349061791
329805016080 2349936006
329905416323 2350796703
330005018852 2351653824
330105032548 2352510139
330205014003 2353367842
330305019692 2354216744
330405031844 2355073001
330505019487 2355925566
330605015619 2356783244
330705100161 2357648498
330805454449 2358486479
330905020915 2359348246
331005040564 2360224931
331105029563 2361067988
331205040603 2361933943
331305020258 2362783817
331405032559 2363650047
331505052081 2364515759
331605040648 2365373222
331705038049 2366227504
331805047066 2367086899
331905033234 2367945088
332005187857 2368805397
332105055912 2369684209
332205047954 2370528987
332305048485 2371391456
332405077886 2372239220
332505049968 2373090792
332605129905 2373960634
332705056526 2374827348
332805067543 2375684068
332905033786 2376538763
333005076519 2377388138
333105063785 2378246025
333205058564 2379109855
333305086039 2379953240
333405074979 2380819201
333505089317 2381659172
333605101139 2382509089
333705063761 2383350434
333805308460 2384206905
333905062257 2385057150
334005066695 2385905859
334105064744 2386769213
334205081780 2387632720
334305074297 2388494958
334405331812 2389353407
334505075832 2390216982
334605080622 2391062937
334705100019 2391924481
334805063263 2392773576
334905097275 2393636035
335005086310 2394504572
335105087153 2395359986
335205106425 2396213935
335305110146 2397081793
335405111611 2397941894
335505154456 2398804682
335605090252 2399637276
335705093074 2400490947
335805355649 2401359241
335905113641 2402223683
336005110158 2403086956
336105123916 2403934563
336205103536 2404802607
336305295378 2405656930
336405118491 2406529823
336505367624 2407391510
336605131722 2408368581
336705115867 2409231148
336805110500 2410095338
336905203234 2410920894
337005134577 2411769341
337105316782 2412614662
337205106310 2413470024
337305146387 2414331926
337405136759 2415189404
337505123472 2416057919
337605117737 2416914608
337705160684 2417783445
337805139804 2418632041
337905203715 2419477008
338005397582 2420335409
338105130582 2421182286
338205144022 2422022597
338305127142 2422873924
338405133500 2423726220
338505279619 2424583678
338605133055 2425427218
338705414007 2426284831
338805151307 2427126270
338905156029 2427971136
339005169719 2428826763
339105211785 2429674530
339205152412 2430455261
339305163211 2431256239
339405164072 2432078352
339505183894 2432882771
339605191762 2433696808
339705152740 2434538682
339805172373 2435355347
339905181296 2436186839
340005174386 2436987540
340105184053 2437808243
340205159066 2438641973
340305333806 2439487933
340405421597 2440349384
340505177684 2441197865
340605396064 2442024373
340705176946 2442904966
340805179553 2443767261
340905188904 2444602739
341005209462 2445423422
341105184935 2446240393
341205165077 2447059406
341305190905 2447915564
341405176400 2448780520
341505173391 2449649902
341605177287 2450524399
341705191809 2451393041
341805208280 2452270490
341905205734 2453124966
342005216403 2453997417
342105182654 2454856490
342205191395 2455728843
342305201294 2456586981
342405195027 2457446934
342505192775 2458305304
342605186560 2459102457
342705198276 2459941194
342805205771 2460802823
342905360337 2461652930
343005236339 2462424658
343105261618 2463218508
343205212792 2464020590
343305205208 2464832194
343405212946 2465629281
343505225638 2466426527
343605475143 2467249969
343705210675 2468041290
343805207926 2468862073
343905311146 2469676103
344005215269 2470505620
344105259342 2471307209
344205242141 2472094324
344305210639 2472904425
344405398470 2473712649
344505490450 2474511355
344605234696 2475318618
344705332322 2476162685
344805489503 2476967568
344905232363 2477771102
345005235089 2478592432
345105257794 2479420905
345205255855 2480243311
345305241759 2481068804
345405248684 2481887008
345505254461 2482738929
345605257711 2483566381
345705244899 2484356388
345805270161 2485200769
345905261477 2486029169
346005252431 2487009800
346105268151 2487894615
346205254880 2488763490
346305282558 2489638015
346405251829 2490527605
346505298731 2491414849
346605368277 2492287065
346705292856 2493136960
346805283577 2493935588
346905259121 2494739137
347005256990 2495551188
347105276980 2496370381
347205285705 2497192140
347305286285 2498012857
347405529882 2498868551
347505499960 2499698158
347605279946 2500527545
347705730300 2501397726
347805296188 2502258351
347905294890 2503135650
348005309213 2503976985
348105281043 2504838006
348205284428 2505701670
348305300286 2506584557
348405282097 2507454005
348505304027 2508332811
348605294014 2509200900
348705321089 2510068077
348805300081 2510906840
348905299521 2511761213
349005302234 2512625380
349105307010 2513483205
349205350837 2514320573
349305301081 2515180731
349405334084 2516046332
349505562371 2516843022
349605330289 2517640868
349705575059 2518437472
349805356933 2519217259
349905328639 2520010275
350005557278 2520829449
350105319125 2521644891
350205325264 2522412801
350305408392 2523205013
350405334496 2524015823
350505313631 2524834695
350605317557 2525631734
350705310221 2526432825
350805345966 2527230249
350905333442 2528046813
351005340408 2528855770
351105335916 2529680225
351205339734 2530508745
351305348798 2531312356
351405328108 2532117286
351505333628 2532938270
351605422050 2533746152
351705373706 2534561855
351805332282 2535365264
351905368196 2536182998
352005337157 2536996236
352105336602 2537814602
352205384720 2538608742
352305347836 2539421029
352405353658 2540238627
352505361033 2541076796
352605359311 2541904553
352705361490 2542700786
352805381395 2543543145
352905371588 2544390672
353005499250 2545243426
353105361459 2546128239
353205377645 2546997777
353305365618 2547859485
353405367484 2548731979
353505384523 2549541493
353605391997 2550393959
353705412831 2551260702
353805350320 2552151011
353905409208 2553029290
354005370110 2553905751
354105386659 2554783358
354205365838 2555661186
354305390662 2556539647
354405376316 2557427998
354505403360 2558329586
354605385437 2559230163
354705356883 2560115839
354805394566 2560996031
354905472962 2561863197
355005388993 2562750848
355105386204 2563631646
355205431623 2564521681
355305407427 2565402544
355405397278 2566415958
355505400041 2567268596
355605410382 2568129789
355705424745 2569004878
355805394370 2569878476
355905391955 2570738616
356005400369 2571602498
356105411989 2572476858
356205401412 2573345417
356305439848 2574223184
356405671743 2575080119
356505444766 2575925971
356605673543 2576728365
356705404108 2577550445
356805431758 2578421886
356905424626 2579276751
357005454753 2580150334
357105636076 2581033537
357205435253 2581874775
357305463110 2582742788
357405688786 2583595149
357505695681 2584440685
357605432910 2585297942
357705414145 2586136344
357805454457 2586981944
357905516329 2587811278
358005758885 2588656473
358105438472 2589464764
358205434593 2590258036
358305540575 2591104379
358405462571 2591953856
358505454831 2592793712
358605467963 2593632000
358705665567 2594445345
358805428558 2595263635
358905446343 2596084667
359005443108 2596903805
359105449704 2597730098
359205475960 2598554083
359305462046 2599383896
359405448889 2600200325
359505487779 2601042740
359605481422 2601907191
359705472121 2602772251
359805448981 2603618450
359905469550 2604503245
360005527060 2605364199
360105457276 2606248887
360205718236 2607105271
360305464453 2607950134
360405498861 2608795131
360505487687 2609609928
360605459282 2610428891
360705473212 2611263039
360805460762 2612074065
360905739979 2612881623
361005739337 2613658481
361105486659 2614467580
361205468133 2615269598
361305529352 2616059192
361405477410 2616887679
361505522112 2617715235
361605479323 2618540791
361705501378 2619367080
361805520135 2620172758
361905585030 2620996922
362005552906 2621810433
362105773171 2622623134
362205492196 2623470974
362305486911 2624305390
362405515156 2625151527
362505493959 2625991547
362605504765 2626794459
362705494896 2627647261
362805505430 2628482878
362905498898 2629327952
363005775764 2630166895
363105514355 2631009369
363205544482 2631845171
363305507961 2632688962
363405529659 2633526120
363505578761 2634321203
363605540541 2635096757
363705506286 2635791451
363805533067 2636640282
363905958967 2637479481
364005738357 2638315551
364105526267 2639178361
364205550259 2639982587
364305543949 2640842499
364405528320 2641716760
364505560687 2642575699
364605552526 2643438486
364705537906 2644291454
364805554437 2645275142
364905521336 2646122701
365005535573 2646966952
365105538172 2647827004
365205537349 2648657842
365305639100 2649514986
365405547256 2650371203
365505536194 2651231991
365605577796 2652062318
365705565169 2652892065
365805562548 2653642381
365905563013 2654392179
366005583519 2655223989
366105541581 2656046054
366205568385 2656869936
366305599354 2657724261
366405810963 2658551346
366505558115 2659369638
366605555569 2660245584
366705569667 2661098391
366805571527 2661945503
366905581971 2662769507
367005572194 2663601147
367105572032 2664449505
367205585309 2665303361
367305577764 2666124555
367405615503 2666869816
367505591884 2667714652
367605578407 2668550473
367705551184 2669389607
367805600870 2670253227
367905574963 2671065727
368005570013 2671907209
368105613781 2672788648
368205592143 2673660713
368305799915 2674498756
368405599876 2675339441
368505629270 2676183438
368605593715 2677059118
368705587931 2677923943
368805609872 2678770802
368905594327 2679631159
369005596582 2680474689
369105592914 2681322920
369205661502 2682190010
369305598817 2682979063
369405613726 2683824663
369505627654 2684656495
369605628711 2685500672
369705597677 2686374259
369805635415 2687239464
369905627821 2688098582
370005656737 2688863245
370105605506 2689708970
370205660136 2690557621
370305635557 2691362206
370405599719 2692207279
370505615703 2693050600
370605627064 2693924070
370705601626 2694790774
370805657729 2695590561
370905609329 2696429470
371005631696 2697306247
371105622313 2698167309
371205660311 2699036013
371305644306 2699876669
371405639360 2700586797
371505644240 2701286820
371605649784 2701979066
371705858735 2704916809
371805824024 2704942909
371905814706 2704972325
372005820615 2705003693
372105833291 2705037104
372205825397 2705071436
372305834858 2705107189
372405830572 2705142485
372505845086 2705178411
372605830922 2705215837
372705836294 2705253028
372805847868 2705289581
372905842503 2705328580
373005847936 2705369531
373105848638 2705408563
373205848782 2705447737
373305845148 2705486770
373405858196 2705526526
373505855046 2705565745
373605858750 2705605611
373705857087 2705644924
373805846156 2705683787
373905865218 2705722977
374005858324 2705761681
374105863577 2705801071
374205854859 2705840349
374305871679 2705879611
374405869558 2705918750
374505870559 2705958407
374605871666 2705997467
374705872849 2706036997
374805870328 2706076352
374905874291 2706115713
375005876475 2706154816
375105878683 2706194514
375205879122 2706233667
375305879943 2706272576
375405885691 2706311678
375505877933 2706351355
375605887846 2706390968
375705878690 2706430618
375805891412 2706470131
375905883723 2706508834
376005884282 2706548137
376105884976 2706587004
376205895537 2706626917
376305879863 2706666727
376405889911 2706705273
376505899588 2706744741
376605896345 2706783836
376705905916 2706823004
376805895969 2706863361
376905897012 2706902544
377005905976 2706942270
377105904048 2706982167
377205907862 2707021975
377305903444 2707061498
377405906359 2707101428
377505920010 2707141568
377605890506 2707180189
377705905618 2707220150
377805920030 2707259554
377905916003 2707298852
378005920404 2707338463
378105917087 2707380439
378205924493 2707421835
378305928023 2707462430
378406133370 2707504065
378505926168 2707545707
378605933462 2707585969
378705930531 2707626844
378805932608 2707666533
378905935847 2707706123
379005932022 2707745593
379105925146 2707786974
379205939458 2707826149
379305936785 2707866071
379405936296 2707905139
379505943833 2707944252
379605934822 2707984055
379705945124 2708023644
379805951860 2708063443
379905930601 2708102818
380005956957 2708142184
380105950508 2708181271
380205954932 2708220196
380305954851 2708260004
380405910893 2708319031
380505893147 2708367180
380605931710 2708429205
380705938514 2708472848
380805940656 2708527754
380905959680 2708577813
381005888163 2708608400
381105894876 2708639010
381205983867 2708669678
381305958662 2708701013
381405931881 2708732543
381505986840 2708764980
381605898296 2708798087
381705986206 2708831500
381805977354 2708864849
381905981757 2708898750
382005971086 2708933349
382105984865 2708968176
382205996806 2709003018
382306087570 2709038473
382405995177 2709073282
382505998953 2709107724
382605988303 2709142455
382706059390 2709176573
382805997034 2709211142
382906005442 2709246203
383006004459 2709281925
383105998700 2709315783
383206006626 2709351017
383306004834 2709385833
383405999524 2709420636
383506010526 2709455043
383606012408 2709490178
383706016765 2709524855
383806015298 2709560709
383906004529 2709595939
384006013167 2709631955
384106016422 2709666138
384206070763 2709700952
384306015390 2709735970
384406010246 2709771687
384506003876 2709805845
384606044912 2709839841
384706016367 2709873554
384806041027 2709906061
384906036403 2709939575
385006023691 2709974586
385106047502 2710005800
385206039106 2710037751
385306031537 2710071237
385406022946 2710104266
385506045694 2710138286
385606037127 2710172951
385706060344 2710206204
385806037637 2710241162
385906040013 2710275148
386006049286 2710309297
386106053187 2710344143
386206043826 2710379239
386306073349 2710411163
386406075446 2710441226
386506077850 2710468548
386606066327 2710500955
386706055267 2710533002
386806058205 2710566472
386906072886 2710599960
387006057598 2710633376
387106065168 2710666852
387206070961 2710701558
387306064703 2710733899
387406100578 2710765866
387506080356 2710796985
387606080025 2710828684
387706091030 2710861330
387806076293 2710892198
387906085148 2710925176
388006081171 2710957215
388106083079 2710989860
388206142274 2711022783
388306077148 2711054665
388406088531 2711086631
388506076352 2711117922
388606078792 2711153298
388706093496 2711184977
388806089257 2711215745
388906285209 2711245211
389006099423 2711277231
389106093922 2711308557
389206105399 2711341812
389306103071 2711375139
389406119361 2711408095
389506108826 2711439382
389606093362 2711471556
389706104355 2711505273
389806108376 2711538335
389906100594 2711572271
390006104255 2711605733
390106118336 2711640374
390206107507 2711675764
390306112818 2711709043
390406119969 2711745234
390506132640 2711780337
390606128314 2711814380
390706117624 2711849271
390806141889 2711882838
390906136421 2711915517
391006124956 2711949297
391106113339 2711984663
391206120376 2712021115
391306121243 2712057740
391406122646 2712094065
391506125573 2712132044
391606121675 2712170305
391706127510 2712208702
391806136892 2712247914
391906130015 2712286519
392006139080 2712325098
392106122016 2712364214
392206137864 2712402981
392306317114 2712442389
392406140468 2712480746
392506133074 2712520150
392606140410 2712559225
392706147784 2712598585
392806147563 2712638094
392906141066 2712677719
393006149866 2712716983
393106142160 2712756548
393206143520 2712795168
393306158283 2712834396
393406146298 2712873671
393506156016 2712912482
393606152759 2712951151
393706161105 2712990529
393806163135 2713029789
393906158736 2713068635
394006157269 2713107443
394106167228 2713145756
394206168839 2713183892
394306170956 2713222427
394406175886 2713260938
394506167509 2713300259
394606174907 2713339194
394706164925 2713378248
394806178851 2713416614
394906175115 2713453768
395006188347 2713492369
395106178495 2713530548
395206183596 2713569041
395306182733 2713608044
395405892360 2713911224
395506635210 2716309271
395606633276 2716358021
395706639752 2716406794
395806624177 2716455574
395906622351 2716504331
396006618183 2716553134
396106623323 2716601906
396206617908 2716650693
396306627889 2716699477
396406652280 2716748250
396506639228 2716796990
396606640597 2716845743
396706631997 2716894517
396806632761 2716943269
396906633958 2716992051
397006642466 2717040812
397106634068 2717089587
397206634647 2717138357
397306639033 2717187138
397406636327 2717235922
397506638324 2717284731
397606669923 2717333504
397706654551 2717382296
397806649340 2717431081
397906642399 2717479859
398006647152 2717528630
398106639108 2717577380
398206650193 2717626175
398306652096 2717674971
398406681030 2717723743
398506680348 2717772528
398606651784 2717821303
398706652235 2717870097
398806652377 2717918875
398906658019 2717967634
399006852006 2718016640
399106657041 2718065232
399206660436 2718114035
399306664896 2718162825
399406659481 2718211623
399506693267 2718260398
399606672701 2718309164
399706698687 2718357928
399806685398 2718406712
399906682690 2718455507
400006688880 2718504292
400106700724 2718553117
400206688626 2718601869
400306684807 2718650655
400406717237 2718699426
400506684691 2718748176
400606684589 2718796994
400707074820 2718845994
400806681363 2718894574
400871313083 2719869480
