100030287 167326608
200017309 65246621
300006691 65325165
400016175 65386227
500015996 65783286
600016065 65887831
700016519 66048657
800018034 66072866
900017030 66086557
1000015411 66353453
1100015869 66404812
1200016997 66489350
1300016400 66675242
1400016554 66500085
1500016612 66258705
1600016281 66317473
1700016550 66372951
1800016608 66601541
1900009469 66539104
2000016151 66667764
2100011888 66587267
2200016769 66553445
2300016083 66707226
2400015112 66647923
2500017086 66824358
2600017888 66827825
2700016142 66757384
2800016675 66859692
2900016426 66779848
3000016395 66794643
3100015510 66958443
3200016439 66832366
3300016958 66930631
3400012143 66935167
3500016132 66977567
3600015278 67109210
3700016860 67014471
3800016475 66998710
3900016344 66927194
4000016738 67049604
4100015048 66781425
4200016123 66937493
4300016045 66891086
4400016834 66795893
4500016557 67066213
4600016500 67013759
4700016197 67112514
4800015156 67058220
4900013607 67207110
5000015780 67198670
5100016296 67104172
5200017697 66975242
5300016312 67188580
5400017023 67120192
5500016564 66946431
5600016929 66908413
5700016107 66983024
5800007880 67013567
5900015712 67053146
6000016546 67047350
6100016702 67092604
6200015462 67140226
6300016026 67188867
6400015687 67191165
6500017077 66983179
6600015980 66872777
6700016878 66977141
6800016143 66866368
6900015084 67047739
7000016427 67375206
7100016887 67225036
7200015683 67098012
7300015597 67170605
7400015858 67069297
7500012796 67108018
7600017150 67132682
7700014608 67204547
7800016708 66976244
7900016369 67144666
8000015949 67027472
8100016792 67132368
8200016204 67134469
8300100371 67040737
8400012033 66998434
8500015489 67160732
8600011451 71821310
8700014717 80933532
8800016107 79662231
8900017070 73097474
9000011372 71850867
9100019142 69263752
9200015269 70187505
9300015965 67273682
9400016228 67088359
9500016972 66580301
9600014977 65571031
9700016549 66333362
9800016366 66935313
9900015188 67272840
10000013891 71123429
10100013048 69304344
10200017263 68678318
10300017233 68580355
10400015030 67857837
10500017100 67656539
10600013645 67327863
10700017218 67341561
10800013470 67306747
10900015729 66865208
11000014871 66896301
11100017145 67001358
11200015497 66775068
11300017036 66610572
11400015643 67075495
11500016408 66645397
11600015140 67477586
11700016793 67013203
11800015696 66811539
11900015598 66290912
12000014790 67450003
12100014904 67256766
12200015550 66870440
12300012796 66924289
12400016258 66680970
12500017842 66318075
12600016486 66355314
12700016036 65808432
12800016351 64382325
12900016647 65383692
13000016009 65300285
13100017391 64957015
13200016835 66736364
13300016687 65229632
13400017755 66171616
13500016763 67209028
13600017231 66440066
13700015164 66794628
13800013752 67043709
13900016742 66783595
14000016999 67181868
14100015900 66637785
14200016328 66470662
14300015676 67176767
14400017134 66524124
14500018188 64892428
14600016355 61358597
14700016810 64349796
14800016837 65180835
14900015980 66235720
15000014537 65578864
15100015790 66448535
15200015856 66305583
15300013085 66611534
15400016048 65643742
15500017352 66134863
15600016429 64149238
15700015289 64476492
15800017084 65739712
15900016805 65148404
16000016811 66336333
16100014370 65316246
16200013826 68198460
16300015870 67698536
16400017204 66743519
16500016166 66673931
16600016700 66204493
16700015918 68819228
16800014212 66595942
16900015579 65459055
17000017803 64487258
17100016962 65088431
17200016730 64832375
17300018079 66008667
17400017757 66806737
17500017275 65488271
17600007592 64036182
17700017380 65473065
17800017792 66924838
17900017012 66771684
18000011983 66449939
18100016629 66443829
18200015173 66218496
18300016469 67533964
18400015992 66667344
18500017666 67746501
18600016964 66383653
18700014658 67046437
18800016410 67336741
18900016765 66584611
19000015817 65401137
19100015841 65757529
19200015574 66350912
19300014523 67679982
19400015467 67739344
19500015335 67612674
19600012826 67863883
19700017511 67560747
19800015707 67455991
19900015632 67670187
20000015332 67566815
20100014933 67497064
20200014454 67471532
20300014690 67709081
20400017007 67261377
20500016204 67458068
20600015159 67323476
20700016672 67456342
20800154541 67905907
20900016149 67311173
21000015072 67356149
21100016636 67422877
21200015291 67881159
21300015747 67668794
21400016714 67541503
21500015750 67674837
21600016284 67779359
21700014769 67875159
21800017210 67933882
21900017620 67711550
22000010464 67641330
22100093878 67687653
22200007865 67669365
22300016290 67786170
22400016368 67766418
22500016759 67594255
22600015766 67719469
22700016821 67695593
22800015188 67894049
22900016665 67485434
23000016419 67798648
23100014069 67647717
23200015182 67721108
23300016984 67776781
23400015065 67151710
23500016467 67769046
23600016872 67807569
23700015756 67930023
23800015923 67846756
23900014329 67730966
24000016612 67762378
24100009956 67689024
24200015798 67987078
24300016910 67754396
24400015101 67632092
24500014702 67786305
24600014814 67782527
24700015509 67711230
24800016173 67732103
24900014088 67153372
25000015822 67791117
25100016744 67751381
25200016267 67581778
25300016713 67546202
25400016348 67844430
25500015485 67867246
25600015802 67764697
25700015501 67571122
25800016772 67794560
25900015017 67560306
26000016582 67413201
26100016147 67852718
26200017473 67612847
26300017020 67623679
26400014999 70725012
26500009143 71061626
26600013882 69947864
26700016302 68841789
26800015004 68630062
26900016376 68098885
27000016110 68273377
27100016465 68128110
27200016580 67906437
27300016791 67922443
27400016591 67791664
27500016219 68041238
27600016778 67944930
27700013966 67514438
27800015180 67575751
27900014622 67704871
28000016099 67838426
28100016790 67849450
28200016689 67770773
28300007779 67786597
28400016347 67360367
28500016186 67843166
28600014994 67875384
28700017541 65463545
28800016934 63312117
28900018285 62067071
29000017770 62644971
29100018892 64408057
29200018054 66907786
29300014543 67953087
29400017015 64812758
29500014489 79993574
29600014457 79992926
29700014021 80973311
29800013306 81496152
29900013252 81082093
30000012061 83189566
30100012202 84648372
30200012198 83460942
30300012924 83224798
30400012467 83225650
30500013659 82441965
30600012422 84012941
30700017275 86444518
30800011565 87517286
30900011610 83611947
31000039235 326039531
31100036106 27056927
31200039184 27071371
31300039108 27071941
31400038048 27070021
31500038297 27075641
31600038541 27104641
31700040340 27067102
31800039397 27057089
31900037292 27061779
32000037237 27089754
32100038012 27109969
32200039701 27062414
32300038412 27121579
32400039012 27054964
32500038841 27106419
32600039755 27077972
32700038731 27068016
32800037737 27122499
32900033804 27058657
33000038029 27130117
33100037693 27041511
33200037947 27166786
33300034877 27067167
33400038769 27089166
33500039823 27075386
33600039452 27059106
33700038589 27113662
33800039479 27070261
33900039087 27125611
34000039185 27075632
34100038723 27078375
34200039435 27073478
34300039084 27067171
34400036426 27065184
34500039490 27072861
34600039352 27086593
34700036309 27097454
34800039313 27129899
34900039141 27041232
35000038966 27092667
35100037670 27059180
35200039679 27087562
35300038710 27053700
35400039163 27078224
35500040097 27080138
35600039129 27053573
35700037847 27118132
35800039027 27066467
35900040270 27066387
36000039629 27085097
36100038081 27063879
36200038067 27121215
36300039462 27078853
36400039255 27127724
36500038206 27042086
36600038371 27102683
36700039833 27067274
36800040149 27134524
36900038772 27060725
37000037763 27051217
37100038366 27072487
37200038859 27077546
37300039410 27112093
37400038870 27076613
37500038372 27106119
37600037585 27081925
37700038824 27077236
37800039309 27044194
37900038189 27044220
38000038123 27107085
38100039623 27066332
38200039226 27163375
38300038356 177522066
38400036500 27073234
38500039446 27104687
38600037465 27040153
38700039367 27167219
38800039597 27086285
38900038700 27065773
39000039109 27079827
39100038822 27057903
39200038863 27143902
39300037251 27077927
39400037396 27117384
39500038996 27075919
39600039819 27120085
39700039903 27055618
39800039962 27080425
39900036555 27064210
40000037815 27071551
40100039018 27130448
40200038490 27054840
40300038076 27129787
40400038729 27062599
40500039369 27056716
40600036200 27044469
40700037927 27054781
40800039248 27119986
40900039829 27056307
41000028701 27176230
41100038024 27142376
41200038552 27102364
41300038872 27051188
41400038599 27073978
41500039195 27089156
41600040151 27076301
41700038393 27101808
41800039602 27062177
41900038368 27103160
42000039923 27054141
42100039521 27127567
42200037677 27068743
42300038457 27063058
42400038719 27073443
42500038505 27053977
42600038490 27136794
42700038645 27058574
42800039605 27137586
42900039110 27069444
43000039657 27140974
43100038645 27069274
43200038664 27051546
43300038102 27096731
43400038285 27092027
43500040372 27108519
43600038460 27042439
43700015184 40625357
43800020595 52784081
43900016458 52434353
44000025968 53909340
44100022369 56969296
44200013691 60754524
44300020385 54083853
44400017919 52017791
44500017947 57677430
44600016135 62351714
44700020790 66384474
44800011454 70875342
44900010320 73614962
45000019609 77587726
45100009991 80243497
45200008251 82555730
45300008515 85653913
45400017874 88731852
45500015178 90245754
45600018408 93112467
45700007423 94655282
45800020471 97573623
45900009978 95778003
46000019933 97360396
46100011172 98706451
46200009229 99710948
46300006425 101105574
46400006202 101572096
46500013310 104867622
46600005513 107027367
46700005553 106460279
46800019998 108610200
46900006326 107060110
47000020529 106018043
47100005643 107762445
47200005792 107079201
47300006287 108665562
47400019413 110731676
47500005541 111546471
47600007333 111550182
47700003867 113233801
47800006413 114755477
47900013352 121507429
48000004641 113703225
48100005663 112634992
48200016746 115463454
48300004015 117563262
48400017606 119502224
48500008201 119701532
48600018496 119848409
48700007627 120768664
48800005716 121247016
48900005256 123251071
49000005856 123063580
49100005837 120645661
49200006543 119953217
49300018309 122745517
49400006691 121746484
49500006834 122043123
49600005302 121920986
49700014210 123557058
49800006220 121927259
49900014389 122228032
50000006259 122821713
50100004228 126479067
50200020530 128786464
50300009331 128493421
50400020558 125937620
50500005213 124527497
50600006963 128332084
50700005584 123719524
50800005874 126964926
50900020686 123128693
51000004639 122943398
51100016675 125872204
51200006522 127398331
51300003847 129027880
51400005751 128833537
51500008772 129321051
51600007510 127994331
51700005251 129973125
51800011607 129004512
51900008400 130139538
52000004954 131231485
52100009758 130444891
52200004301 131816112
52300004583 133795125
52400004918 131766787
52500005997 133388828
52600019045 132668021
52700015244 136043723
52800023312 134920785
52900004310 136502084
53000017138 133882062
53100005886 136559612
53200005157 138685181
53300010819 137142892
53400013046 128622157
53500007281 131703434
53600004295 133672353
53700012992 132441000
53800009407 134724202
53900004935 133948923
54000006387 132414967
54100006065 135127021
54200004667 135225839
54300009211 135779915
54400006944 136875572
54500008066 132694134
54600010844 137591288
54700004272 140811670
54800015474 139988193
54900011311 143185517
55000018147 142364098
55100005856 141956363
55200004903 139270887
55300004089 137919545
55400005749 139319678
55500019824 139913174
55600003736 138231722
55700004750 139860646
55800005452 139768334
55900004472 138592618
56000005498 141029479
56100004160 141224042
56200019913 140164806
56300006230 142774618
56400004943 145323657
56500005067 144285140
56600009565 146723894
56700004768 144292996
56800004810 141760652
56900005648 145738252
57000006707 140761346
57100004361 147407796
57200004474 147124411
57300002531 148938966
57400006831 140973106
57500005225 147832110
57600019158 148485901
57700005324 146967468
57800005302 148508888
57900006620 145647231
58000009917 149569903
58100007749 149241523
58200006961 149218791
58300005078 148132813
58400006960 150039909
58500006175 147062632
58600005254 150709773
58700018668 150048799
58800018162 148191249
58900004515 145783121
59000007262 148573248
59100002639 152189189
59200013131 151620802
59300002845 149270805
59400004783 151950634
59500004516 153758750
59600006069 154709760
59700004315 155181209
59800016275 149584388
59900020383 154046111
60000004735 155839675
60100005712 154483275
60200009276 154300311
60300014902 154533158
60400004928 155472292
60500023370 154614844
60600018390 153585275
60700004241 152683238
60800003228 155112514
60900023750 154463852
61000006456 151341449
61100004830 153437065
61200005257 152696847
61300005051 155861285
61400004156 156734454
61500004047 156717156
61600006535 157362977
61700004292 153115629
61800014554 174685724
61900016623 155849077
62000004256 152696638
62100004050 155590678
62200013765 153527644
62300018563 156526375
62400017469 154837046
62500003550 151497220
62600003335 156300297
62700009324 153067512
62800004263 153535807
62900019179 154754278
63000005189 156373166
63100007530 157579396
63200016507 155877525
63300020610 156227869
63400015316 156991066
63500015532 154355080
63600004146 154161196
63700004383 155920590
63800004772 156697343
63900007337 157056802
64000004349 155544930
64100003911 158836885
64200009779 158540966
64300025377 153553414
64400006079 154570630
64500004740 157630587
64600004391 155812429
64700019023 155942574
64800004064 156437846
64900004713 156076465
65000013499 156424566
65100005732 157684509
65200016398 157022009
65300004491 156828494
65400003702 155338944
65500018695 156106777
65600004999 158139513
65700006270 157180865
65800016500 153494244
65900005563 156622243
66000019118 156215815
66100019186 156158451
66200004252 158190042
66300004455 154966957
66400005141 155599893
66500022087 158332339
66600005159 157986450
66700004770 159012380
66800004240 156077696
66900004460 157994617
67000006897 156761801
67100004077 158109316
67200003964 155263311
67300018663 156543262
67400017693 157498326
67500018367 156379271
67600021368 156433047
67700004292 155415359
67800004899 156851691
67900020337 154122848
68000003841 156549320
68100019368 157621384
68200004991 153953434
68300006386 153894798
68400004102 155692187
68500013629 155356473
68600004002 160164989
68700003960 155113648
68800014646 153578981
68900017695 155981306
69000005771 157648400
69100021653 154754797
69200003823 152802981
69300017678 155133029
69400004608 153548466
69500002529 156510277
69600003872 154952006
69700005998 157252408
69800003735 150712833
69900004938 154480981
70000006406 152390620
70100005534 153578653
70200004881 152899858
70300004389 155037694
70400003578 155185115
70500004610 155511964
70600004088 154456711
70700004237 155127394
70800003874 156276046
70900013909 154146253
71000006599 152155768
71100011895 152626018
71200005461 151577770
71300006037 153957838
71400003257 149999493
71500004647 150707461
71600003783 154780590
71700019082 154101812
71800004544 155520607
71900020758 152720740
72000004072 152479557
72100017924 154652690
72200004167 154097119
72300019361 153261128
72400012440 151932751
72500021851 152907378
72600004373 153125627
72700004514 154280407
72800001113 151166009
72900004868 153907710
73000005187 154221509
73100005449 153166035
73200004933 151446358
73300005589 153632466
73400018444 155091657
73500006497 154102631
73600004599 153288310
73700006583 155257744
73800004243 153155721
73900002549 155735005
74000003825 155450812
74100005614 151185504
74200017146 152123742
74300005659 154142789
74400006452 155364883
74500007843 153500070
74600010288 149085709
74700003695 151480362
74800004060 148923104
74900018343 150167699
75000003982 153913774
75100022604 153968261
75200004403 151418413
75300006227 154283966
75400005171 153302696
75500003956 150458964
75600004399 150366754
75700003815 153152001
75800004742 152156219
75900005904 153900263
76000004168 152112561
76100005007 155295015
76200008814 152822758
76300003771 149354369
76400009905 139345650
76500003800 149322744
76600003942 150600743
76700022082 148158648
76800006020 150255683
76900004120 150822756
77000021528 151481374
77100003805 151735374
77200005077 156030562
77300005884 155752804
77400004035 152924097
77500003450 150582582
77600020016 154045777
77700003993 154730384
77800003374 149654360
77900014711 149294984
78000004277 148674049
78100009294 158541538
78200003364 155943930
78300004123 152515240
78400003488 157574551
78500010782 154498500
78600017212 153376191
78700005059 154664442
78800005925 151601917
78900005133 151006973
79000004871 153874611
79100005496 152703214
79200014210 153180238
79300005813 155299271
79400008978 153419755
79500005078 149413114
79600005055 149157796
79700004748 145909843
79800017298 147548069
79900068090 148753767
80000007585 146110718
80100011170 147584932
80200010417 149066128
80300004266 149649621
80400004255 151478811
80500004121 154762331
80600005282 153256771
80700005232 154647437
80800004118 154854946
80900020896 153605160
81000004139 148838222
81100004599 155642257
81200005046 155594188
81300004496 152368366
81400004564 145913010
81500005238 150350159
81600004073 153008382
81700004314 155614464
81800005703 154527729
81900004629 152224905
82000004032 154051426
82100011639 154633620
82200005690 154183781
82300005866 152674684
82400004033 153883809
82500003334 150472934
82600017970 149203855
82700004900 147057367
82800017115 147817830
82900005009 149417262
83000017102 154329355
83100005867 151115464
83200005497 155685699
83300002992 172158420
83400005337 156935143
83500005061 151798637
83600007799 153093251
83700003917 151253330
83800004350 151838991
83900018808 147829726
84000003560 152063296
84100007750 149231338
84200004539 147488880
84300004734 154307930
84400004022 149426448
84500004686 151645453
84600008799 152983221
84700004218 149696187
84800004552 153291118
84900003247 154216725
85000005142 154002950
85100004792 156731860
85200005462 157622802
85300016983 153382873
85400002937 150315918
85500011115 151368230
85600020493 151717045
85700005997 153006557
85800015056 149143891
85900004923 150780785
86000007026 148170089
86100005791 150396748
86200004222 149967755
86300005833 153061718
86400004354 155979771
86500004760 155795668
86600009157 152976946
86700015961 154432156
86800010926 152828935
86900004082 152472266
87000004794 155326405
87100004980 153172932
87200018099 153395737
87300005415 156739451
87400025074 154080550
87500005270 148792915
87600006261 151282354
87700003640 154238219
87800004396 149901314
87900004190 139410006
88000007159 153504804
88100005541 147586893
88200004564 147756261
88300018737 147416475
88400004894 147066089
88500022731 148221648
88600005180 147667199
88700003740 148439131
88800008099 151198132
88900003854 149871587
89000004221 148119501
89100004317 146685734
89200005173 149397219
89300004736 148747109
89400004151 149168228
89500013995 148340687
89600002279 152195303
89700005054 154802116
89800003788 151393386
89900007360 158839937
90000005331 153324143
90100018351 154455669
90200004589 152332399
90300013313 152396022
90400004312 151244909
90500014898 147682755
90600013630 152289680
90700005179 150374035
90800004899 152133434
90900024008 154192813
91000007309 153473284
91100004784 151794741
91200007210 154619104
91300011220 150918609
91400005087 149706158
91500004745 149153274
91600011772 140288373
91700005140 145836835
91800005213 148011924
91900003625 144846733
92000005549 151321691
92100017343 149518321
92200003820 151075029
92300003731 149391733
92400005105 150376000
92500014963 150722860
92600005943 153070269
92700004361 152824973
92800016617 155351705
92900006022 151490981
93000012298 153242595
93100013020 145971982
93200017417 154097227
93300004670 151398968
93400008857 155520829
93500004828 153933390
93600003864 146606910
93700014985 146345606
93800005163 148511401
93900004748 150657504
94000006714 155134956
94100004918 153166484
94200004680 155594946
94300005608 152012962
94400004903 153622725
94500003882 154150012
94600004031 149907911
94700018708 146413444
94800004822 144836407
94900004830 143282246
95000004257 145333716
95100003808 146366574
95200005238 149553564
95300017966 153263334
95400010652 152872413
95500018318 154487737
95600020457 153019659
95700003407 152369494
95800004163 149023438
95900010207 149691069
96000018553 150318732
96100023845 151656610
96200003766 154499018
96300003792 154246120
96400008712 154873506
96500003322 151330241
96600005161 151921591
96700014155 150914903
96800004532 151613445
96900007658 156592557
97000005112 154642725
97100018435 154022867
97200005207 152146186
97300024756 152822778
97400019061 152224645
97500012986 150859873
97600004812 145679232
97700005471 150483067
97800003845 150335803
97900003593 152144728
98000004602 152779852
98100006113 155097612
98200007341 152304926
98300004985 151175623
98400006192 155635278
98500018291 153005860
98600004241 152297530
98700004904 151958607
98800003721 152952709
98900004457 153015261
99000017959 150125691
99100004624 149375480
99200004361 155297535
99300003183 148934958
99400003968 150047952
99500005901 149138044
99600005514 153486010
99700008488 149100976
99800003976 151164011
99900004515 152217203
100000007009 147350591
100100003823 143997282
100200007398 146957477
100300018901 143162113
100400017215 148131421
100500004920 147170954
100600017919 148014748
100700021042 147598229
100800015294 149802554
100900015052 148523954
101000009745 147703570
101100004066 148954007
101200005835 149723281
101300011998 148258324
101400016008 151068842
101500017423 147773448
101600018406 147479155
101700006295 150191511
101800003883 149836232
101900006400 154475488
102000005745 148805683
102100004070 151784810
102200005317 151151159
102300002903 148165997
102400003943 154699455
102500004861 151954770
102600005334 151096338
102700019633 149713041
102800006569 152508874
102900005808 153739108
103000003965 150369607
103100006496 152992134
103200004021 151560406
103300012490 145301374
103400025578 146452723
103500004920 150116057
103600004626 149230842
103700004092 147550562
103800004777 146557471
103900013350 149041139
104000004699 147015603
104100004068 148633175
104200004632 149610049
104300016775 151497257
104400006251 148925701
104500004329 142424336
104600006547 151096963
104700004158 152783731
104800004367 156368082
104900005585 151904171
105000007054 152228112
105100005029 152613295
105200019758 149279873
105300022785 143885050
105400004628 144040405
105500006342 153034835
105600005607 152565571
105700013386 156391740
105800004099 153228279
105900018076 158327194
106000018991 151177956
106100004823 151887057
106200017748 153595817
106300004326 153344476
106400014797 154589501
106500013046 152113837
106600007259 154777296
106700005017 150981205
106800019157 149821169
106900013358 144450773
107000018544 146293502
107100005976 147970017
107200013353 144355651
107300013351 148527427
107400005894 148908976
107500004597 148860201
107600005088 147447404
107700016472 149824526
107800004616 147376054
107900004188 152975761
108000019038 154138682
108100017471 154856600
108200016274 155176905
108300006706 152786903
108400010486 154360209
108500018705 154703371
108600005107 152091588
108700020437 152166307
108800003889 153480627
108900004870 153604438
109000017569 151508049
109100004578 149480222
109200004974 156983736
109300004586 152875245
109400003980 146173745
109500005390 152017226
109600005270 150326630
109700017072 148385312
109800018821 152231398
109900004772 152936515
110000005201 151862740
110100003068 153855290
110200011006 148421897
110300004577 151402365
110400005021 153652612
110500004394 152089708
110600004310 150209005
110700018137 146060331
110800012954 149711931
110900018510 148413409
111000010181 148843545
111100005114 147769432
111200008996 147706416
111300004374 146576541
111400006122 148356452
111500012058 145268942
111600004733 142919525
111700020314 147586814
111800003663 148515169
111900015520 151158323
112000005407 150030729
112100017765 151048207
112200003531 153156878
112300013740 153093833
112400017069 152691391
112500004503 153072846
112600014034 150804221
112700005690 147118763
112800018357 150491889
112900004115 150775475
113000005324 149146819
113100004032 151677142
113200008350 151363743
113300005692 150867689
113400003979 152450035
113500004779 147722000
113600021427 152664870
113700004127 151468959
113800009961 149685062
113900004804 153932925
114000006231 156171555
114100004041 155177879
114200003127 154401865
114300015581 151806466
114400014941 152142678
114500013314 154133813
114600004169 152201679
114700004096 151371196
114800017865 153818429
114900014610 149430165
115000013513 143690627
115100005007 147359748
115200015141 142852400
115300012614 149413774
115400005084 149195255
115500005607 149406580
115600005096 146098529
115700004057 151692984
115800005332 146371828
115900003564 153244405
116000018070 156260964
116100018529 154318499
116200004764 154877598
116300005411 152633640
116400005041 150515968
116500017736 147963874
116600005495 148729733
116700003511 147185127
116800004905 153275653
116900004118 155093054
117000015925 152418411
117100007449 151471918
117200004584 148379765
117300004409 153678399
117400004754 152962738
117500010931 152378961
117600009371 156137354
117700017983 153797060
117800003928 153751654
117900003904 148593199
118000004815 153076048
118100015788 153896493
118200004604 155577460
118300004040 153370075
118400004894 153744837
118500004849 152219663
118600004030 151837743
118700004051 154673061
118800005304 154156748
118900004703 153725312
119000003876 149273698
119100004539 152527928
119200014218 151127156
119300005629 155907715
119400003891 152307202
119500006717 152688215
119600004284 153710811
119700004291 150914035
119800004511 153593192
119900010755 152749780
120000019418 151346260
120100000039 153337933
120200005206 152123789
120300026562 150802376
120400005103 153000688
120500003575 171681822
120600002957 154020852
120700004696 150983759
120800005467 150904801
120900004740 147971207
121000003825 152327845
121100009750 148775599
121200005940 146796080
121300013727 151547903
121400005225 135427691
121500013541 152833141
121600006813 150517686
121700006223 152475493
121800003248 148327516
121900007177 153111188
122000005140 150265816
122100004566 152184659
122200003853 154849418
122300004091 150819485
122400004030 152497258
122500008713 151080156
122600003909 153175457
122700004001 151987624
122800004237 151006473
122900004246 154386542
123000005103 154253551
123100017952 153618317
123200021515 152842201
123300005520 145982953
123400014898 152178650
123500004982 150408339
123600004150 151144204
123700010951 154896302
123800016879 153075081
123900005350 151104494
124000014231 152738758
124100004956 150043289
124200004807 154091435
124300003241 148728772
124400003565 151647164
124500003881 154710782
124600009774 150645640
124700004223 149167151
124800010108 150862943
124900016751 154535326
125000005113 148294285
125100003114 152749401
125200003769 151447655
125300004336 154337103
125400004820 152952451
125500018982 152203085
125600005859 152613040
125700003441 151522445
125800005951 153694076
125900005992 151954359
126000014219 148133982
126100007689 154626133
126200011679 154251309
126300005744 147763172
126400006113 151697997
126500005646 155000866
126600011670 151589744
126700014775 153921939
126800094085 145403198
126900005252 145600822
127000004853 149826085
127100005030 151986466
127200005861 152033064
127300010223 152573553
127400007022 152247745
127500009089 148778867
127600004561 149755755
127700011977 151721634
127800003439 149253217
127900016271 152724241
128000009217 149516615
128100018188 152421960
128200018933 152004445
128300017746 152950935
128400019737 152947463
128500006105 149005010
128600004979 150656174
128700015860 148433700
128800004044 154061609
128900005032 155026602
129000018948 150861169
129100020131 151334844
129200003838 152314074
129300018373 150943795
129400013239 151013708
129500006746 150092661
129600004266 147040811
129700005266 154533497
129800019603 149608719
129900005217 151380655
130000003849 146756999
130100004105 154170141
130200005167 149124028
130300009533 151831964
130400007984 152827103
130500004264 152440564
130600004335 153513377
130700039019 148765071
130800001196 151120650
130900004881 150341410
131000005117 145644446
131100004271 150841147
131200011186 149638757
131300006537 152844753
131400006306 154138782
131500003545 150418844
131600022799 152751253
131700006020 147684810
131800005031 152028355
131900004077 145313457
132000004962 154716824
132100018346 154688028
132200017450 153413283
132300018659 153993629
132400014861 148275890
132500005240 150631634
132600006550 151132896
132700018253 148559529
132800004135 150723092
132900017224 150685921
133000021454 149547259
133100020189 149698131
133200003577 150179128
133300004619 150861598
133400017735 150825107
133500003676 147733023
133600004340 153138434
133700005010 149637107
133800005283 150078162
133900004108 151675117
134000004917 149198972
134100022058 149896096
134200004145 148839287
134300023947 149871421
134400004055 147971385
134500040332 149532362
134600005879 151399345
134700005108 152329423
134800006011 152037067
134900004365 142562536
135000003965 153075877
135100015332 150154208
135200004187 149382453
135300016320 148667374
135400013894 143247635
135500005075 152705492
135600014885 149209088
135700018940 150190592
135800004177 151251256
135900006763 149619091
136000004673 151680499
136100005073 150834126
136200003676 150670719
136300015119 149783991
136400018320 150332820
136500005942 149280802
136600009402 150574657
136700003907 152239406
136800016324 151081449
136900004465 149934961
137000003929 152743712
137100013510 150659097
137200004705 152267238
137300003723 151663818
137400005164 149877557
137500004303 149784664
137600018146 150480119
137700005187 150054160
137800006756 151120332
137900004535 149547993
138000004600 149882751
138100005077 150826370
138200005388 150532454
138300004158 150698767
138400003927 148828284
138500010921 150148721
138600004110 148285152
138700005319 150490438
138800016938 150270749
138900005325 149645009
139000004886 149111322
139100004031 149888712
139200010288 149164456
139300005344 149194909
139400004139 147248229
139500007825 150132543
139600005251 149548113
139700014990 151244558
139800016850 147302129
139900003997 146275447
140000009745 149028238
140100005415 148433303
140200018385 150637199
140300003961 147038527
140400004616 148312466
140500004965 149842731
140600004151 145709193
140700018221 149473016
140800002986 151207965
140900004342 151865853
141000007875 148274689
141100005088 148739265
141200018638 152322060
141300005146 151203286
141400003816 150648092
141500005582 151575059
141600004612 150632514
141700025547 150947296
141800036518 150448488
141900016722 148452806
142000004824 149070907
142100019334 153209606
142200017071 151200486
142300004608 151050053
142400007321 148872180
142500005310 144672825
142600005696 147050307
142700021910 144898000
142800003279 151659447
142900017554 152581097
143000005391 154815299
143100005880 150486609
143200005426 151389832
143300013733 154325019
143400005324 148766763
143500005246 152104747
143600004002 151962632
143700005291 146316717
143800003339 145135972
143900014293 144549704
144000006412 150262743
144100016420 153287682
144200004194 142309076
144300004228 153200729
144400013579 153159786
144500003790 152773125
144600005904 149345162
144700003979 154194857
144800004116 153458726
144900005161 153945134
145000003949 153247772
145100001175 151312266
145200003811 152060276
145300006672 152993092
145400025132 151440435
145500005229 151119207
145600017051 151461690
145700018653 151725854
145800015713 151005506
145900016342 152380379
146000005104 151699020
146100006169 153109209
146200015523 150145263
146300016954 148881621
146400017798 149707996
146500007427 152488947
146600006477 152311530
146700022184 151363589
146800015966 150871108
146900016675 152170917
147000004091 151216109
147100003934 146742025
147200007985 150825008
147300010437 150601067
147400003706 150654274
147500004549 149600651
147600020840 152201571
147700022012 150519507
147800005134 150777250
147900010336 151443500
148000011758 149195998
148100018871 151548380
148200003898 149412278
148300005662 151548295
148400004914 149015873
148500003953 150467403
148600012008 150259920
148700006090 153210100
148800016435 152084111
148900004496 153118663
149000004011 152122990
149100021852 149046521
149200021755 152840927
149300004898 148176742
149400020754 150512653
149500010433 149984885
149600005160 151612564
149700010193 151241312
149800017970 151795197
149900007970 149814207
150000005327 152149210
150100004934 149216495
150200014411 152603618
150300004424 153210118
150400010006 149037346
150500004342 150610023
150600004664 150238561
150700017537 152663257
150800005486 153438943
150900003255 149557512
151000003771 152546478
151100015241 152080123
151200005336 152620980
151300006137 149924177
151400005437 152690860
151500005981 152949597
151600004031 150340992
151700005009 151901270
151800016682 150657728
151900017766 149923937
152000016197 152285475
152100016215 152002278
152200006437 155282430
152300004528 152812003
152400005725 147477011
152500003370 148776933
152600006998 150654864
152700004709 151943039
152800014693 151692051
152900004443 150897468
153000018890 142467152
153100004045 142997647
153200009775 153007402
153300017703 152623876
153400007285 151098818
153500006944 151711497
153600018368 149755425
153700013998 153554731
153800007315 153940742
153900005998 152112798
154000004249 152406593
154100004051 152571895
154200003119 154038524
154300018108 150623995
154400032936 152982394
154500009347 152068685
154600004073 150289266
154700020227 153725966
154800020261 153589681
154900003269 151282511
155000010634 153345328
155100007246 152410147
155200003391 151743534
155300004667 153734131
155400004690 152221815
155500004963 151504735
155600003197 151210399
155700016427 153867660
155800019102 151990327
155900018621 152776720
156000005415 152816309
156100004428 152199834
156200003884 153345359
156300012913 152938668
156400004100 149387367
156500003618 150964693
156600018284 153098375
156700022968 152739640
156800017634 151896172
156900004163 153186209
157000005113 152387226
157100003491 153863372
157200005499 150365382
157300005182 154097441
157400004044 152261724
157500020161 151274553
157600004821 153233339
157700004630 151417941
157800003904 150234556
157900004888 152341210
158000016161 153659841
158100004385 150175835
158200011334 151396547
158300016877 152276877
158400004802 152804782
158500004919 152534977
158600005372 150089458
158700006485 152808515
158800005068 153802884
158900004328 152641381
159000005549 149909746
159100019279 154659133
159200018797 152630356
159300008331 152301947
159400005132 150545229
159500017738 153243139
159600004204 150384742
159700006817 151595285
159800018209 153778559
159900003523 151541676
160000013054 152805310
160100005044 151673651
160200017078 136836415
160300010265 144909774
160400022118 153039563
160500018146 152922936
160600003776 155289633
160700020916 149168369
160800004602 148978835
160900005508 149068781
161000004736 153479104
161100016249 142361048
161200003520 152512193
161300003737 155256295
161400019273 151811986
161500007207 152521030
161600004276 153621393
161700017679 152322530
161800004202 153808091
161900006870 152303400
162000019196 153213997
162100008331 150202801
162200004443 150645346
162300004539 153859042
162400004080 149826584
162500005646 156046728
162600005071 150065391
162700005065 153050174
162800013036 148387496
162900004017 152404611
163000012612 152909384
163100006972 148366890
163200021292 149729865
163300004105 149542188
163400017664 149352249
163500010297 149018786
163600003180 156606954
163700021850 150447202
163800004077 150190983
163900005057 148068295
164000005193 151093203
164100005026 152194062
164200006640 143456007
164300004378 148690136
164400004092 149062818
164500005697 149535591
164600003691 144494566
164700006687 108067690
164800012922 114040449
164900007075 133107970
165000013546 134074569
165100035651 96166900
165200004662 93497735
165300030948 100410992
165400051345 74334791
165500008553 93999844
165600004353 83497605
165700007370 88902149
165800005332 73575706
165900004951 110575987
166000011236 81833407
166100004914 87350774
166200007955 66456411
166300009232 80572722
166400006934 95595613
166500006269 88373384
166600017711 81550617
166700004030 94622697
166800006752 135722032
166900016397 100916397
167000013883 109940372
167100004951 120204778
167200004809 132938285
167300024425 134618240
167400006323 131244990
167500005142 131482524
167600014809 137311140
167700005382 131152244
167800007319 131596831
167900004681 130578227
168000004877 128321791
168100005679 139684164
168200004809 135274096
168300004008 130930862
168400002967 124023947
168500014083 128429256
168600004267 138672470
168700012517 97995784
168800009441 124806148
168900004021 126226639
169000009634 137877825
169100004875 137588008
169200004531 137794852
169300015220 132366592
169400003157 133498213
169500020498 121669601
169600007230 118901431
169700004750 140030299
169800008508 139419016
169900010835 139326283
170000007615 143121249
170100007417 140859150
170200006829 127525804
170300006600 128485199
170400006471 142185072
170500003983 133460597
170600009492 143751661
170700004200 145883880
170800017606 153733144
170900012229 155564811
171000005048 141750833
171100003210 149429325
171200004363 156907859
171300004012 158239629
171400006702 162616300
171500003795 158546031
171600004924 161322201
171700003032 158369478
171800004328 156252888
171900006401 151079762
172000007910 100407589
172100006339 152296332
172200009107 145695381
172300005011 159661554
172400004149 160202818
172500013888 141491080
172600012326 130376757
172700014505 131535212
172800017100 121694933
172900020270 143082712
173000044905 133029487
173100009777 133006887
173200010026 137418111
173300012361 142144497
173400008873 127409009
173500010031 145675480
173600016714 134241112
173700004861 134492122
173800005877 141387633
173900008073 130771497
174000006780 125212822
174100004294 163499204
174200006558 152578740
174300013672 165167112
174400005793 159649728
174500006866 160665655
174600018156 156118319
174700010457 150800947
174800012947 154752584
174900003761 157127189
175000004115 157607725
175100012663 158466873
175200013369 123318074
175300004485 131762561
175400004781 147088305
175500004911 145995635
175600011261 148562626
175700005134 146501318
175800018475 147954078
175900005318 143673803
176000004766 147818709
176100004501 145040501
176200003942 150009587
176300004793 144745029
176400004156 150265778
176500017653 147301639
176600004194 147432632
176700004098 147306291
176800005410 145922724
176900004766 148455987
177000004702 146496045
177100005018 145635722
177200006791 145835015
177300004244 147564891
177400019898 147483087
177500014703 147009559
177600007131 146849288
177700004927 146071929
177800004881 143399971
177900017718 143785411
178000006877 143858352
178100002788 140229572
178200009931 147421565
178300008084 139723467
178400004689 147889920
178500004076 142626043
178600005445 144725590
178700003456 147704027
178800002074 145433215
178900019572 147171813
179000005660 146300925
179100004207 145523860
179200005242 145873893
179300005745 142150913
179400006621 139014931
179500005621 150255351
179600003340 145898061
179700005194 135678111
179800019691 133901191
179900004862 129684415
180000005903 136800167
180100004478 138503479
180200006478 135212563
180300006210 145526701
180400019493 139371279
180500005930 132101716
180600020420 144383425
180700004966 139204205
180800004372 128766863
180900007798 142138377
181000004160 131264428
181100004059 128969938
181200004572 137848136
181300016289 135403977
181400004866 138030760
181500019072 141710305
181600006081 137849574
181700018495 146178050
181800004205 141125915
181900003784 143277966
182000004854 139982497
182100004275 140550982
182200004743 149840649
182300004727 145367180
182400004673 144991090
182500010052 143816448
182600019349 152408151
182700011320 149859825
182800005730 135963983
182900005599 148500109
183000003964 146754512
183100005384 148209080
183200003178 142933118
183300004902 152291490
183400014152 153056991
183500004054 153283132
183600004757 148252265
183700005311 151699569
183800011537 154786154
183900006122 141166561
184000005011 152253086
184100007069 158455153
184200009929 151115933
184300004364 154029663
184400002871 153121347
184500004219 154802603
184600005437 155804389
184700020070 157424209
184800020037 158062136
184900002073 151709963
185000018638 161251331
185100007027 159811236
185200002897 155071202
185300003206 154708558
185400006172 173749561
185500018775 156640192
185600004266 164173171
185700004864 164317105
185800018784 158777124
185900006349 163922356
186000005385 156877605
186100003257 155633036
186200005283 155399827
186300018144 157353154
186400019939 156232057
186500004028 158722736
186600005324 160464231
186700004886 157934396
186800021282 153763898
186900004770 149833604
187000004917 157983608
187100007538 152877109
187200005415 161367796
187300018598 157386360
187400004009 161992101
187500006979 156468293
187600005804 149244671
187700003126 149605054
187800015459 159482765
187900017199 154976866
188000005541 159048005
188100012526 161719521
188200005306 162773223
188300005104 164352601
188400012074 162135454
188500004157 148008047
188600018452 160837968
188700004816 161127592
188800003473 159590853
188900005263 162359449
189000007089 163240267
189100019601 157892901
189200015105 160583923
189300019166 160286434
189400004320 158185526
189500004017 164071682
189600005595 162992546
189700005977 154519394
189800004168 164675016
189900017441 161818971
190000004713 157396623
190100017423 164885513
190200004116 162460801
190300011541 160912828
190400017257 161785840
190500005198 165541164
190600014362 160888480
190700005033 160953594
190800003450 162656750
190900018105 164640606
191000007479 146824672
191100009049 164199962
191200017257 159717446
191300004941 169059742
191400004179 164668703
191500005666 165681598
191600003023 158996044
191700004719 164887011
191800005658 162741329
191900004217 159250947
192000005618 164497788
192100004063 152538115
192200007724 160752032
192300005228 155871493
192400018998 162036440
192500018436 153030248
192600018815 157602833
192700004746 163787966
192800003878 161772814
192900009253 165851371
193000005830 168815133
193100008340 164901352
193200018960 164579785
193300004252 168823099
193400002795 162324773
193500004560 163655047
193600003479 159357865
193700003969 168295923
193800005020 165425039
193900004982 167814793
194000004836 156216846
194100048831 150561161
194200003064 151506536
194300004723 156292529
194400012271 156898043
194500016597 141907958
194600018819 163391806
194700017673 164776050
194800003513 158966085
194900021574 147676836
195000004937 151126862
195100003846 161478347
195200020817 157077605
195300006397 154263894
195400005146 163019561
195500004930 162742276
195600004724 163664485
195700004213 151733292
195800080245 152879298
195900018735 152235274
196000018201 150199537
196100004807 145767749
196200005060 159302184
196300006070 158768339
196400007397 149583007
196500008827 152267200
196600005849 161497766
196700004834 158270209
196800005853 155670948
196900008571 165178295
197000004988 165344880
197100014589 168119817
197200019367 162123675
197300005488 160471956
197400014658 160583846
197500007155 160470382
197600018939 151950443
197700016903 157005168
197800003012 158935856
197900004625 158510195
198000019449 158468092
198100003864 160586928
198200007281 160126059
198300005185 157634278
198400007537 154918734
198500007745 154764467
198600015856 159674784
198700004288 159813417
198800004785 161894152
198900007870 157294473
199000014631 148750299
199100005375 154906827
199200012177 157457131
199300004290 162099905
199400003890 162247695
199500005726 162580743
199600011007 156574022
199700004189 156306973
199800005063 157275064
199900019377 139882779
200000019616 152321470
200100004715 164019868
200200004938 163874674
200300003957 163089731
200400005598 162141564
200500018725 160314743
200600019296 150523842
200700004134 150464272
200800003921 155882245
200900004914 155989676
201000025853 149003744
201100004427 147473293
201200015839 153365705
201300019636 154110404
201400004574 138298602
201500002621 144981213
201600004583 150717649
201700015659 150859393
201800004155 154522616
201900020997 160084603
202000003917 160778263
202100005135 158547844
202200002661 160520748
202300004903 151988932
202400004899 151423015
202500003047 147021006
202600017637 150569488
202700019245 157959540
202800009455 159038328
202900004249 157278993
203000020573 155287597
203100005448 147135038
203200008973 145592265
203300015845 144893376
203400018723 156186340
203500023362 149730074
203600018330 153212752
203700018223 150077992
203800003322 158610458
203900019287 157711456
204000019465 154366917
204100003352 151376143
204200004254 152686728
204300005042 156878261
204400004055 156141302
204500020408 152124579
204600004551 154416016
204700004148 152799140
204800007274 159670090
204900003967 161179178
205000004809 161581943
205100005377 161382448
205200004648 159723406
205300011990 160087634
205400012475 154098164
205500004013 157582012
205600005229 137941272
205700008662 151715282
205800004239 134669298
205900004859 154662830
206000004375 158139867
206100005579 150582261
206200010198 124502772
206300004240 146337682
206400012109 155354533
206500004492 154589287
206600022961 150632493
206700005465 151117846
206800018927 157839738
206900003724 153792583
207000005144 141521230
207100003653 153601238
207200004763 159348749
207300004459 155781253
207400007012 150173466
207500013699 151321616
207600007472 158093450
207700004182 157694097
207800009874 153686769
207900003925 151906589
208000007488 151833295
208100005802 148644077
208200004364 149090857
208300004732 145570585
208400005434 153199763
208500005177 157786182
208600004192 154648564
208700004409 159615024
208800006591 157626901
208900004259 156284335
209000003678 152557087
209100004694 150804718
209200005935 150813117
209300003930 152529316
209400004757 151161325
209500005926 155846151
209600005130 156910982
209700004045 153801420
209800008929 153786368
209900005516 155229546
210000017751 152193735
210100004942 151913365
210200004892 159145199
210300006660 161439017
210400019487 159495561
210500003693 159407249
210600004591 159540076
210700013781 157396980
210800004090 148486233
210900005376 148744906
211000017802 160866626
211100004135 150152369
211200004995 146012671
211300005958 155201185
211400016948 162233749
211500013877 160902986
211600019660 158611222
211700010296 159104092
211800004420 154456718
211900005703 151023026
212000005383 159406677
212100017962 151415894
212200019507 150731789
212300017198 148844676
212400004985 159343871
212500004475 157124614
212600018129 160134194
212700003803 159173541
212800064885 158268990
212900003796 159649155
213000023377 159994014
213100004699 162017194
213200006957 153359457
213300004674 152106711
213400004481 154051460
213500004805 152514609
213600004957 151730670
213700004332 159842771
213800004330 159777862
213900014345 162753356
214000018872 162764483
214100004885 163560874
214200004839 162677581
214300005275 162728410
214400006357 150850252
214500003163 154886155
214600003981 156316966
214700005198 153828375
214800019065 150691008
214900005310 156208844
215000003994 154633707
215100021176 158511114
215200003734 159682570
215300057079 161333844
215400005897 162837565
215500020235 159402123
215600005562 158376938
215700008210 158280305
215800007044 158759993
215900005473 157367090
216000019820 153199528
216100004236 145579353
216200019067 163338694
216300004531 156980126
216400023185 147126268
216500004566 141056580
216600004699 155335091
216700004815 158319929
216800005234 155654737
216900018712 155448965
217000004099 159125154
217100004118 160787061
217200015492 146306743
217300004123 149452885
217400005469 156532622
217500020005 156286178
217600007331 151472099
217700004605 157302611
217800004319 153648444
217900014353 152688152
218000004714 149964305
218100006316 155566262
218200018168 155719872
218300022421 153501280
218400021322 151987863
218500004500 153846569
218600004492 148754141
218700017911 157890170
218800017544 154072662
218900006658 158412153
219000004942 140202205
219100004880 138370431
219200006242 154059350
219300008079 152038029
219400004049 151391504
219500019269 151259829
219600004869 150810199
219700018582 152165907
219800012476 153893634
219900003592 142456800
220000007746 143204582
220100003085 142866681
220200003912 141893765
220300003853 144022219
220400003443 155232948
220500004180 157481035
220600003714 160727607
220700005111 161159816
220800005387 159719851
220900003805 160398415
221000008115 158071460
221100004687 158559724
221200008740 156703133
221300011685 158599726
221400005380 155779319
221500004935 156128565
221600008942 155232634
221700005101 153488323
221800004583 152687411
221900004565 147342617
222000006450 159513034
222100006214 160511233
222200003710 160236639
222300004284 153053698
222400007978 153279132
222500017779 154584520
222600003891 153938980
222700004727 154296642
222800004318 149416175
222900004215 155685748
223000006830 137645971
223100006967 154883760
223200005602 150241125
223300020287 148662522
223400004082 148296581
223500007080 153028422
223600023879 158523088
223700005114 152848510
223800003460 150360700
223900004907 151289833
224000004886 149974306
224100004317 150705374
224200007690 149261784
224300004897 152821597
224400007033 151214685
224500003947 149858771
224600005225 149240835
224700003605 153641591
224800022593 153078703
224900004730 158610202
225000007093 156186461
225100004495 154540208
225200003728 156872723
225300004423 136014203
225400005874 129819749
225500005128 148738320
225600004998 163365261
225700022869 148677890
225800004049 143998380
225900004085 137946806
226000002975 148539627
226100002518 155688504
226200018386 157413819
226300021003 151291178
226400004115 147033770
226500003927 146499238
226600018844 143907247
226700004634 148219002
226800020276 152085323
226900005133 155746368
227000008031 159435447
227100003900 157762033
227200004075 152864300
227300004829 157199333
227400005047 156530976
227500005854 155748618
227600008495 161142541
227700007878 158027937
227800003762 153873482
227900020070 154282300
228000008252 152576549
228100006545 151681549
228200005111 152198185
228300020825 150269531
228400010109 153455116
228500013460 149367877
228600005114 150397174
228700006608 155949575
228800005442 159252192
228900018452 161103561
229000012116 158967674
229100018780 156541572
229200004690 157708929
229300020819 156917221
229400002886 157313368
229500007561 156228369
229600005084 165092736
229700005304 162758685
229800004030 147802401
229900005499 155173537
230000014567 159054051
230100012645 154957703
230200003870 153317236
230300021352 146581156
230400004892 144340186
230500004597 144488636
230600020931 143915149
230700019348 143983852
230800004312 144385281
230900004794 144493809
231000009458 143404943
231100004758 145217608
231200003119 151245798
231300005437 148612309
231400003862 141976636
231500005036 159297150
231600003539 151812390
231700003840 151557031
231800007501 150085472
231900008437 152043680
232000005497 145577061
232100005036 145340039
232200020040 153294531
232300005310 159511599
232400003842 157475894
232500007336 156534891
232600003566 150833858
232700004235 139417864
232800008616 161702003
232900003595 153297695
233000005311 152711759
233100005333 159144219
233200004389 151722082
233300019029 150644763
233400004264 157894284
233500004508 155577506
233600006457 153557599
233700003875 154753413
233800005358 155386195
233900004032 152870264
234000011426 151210583
234100019576 154312866
234200018758 156069003
234300029863 133111311
234400003833 107356970
234500004018 105340477
234600004968 153357012
234700019858 146417414
234800016525 150861343
234900003677 162393843
235000017615 160127809
235100003919 138168883
235200004042 154660042
235300005663 154825397
235400008992 155448113
235500003347 157378413
235600003654 157524006
235700004124 151676136
235800004247 149292040
235900004761 149421423
236000004046 150214309
236100005908 154982397
236200006973 146149905
236300019673 142877695
236400004440 140214032
236500005815 142340133
236600007707 148232392
236700004959 155929319
236800005308 161608631
236900002996 160200997
237000018604 161033911
237100003932 136899494
237200003630 146873208
237300019494 159376779
237400004846 157087775
237500005220 156700707
237600003973 149469152
237700004074 152995551
237800004776 152557366
237900004086 149212155
238000003070 156596507
238100010534 158651026
238200004013 159305172
238300003976 154189866
238400004032 154751398
238500005616 151232101
238600004752 155981207
238700007400 143980910
238800019370 139488236
238900004078 143163610
239000014251 152180072
239100002936 153819221
239200005210 159525295
239300005490 161626912
239400004636 158839310
239500024009 159881493
239600005116 154965830
239700003676 152990777
239800003939 153076193
239900012874 154965226
240000004570 153081079
240100005241 150537584
240200005315 156782485
240300014680 157447424
240400004153 161245346
240500004099 157833191
240600004049 158390328
240700019451 159536023
240800001756 154028676
240900010945 150513020
241000009259 151130555
241100004584 146874703
241200005582 140978428
241300004082 158436688
241400005119 158964476
241500005269 157978881
241600004319 147416439
241700005374 160510719
241800004413 158976521
241900005542 153777374
242000005553 152238651
242100004124 146272768
242200004719 152124163
242300003858 154193080
242400005020 145960027
242500003807 154687805
242600005164 151184393
242700017998 141584026
242800004101 135254286
242900004281 155291521
243000015780 156610122
243100004972 155164760
243200005003 137085986
243300003806 140513327
243400003650 160989701
243500004200 165054938
243600018929 161939551
243700003138 152698881
243800005961 144163635
243900005417 152875144
244000005585 153297693
244100004202 156363465
244200005659 154777772
244300004990 153812768
244400005821 154500998
244500004518 152585098
244600004915 150097374
244700018809 153815080
244800003677 159471224
244900006580 153683430
245000004567 157704076
245100004870 159648921
245200006121 157561499
245300005869 160046262
245400005190 160530456
245500006391 148360701
245600006646 149248582
245700004592 161599687
245800004573 160499280
245900004443 158954001
246000018331 157946216
246100004894 139039790
246200007755 139112981
246300005748 137851972
246400010852 134560306
246500004285 133098324
246600016903 146722420
246700003874 157857641
246800005443 156318483
246900026492 131799084
247000004736 130011206
247100004505 135110587
247200005239 153001643
247300004139 157560752
247400005237 152288383
247500017457 149866375
247600005193 127561479
247700005571 137184462
247800012455 124341978
247900005108 121530197
248000004908 126184819
248100020936 126372712
248200021036 136602351
248300004407 146396949
248400003163 143262667
248500005975 144432312
248600004955 136955045
248700005861 131284864
248800021146 133161946
248900011044 133147554
249000007469 134774095
249100004399 133354515
249200022174 131999894
249300007675 133932326
249400014085 132565903
249500004325 137783787
249600004157 132413028
249700004409 130441617
249800019246 144876319
249900004127 147648137
250000006773 140206580
250100004887 156608963
250200010408 160088026
250300006291 147385819
250400004454 148526233
250500004900 147718104
250600020842 145826679
250700004914 145829692
250800004603 145123619
250900013598 145416683
251000006471 145015028
251100009716 145386606
251200004952 144954299
251300008337 144986082
251400010029 149307799
251500012177 160106799
251600004928 153175499
251700005044 151399964
251800005741 154642125
251900027880 152383351
252000004686 139003748
252100003853 140325669
252200005034 150924700
252300012899 159237425
252400018942 155649803
252500005837 158453933
252600012679 148456313
252700004081 145250359
252800003146 146350772
252900007926 159861156
253000005057 152301845
253100004928 148334357
253200012231 142071349
253300004163 124434221
253400027583 152748142
253500010010 122602426
253600004862 144640734
253700005169 143416441
253800005018 151685073
253900003469 153376766
254000004266 150494116
254100004843 156135105
254200010777 154320297
254300020103 156423654
254400004639 151211579
254500017487 146768392
254600004893 150717235
254700006804 149011430
254800002943 149917945
254900021492 151334041
255000004575 156667874
255100003754 154673468
255200011351 152852962
255300004169 148003537
255400003984 142061864
255500005118 150244018
255600004869 152532363
255700017412 153559841
255800009529 152435474
255900013858 150272549
256000004245 150840108
256100004632 143331507
256200005014 160019315
256300019181 153052781
256400013353 143876705
256500008464 146985371
256600004739 150789781
256700006999 146982391
256800005762 154524805
256900003985 152461790
257000005327 155303615
257100027498 149079658
257200004109 145143119
257300004065 153625806
257400017614 154595084
257500003701 152997663
257600004320 154285638
257700004537 155958369
257800011260 151439606
257900011730 153073299
258000004553 141732630
258100003824 147893961
258200004638 146172684
258300005511 153703657
258400004508 156031550
258500005097 153053048
258600012942 152450403
258700003642 150813727
258800018123 150885062
258900005041 149529601
259000003145 145887379
259100022189 146666648
259200004140 142371554
259300005966 143956310
259400021976 142172186
259500007049 142173408
259600004218 151500545
259700003581 165171708
259800019404 167342077
259900005052 162174821
260000013187 156219662
260100004645 155843871
260200005482 156566618
260300004919 153701365
260400005059 153957459
260500024456 153524914
260600019562 145381524
260700020302 149215062
260800004748 146777684
260900007561 146389742
261000013798 146621528
261100003929 146799769
261200004089 146714768
261300003293 146349129
261400004208 153216144
261500010044 146370117
261600004738 142095549
261700004359 136637469
261800003913 134317663
261900020306 153178314
262000004149 154740640
262100005741 151715865
262200004251 156199826
262300004163 151747278
262400009844 152851524
262500004518 150438741
262600020605 150097658
262700009161 147780656
262800005740 150721710
262900002888 146301916
263000020158 146323501
263100005867 142310993
263200016886 136563957
263300003869 148833242
263400004017 156603061
263500008058 158915970
263600005099 160072636
263700004446 161171632
263800012503 157992084
263900004166 157790187
264000004501 156622877
264100008781 157233311
264200024408 156699528
264300003555 152543731
264400007620 154693144
264500004066 142345707
264600019759 155081524
264700003509 146823681
264800004096 151879956
264900005087 146016609
265000005309 159138515
265100005235 157816781
265200003847 158381284
265300010044 154347590
265400003641 153178686
265500004414 149307487
265600016999 139017589
265700004063 134085390
265800005485 143893980
265900019729 144951552
266000003845 156366069
266100003700 152998168
266200005117 157894484
266300005170 159741778
266400002153 158905043
266500003734 158550352
266600011454 157872830
266700005765 154563644
266800005078 153336624
266900005384 151434840
267000017854 152725649
267100003897 150342092
267200009460 150479354
267300004957 146083198
267400006512 142338418
267500005910 159244424
267600005461 158590155
267700004352 157597073
267800006244 155312110
267900019407 155059349
268000011149 152103655
268100015451 147409454
268200008308 144486822
268300003702 141087235
268400022489 139582692
268500010067 147492256
268600007385 137901116
268700005733 142892621
268800009344 144868923
268900009333 144453884
269000007001 144988177
269100004177 142486169
269200004346 144241719
269300005378 144701520
269400005041 144038560
269500021513 143669715
269600003260 142451135
269700003518 141677187
269800003799 145700245
269900004623 146179479
270000020982 145800307
270100005045 155287121
270200004428 150719984
270300009436 144615676
270400003920 150039236
270500024996 152099724
270600004079 112667282
270700004179 156257927
270800004150 153471037
270900023360 153923483
271000005150 149865306
271100004019 149592396
271200004137 159000862
271300003478 165490835
271400003451 148922855
271500008910 149248525
271600004585 149237008
271700004711 147707498
271800008067 148571611
271900021840 149861448
272000008075 151182790
272100005219 151544601
272200004326 151037609
272300003401 150793423
272400023467 151429607
272500019873 149592320
272600004764 141436002
272700003790 158447317
272800003850 157205756
272900004834 158483286
273000002854 157593687
273100003867 160622383
273200020091 157818594
273300001357 146027590
273400003817 145197979
273500006945 154819540
273600020732 159004002
273700004004 159945116
273800005062 159456441
273900002962 152872614
274000021470 151920103
274100020333 151686838
274200018850 154333174
274300006674 153716376
274400004326 152217036
274500012051 157604667
274600018791 162181965
274700003732 161667625
274800004816 160685989
274900004750 159734723
275000004037 151940245
275100009772 149839903
275200019713 148867754
275300003976 150125959
275400004995 149321245
275500021016 143718415
275600005954 136145683
275700005519 132956638
275800008486 138481960
275900003438 159896210
276000004690 162803910
276100005236 161416635
276200020074 157881826
276300004918 149996944
276400010222 161779065
276500005914 162164007
276600003500 161372721
276700004247 159298349
276800004064 154817265
276900004861 154439235
277000003770 155849008
277100011004 153732435
277200004539 157376146
277300019246 160596460
277400019358 156923091
277500003941 161340925
277600005470 158058257
277700005098 155920647
277800004928 152311765
277900003364 153852239
278000026836 139125186
278100005310 133380557
278200003894 155557136
278300004708 156702794
278400005247 157522916
278500007485 158104636
278600004166 158599553
278700019174 157598093
278800019908 154308684
278900024703 148936591
279000004417 139966294
279100004048 151124915
279200002813 151888761
279300006233 137996262
279400003506 141052692
279500004024 142457505
279600007454 153543556
279700019840 148121295
279800008264 150512570
279900004224 149670588
280000018470 147165698
280100005571 152479109
280200022277 148098610
280300005196 138141074
280400019685 143676871
280500020997 143845444
280600004203 144736612
280700004817 150444347
280800020705 147402207
280900005810 139728877
281000005062 139991795
281100014244 141971703
281200003713 162399230
281300007105 160299218
281400007870 143486844
281500009212 133434122
281600003273 134401689
281700018528 144181464
281800007512 147191136
281900003845 146586510
282000004406 135481029
282100004239 137942803
282200005085 141506235
282300005588 146836025
282400020237 146865013
282500003610 147930502
282600003881 150924764
282700006024 154943797
282800018869 154763079
282900024159 153360234
283000005631 154852617
283100004291 153162926
283200005069 150282712
283300003810 150635369
283400019078 150034635
283500004028 149530354
283600007005 139333455
283700009071 147271463
283800018670 147204766
283900017750 145046235
284000004940 156823252
284100021004 180500994
284200005483 160101371
284300013710 160493352
284400004841 160042553
284500004294 151929731
284600004948 151911150
284700019724 153656685
284800004032 153064594
284900003346 151543568
285000007032 144150540
285100004309 142676867
285200004894 147302463
285300006438 158264042
285400005464 149674648
285500018870 143906507
285600003037 141962852
285700004141 158225878
285800020151 155723281
285900003913 169370612
286000004458 165676042
286100022813 164628956
286200005295 147754658
286300006775 157300617
286400003920 159081366
286500004167 165697295
286600005279 163697986
286700018022 163480340
286800004102 161902813
286900019639 152018290
287000004292 151479866
287100004090 154801785
287200003782 153962810
287300005862 152329594
287400004870 151991774
287500004126 149427012
287600004674 146025225
287700023007 143957823
287800007137 136106468
287900004493 151115766
288000005127 152741717
288100021991 151713444
288200008458 151454139
288300004927 142151427
288400004121 129781940
288500005857 141494112
288600006820 137182141
288700020184 135606069
288800006882 136764889
288900004822 136910526
289000004785 136341995
289100005817 135140375
289200006181 134424774
289300022002 135561235
289400023178 133144611
289500018875 137128149
289600019746 123529537
289700005501 150325110
289800004333 143802698
289900019860 154627191
290000005582 170834424
290100003858 168689947
290200015684 166976195
290300004669 168030795
290400026067 165290366
290500005110 149208982
290600005209 151198664
290700004009 161640687
290800019607 158519011
290900005366 158671275
291000004046 144292894
291100005148 141067543
291200018455 165790097
291300004239 153381035
291400026112 159621000
291500004184 161856089
291600004056 161554056
291700006174 162053442
291800019116 160543903
291900009706 161213962
292000003871 159839869
292100004837 161191622
292200013366 163894321
292300004735 159498626
292400005836 159658061
292500004949 156453627
292600002767 153318135
292700004187 158867304
292800004304 156812822
292900004593 158577296
293000017944 157780354
293100017319 154185223
293200004800 156583493
293300006128 159693131
293400018731 159929559
293500003414 153007162
293600003630 144871722
293700005840 149511517
293800015451 147336130
293900019779 156473736
294000005223 153468531
294100009438 150913743
294200005681 163125296
294300004026 159333373
294400004562 162126553
294500004968 158652871
294600004768 155206097
294700009949 161267666
294800019181 164035767
294900023058 143064431
295000006014 164124476
295100022128 163236174
295200010124 157694073
295300006133 158852102
295400005796 157445480
295500003377 157151777
295600005157 136425099
295700017543 124429704
295800021605 127907330
295900015074 126851186
296000007019 153065567
296100004646 159703405
296200004187 158078828
296300010718 157175364
296400012699 159997149
296500004326 161841412
296600011376 161303236
296700002919 158170542
296800003629 161069264
296900006807 155592034
297000005570 134712647
297100017677 126971474
297200004687 132981792
297300006943 135066537
297400007674 132442174
297500006398 133317599
297600004090 133355234
297700004379 164192211
297800018889 165262164
297900010593 164891726
298000004100 158842617
298100004339 164858180
298200005800 163742707
298300004353 160772222
298400004927 159354331
298500017429 161749740
298600004866 151332147
298700021927 141482772
298800005204 135791690
298900006156 134709173
299000005189 134862233
299100011977 134711462
299200006328 135388180
299300004075 136339615
299400018457 137185345
299500018267 136298516
299600004644 134577390
299700004394 135217130
299800020581 134424170
299900005285 134992100
300000008876 135349456
300100004007 133548261
300200018084 136843117
300300019981 135384669
300400018322 136685648
300500017468 136586180
300600018412 148891591
300700005001 162001298
300800013846 159829067
300900005380 157298108
301000024683 161119206
301100019248 158108959
301200005831 156675670
301300006567 150307876
301400004847 159100998
301500004841 160738756
301600005403 162910205
301700003978 161981096
301800017062 144332562
301900004752 143021301
302000006806 140034646
302100003836 136271873
302200004001 136965408
302300004245 136769244
302400004328 136562943
302500008032 135998970
302600003763 137186972
302700025131 136716074
302800018919 162102329
302900004181 163969018
303000019059 154883231
303100004270 141170604
303200004136 142547438
303300004120 129087551
303400007681 153370089
303500004042 160129756
303600005231 142513326
303700005518 153742272
303800003390 159611879
303900004814 163706410
304000020240 145933578
304100003772 135113302
304200018811 163114977
304300004004 136600843
304400017952 138193116
304500005146 143401470
304600019627 164238791
304700009617 163856776
304800003970 162358369
304900011230 162189616
305000011631 162550906
305100003923 162148550
305200018938 143710455
305300019095 142316175
305400020540 139429053
305500004985 147921439
305600004068 161648846
305700005039 162068727
305800004233 163097904
305900004959 162051877
306000004647 160694322
306100011801 162543879
306200004464 163164980
306300006311 162912526
306400004959 150558707
306500004124 143289660
306600007098 134274645
306700005044 134362000
306800003878 132862057
306900003400 156504594
307000003432 161565873
307100005636 127317212
307200004586 140874328
307300004160 162421377
307400006507 157094765
307500005708 152031994
307600004286 138923646
307700009726 134587297
307800005105 141327922
307900013486 136167822
308000008027 128976196
308100018886 137559025
308200005129 135844907
308300004203 128683283
308400013430 124303313
308500004477 124428050
308600020820 122973960
308700017823 137423206
308800020128 143730181
308900023050 141358622
309000004974 137186211
309100006433 135329429
309200003831 137226646
309300004043 137986476
309400004913 136096496
309500005281 135520494
309600017758 148249282
309700004286 149985485
309800004471 145927762
309900004428 125500595
310000010658 136663117
310100004494 139730357
310200003035 143244171
310300004231 142257768
310400009235 140862130
310500007616 139924680
310600007969 134999171
310700019040 128481732
310800004050 148833408
310900007551 144224947
311000007287 145567795
311100013317 148432837
311200004404 145656760
311300017805 149570246
311400003865 151743348
311500003005 143322446
311600021675 141568745
311700016273 141166195
311800009576 145340881
311900004260 145745648
312000004264 151929468
312100004522 152433593
312200003675 153227926
312300022860 155665849
312400018604 152360591
312500005126 152470091
312600003368 151346698
312700017838 153022559
312800005852 153354187
312900005269 149718062
313000004853 153907998
313100005642 145429473
313200004584 154332885
313300110533 149990168
313400003909 152520152
313500009814 148480239
313600005179 153776579
313700010662 153966295
313800014940 154147324
313900004216 155854006
314000003182 151564537
314100013410 154396183
314200021973 151495753
314300004825 153122374
314400011534 150473669
314500007078 155069494
314600018507 153349128
314700004997 155604376
314800005173 147666206
314900004909 142861746
315000016815 142075650
315100007590 137257898
315200005420 134819992
315300018555 152377241
315400003624 156287587
315500006223 155736855
315600004321 154591520
315700014863 153209416
315800004845 157144147
315900004073 153993939
316000004235 154390347
316100004143 152797725
316200004392 153158170
316300090986 153185117
316400003639 154694489
316500004804 155656656
316600005117 150350017
316700003951 151889451
316800010880 154136235
316900005590 155680863
317000004151 154263173
317100009736 155525963
317200004839 154321563
317300004801 153973415
317400017964 154212753
317500004344 156642589
317600004357 156543236
317700002267 150007023
317800004927 155874779
317900004548 152035339
318000004072 153305796
318100009281 154833572
318200004945 154581509
318300008178 156302808
318400019669 153997560
318500004935 154850215
318600014114 151799429
318700005027 155125327
318800017878 155434353
318900013074 154080462
319000005144 156448163
319100006159 156008338
319200007426 156256942
319300003466 155775994
319400008272 155519476
319500004221 156320641
319600003982 153941728
319700005150 154716748
319800004516 154757747
319900014569 155103720
320000005452 155701716
320100009618 155589577
320200004874 155904378
320300005842 149852272
320400004157 150648329
320500004083 153491167
320600004784 153683774
320700003128 153248283
320800005639 156380355
320900003719 153900144
321000006540 152683242
321100004251 153570249
321200002848 154091363
321300004219 149351615
321400017734 151537095
321500020110 155746743
321600003624 150678231
321700010433 153868225
321800006941 156295411
321900004953 156062627
322000003066 156418897
322100005121 150223417
322200003800 155784122
322300004960 156207621
322400006411 156974106
322500004688 144923861
322600003145 148232953
322700016721 156562828
322800004746 156382546
322900008195 155058806
323000022177 144382255
323100004596 154348763
323200023446 156070852
323300015373 153692507
323400014756 154223344
323500009725 152415727
323600018114 154994127
323700004787 155214673
323800005389 154583755
323900017488 154883203
324000004365 156129902
324100004409 155006162
324200004324 157030268
324300013890 157011635
324400007137 154908790
324500008944 156368332
324600006621 156257029
324700003914 153110850
324800026254 154553652
324900005440 155514291
325000003130 153760627
325100021465 156394996
325200004727 155632498
325300004018 156982596
325400009318 155359827
325500019834 153005667
325600004514 151112053
325700005396 145555771
325800017119 156168979
325900016640 156751353
326000004210 155841103
326100003897 156077596
326200020643 157728614
326300005017 159599610
326400011939 157381351
326500007220 154083623
326600004963 158976967
326700004342 159272739
326800004274 158010441
326900004880 157002676
327000003794 154620457
327100005500 155563052
327200007002 156874003
327300019332 157302113
327400006007 154930426
327500004062 156866148
327600004952 155073493
327700004398 157998948
327800003810 154693235
327900026647 139126913
328000004841 145072829
328100004118 155818919
328200004136 151829913
328300003889 157284670
328400004948 155693470
328500004906 155329015
328600004747 153053301
328700013053 155568425
328800012047 158182337
328900005980 150867042
329000005275 156428231
329100003220 156312376
329200004831 157097581
329300016182 157680483
329400010003 155715913
329500003352 157281801
329600003704 154420416
329700004710 156216741
329800003381 155475928
329900006552 152747775
330000014434 156213665
330100003991 155208396
330200005220 157724269
330300003015 153371451
330400010323 158055026
330500008786 157155190
330600006427 153155997
330700004244 156418807
330800004053 154584884
330900017120 156834087
331000007152 153698126
331100019425 156452340
331200002672 154523745
331300004863 154862281
331400005224 155724807
331500013641 156534520
331600005795 157131480
331700005386 153842401
331800004247 155691547
331900005030 153563576
332000005181 156057825
332100015904 157506940
332200005563 156397023
332300003136 155528940
332400005517 153998291
332500004060 157321052
332600004928 155224405
332700004802 154204205
332800005015 155976174
332900003966 154120190
333000004816 154692395
333100019765 153303818
333200004867 155531222
333300004928 156312184
333400020369 154688470
333500013472 156465111
333600016961 153867350
333700020735 156817091
333800004497 157107064
333900018529 155429425
334000004769 157043392
334100004825 153774167
334200004932 155738622
334300006431 155314397
334400004830 156618304
334500018813 157472797
334600005309 155253853
334700005912 156234920
334800005462 155883641
334900004939 157045789
335000015582 151692667
335100004225 155280995
335200004969 156236952
335300004196 154500700
335400043080 155307439
335500018114 155454151
335600004639 157605099
335700006069 156896632
335800005600 157006969
335900004013 157079935
336000018076 160432270
336100004568 152364945
336200006783 159110136
336300005038 153398777
336400004363 154573234
336500013638 153835844
336600005494 154193253
336700017820 156755187
336800018272 158133813
336900005315 157079911
337000004577 158146885
337100009910 155931474
337200005889 155776749
337300003989 153384148
337400003857 157138804
337500007149 154899702
337600003527 155631996
337700004424 152044027
337800019165 156266481
337900004191 155573455
338000004275 154515174
338100005251 154960234
338200004514 157743675
338300014957 151884682
338400003519 156737507
338500005281 156829814
338600008828 151599250
338700010021 148060717
338800004004 151622082
338900004137 148303054
339000012648 151251981
339100003130 149906297
339200017478 149764825
339300006957 151452169
339400016708 151879674
339500006291 150278642
339600003037 151455770
339700007618 153715542
339800003855 154955819
339900004491 156332581
340000005018 152330637
340100005730 154282160
340200015450 158486985
340300007949 154707253
340400003644 149718543
340500008680 148995748
340600004906 148121421
340700006876 154131331
340800005117 155529965
340900003887 155703963
341000021001 156790035
341100004476 158942849
341200005373 156977079
341300019035 158320025
341400004392 155827157
341500019970 155321528
341600004202 158046226
341700004955 154861440
341800004977 155836427
341900004248 157105397
342000004312 156497502
342100003840 144469212
342200017810 152787615
342300006265 155160528
342400018808 149298413
342500004651 146087846
342600005206 147884668
342700005769 148823258
342800004588 149184946
342900003906 147767987
343000018197 149546226
343100004210 147243838
343200003979 151057551
343300019295 150084506
343400004243 151313777
343500019933 150491989
343600004304 148679393
343700015776 148705297
343800017799 148656905
343900019183 147701874
344000008022 149531819
344100003459 153105561
344200008486 151148470
344300003311 146963033
344400004033 151292771
344500005512 152911569
344600005898 150957112
344700003802 149489446
344800004352 151571746
344900004881 154257961
345000006536 152726604
345100006452 149626168
345200005083 152427063
345300004766 153781794
345400005163 154734627
345500004700 158524027
345600001733 158709295
345700003827 158279820
345800003837 157718481
345900007871 160934096
346000005123 158822366
346100007305 156100781
346200004237 147344578
346300021063 148104400
346400004974 149561852
346500017628 150307082
346600006903 150383584
346700009606 150529921
346800004450 153383619
346900003949 152493057
347000004076 153098424
347100004008 154648700
347200014182 155265497
347300005101 155927504
347400014098 158848517
347500015033 151066191
347600018778 158052930
347700004350 155817987
347800017765 159380293
347900004676 157906833
348000004264 156670456
348100004904 156253971
348200022752 153344505
348300005014 153114392
348400017397 156703786
348500008066 153667832
348600018483 154442888
348700004007 155442956
348800006378 157404951
348900004825 149268913
349000014993 148652152
349100003628 147854941
349200004449 146720835
349300017971 146055202
349400018909 150506247
349500004531 149323566
349600018860 143357005
349700010845 148141202
349800004471 146699735
349900004929 148552776
350000021952 150450763
350100005719 148446370
350200019134 149342367
350300004078 149506768
350400004843 150062676
350500006825 151049389
350600018320 154777324
350700004179 149721259
350800005100 150059451
350900008171 151192903
351000007060 151151229
351100004978 147273993
351200004817 151246833
351300003955 151761450
351400004849 150883665
351500017994 148983282
351600004770 149234291
351700019344 149745817
351800004265 149857220
351900004077 153645258
352000018904 153838334
352100006252 150299099
352200018040 151407903
352300004607 153891018
352400004687 156003227
352500004082 156655729
352600020212 158733429
352700004834 157238072
352800014475 155770570
352900005862 150657439
353000006311 151704637
353100004568 152727122
353200004945 160540168
353300005614 157523532
353400004005 157585019
353500012177 157543766
353600003171 159617595
353700014454 156173612
353800005030 160043443
353900023933 158614768
354000007200 160753910
354100005022 159818882
354200003337 156270856
354300004156 156895030
354400003211 157750511
354500003887 157866424
354600004860 159114182
354700017927 158752814
354800004825 160003991
354900023881 159264057
355000005009 156547063
355100012381 156705885
355200008807 157764953
355300012223 155495998
355400021561 158551780
355500010869 158223488
355600004498 156599758
355700003626 158889621
355800005418 156730735
355900006380 154150474
356000018199 150828059
356100003978 149401233
356200006536 156307460
356300003176 155823364
356400003171 158042378
356500003853 158253168
356600005022 156205877
356700003417 156943877
356800005881 155141660
356900001144 154882123
357000004386 156198572
357100005302 154543246
357200004711 156445287
357300006455 150596291
357400004990 153508255
357500004862 148831367
357600004875 146648278
357700003396 152904229
357800003590 155176424
357900019216 151408198
358000006743 153117451
358100015189 148435218
358200017001 149290039
358300018258 150985057
358400010324 150488688
358500003957 151734461
358600012649 150048064
358700005272 151515324
358800020400 149515630
358900004191 149431416
359000004081 153852140
359100021468 155636773
359200004458 152014073
359300004504 158990829
359400004095 155328702
359500004851 159733028
359600004677 154067108
359700005243 152604733
359800016424 154930721
359900065028 151061309
360000004107 147404721
360100013104 152496527
360200003811 149030694
360300004032 149787315
360400005561 145905555
360500004104 146871595
360600004954 148903513
360700019160 146864911
360800015994 149042261
360900011065 151660033
361000003953 151173779
361100004186 149922115
361200018538 150264347
361300017404 151511646
361400004677 149883725
361500017537 149299749
361600005120 153808593
361700004030 153541463
361800004009 152879283
361900010815 153324918
362000019331 148418912
362100015497 153851280
362200004121 152570980
362300015207 152556119
362400004034 154378611
362500004861 153043357
362600005747 152821501
362700004215 154601677
362800004239 152644866
362900010927 147394731
363000017765 145566690
363100017113 133842715
363200006143 151208788
363300012636 153882600
363400004059 151726848
363500004077 156024499
363600026464 150082056
363700004128 151414375
363800005086 156674389
363900004333 154899464
364000004570 153912389
364100005812 154027522
364200004881 157529479
364300011782 153733158
364400016476 152733796
364500006566 152643332
364600005331 153326417
364700007982 155384271
364800003558 155205201
364900014553 156280471
365000020117 152549767
365100004529 150780258
365200019032 142527386
365300017875 138398552
365400004846 151888516
365500004138 150322155
365600018201 150561715
365700004235 153361406
365800004216 152023196
365900005211 147249666
366000004595 157127889
366100003255 155257349
366200006452 152367909
366300016505 151938952
366400014090 149781302
366500004977 154314253
366600003294 154889840
366700018314 151577721
366800022092 141355596
366900004175 153052559
367000004173 151508291
367100005759 152595700
367200010159 156029549
367300022718 149878745
367400008393 152277397
367500003460 158308323
367600005152 156547305
367700017205 152222443
367800004447 152561841
367900005265 153488254
368000012238 156586583
368100021673 156489336
368200015639 153755870
368300003986 154389662
368400004887 152813273
368500019257 153971574
368600012667 155993902
368700004230 146301491
368800005151 153015029
368900014635 150913659
369000021963 151762872
369100004115 155279166
369200015464 157315436
369300011350 155578541
369400004796 144253307
369500004426 150645591
369600003654 154967902
369700004083 146302189
369800004953 153103447
369900019852 153470573
370000018599 155864809
370100016779 157175449
370200022000 148345059
370300004183 152533291
370400004409 156675776
370500007619 157264847
370600003870 155759163
370700005039 154633167
370800017944 135190870
370900023784 134432053
371000003651 134588293
371100009709 157574136
371200015686 66043354
371300015546 65913907
371400015553 65832449
371500014310 66004569
371600016752 66212926
371700015931 66257437
371800016154 66472577
371900015464 66378809
372000015362 66719220
372100006547 66754139
372200015800 66811129
372300015759 66773536
372400014864 67014554
372500015666 66688706
372600015263 66756903
372700015597 66637109
372800015946 66801184
372900015203 66749944
373000014656 66864635
373100016725 66675703
373200015608 66608527
373300014117 66753877
373400015195 66679427
373500015268 66711239
373600015143 66897135
373700016347 66942841
373800016248 66835735
373900015537 66902682
374000016173 66762404
374100015341 66859238
374200016593 66704314
374300015684 66709322
374400015618 66640234
374500016646 66780875
374600013870 66724530
374700011655 66967874
374800016162 66938982
374900015922 66934747
375000106966 66921465
375100015424 66855427
375200016277 66645416
375300015554 66690482
375400016198 66629695
375500014986 66616133
375600016335 66868533
375700015456 66712831
375800083423 66978368
375900015825 66827665
376000015797 66718506
376100014625 66722989
376200016778 66944087
376300016887 66759148
376400016839 66882099
376500014137 66989867
376600016083 66795474
376700016362 66708541
376800012963 66775021
376900014656 66583624
377000015397 66948536
377100015662 66870116
377200015446 66912165
377300015572 66789928
377400015458 66890763
377500015769 66981427
377600015911 66822082
377700014831 66635919
377800016006 66727507
377900016276 66678087
378000125179 66763769
378100015826 66847193
378200016733 66946943
378300015501 66921889
378400014762 66891394
378500015591 66943344
378600015321 66838266
378700016296 66771542
378800014895 66873153
378900015463 66678805
379000016697 66789571
379100015830 66760248
379200014537 66697497
379300015007 66774880
379400015597 66843042
379500015614 66658212
379600015288 66818516
379700014715 66789471
379800013680 79773260
379900016152 79511893
380000013588 77359950
380100013083 69716358
380200018068 72779579
380300015289 70145354
380400016410 65833381
380500015509 65640048
380600015129 65526105
380700017594 64857765
380800016319 64382631
380900013593 65644465
381000015889 65860248
381100015719 65931284
381200017005 65930033
381300014965 66082521
381400016441 66385083
381500015823 66390637
381600015648 66344884
381700016186 66398967
381800016623 66038249
381900016874 66132386
382000015648 66209031
382100015400 66281266
382200014345 66226976
382300015468 66184123
382400015894 66194984
382500015634 65953917
382600015190 66172160
382700016540 65696709
382800016677 65888371
382900014653 66090572
383000015414 66034447
383100015808 65834122
383200015770 66209125
383300015296 66148200
383400016532 65771176
383500015415 65835925
383600016562 65647437
383700016978 65453612
383800015910 65498224
383900014860 65347476
384000015033 64168218
384100016437 65053103
384200014536 64614237
384300014867 64813743
384400010682 65675386
384500016423 64475550
384600015740 65262082
384700014571 65939754
384800015257 65356301
384900014530 65529129
385000016141 65799811
385100016683 65713635
385200016160 66261624
385300015544 65837162
385400015305 65370853
385500015374 66116787
385600016432 65942554
385700017163 64463377
385800007391 61522588
385900014841 62212786
386000015670 65004788
386100016504 65143122
386200016813 64903243
386300015985 65045476
386400015077 65684404
386500017126 65445691
386600016387 65113649
386700016629 65616579
386800015650 64199235
386900015804 63897154
387000017175 64364372
387100016257 64699798
387200016504 64941210
387300017047 65087483
387400016464 64807032
387500017493 64892373
387600007851 64693200
387700016874 65207373
387800016656 65310734
387900015050 65500443
388000012533 65853219
388100017514 65008342
388200015335 64136961
388300017739 63862748
388400015688 64759713
388500016151 64483915
388600015603 65320970
388700014790 65159946
388800016566 63667733
388900015989 64208731
389000014997 65337664
389100015672 65236137
389200016389 65540843
389300015778 65717741
389400016109 65328598
389500015357 65031781
389600014993 66037028
389700016338 66349070
389800016167 66066832
389900015256 65288771
390000016132 65979443
390100016192 65832894
390200015238 65329723
390300015993 64378220
390400016649 65074491
390500014869 66007315
390600015618 66577357
390700016253 66432084
390800015140 66246156
390900015622 66709599
391000015355 66573853
391100015232 66464546
391200016795 66626437
391300015041 66647013
391400014741 66531968
391500014878 66664472
391600014650 66818327
391700014200 66570343
391800015069 66725174
391900016533 66671459
392000015800 66768604
392100015664 66821933
392200015831 66617130
392300015414 66698583
392400016069 66620395
392500015125 66972591
392600014461 66599414
392700016167 66843645
392800015076 66696742
392900015223 66453455
393000016031 66756623
393100016477 66613524
393200015433 66634730
393300016405 66403753
393400015217 66292408
393500015636 66391612
393600016348 66503096
393700014636 66602051
393800013787 66702051
393900016637 66754082
394000014825 66647327
394100015602 66438534
394200015710 66292550
394300015133 66478389
394400016008 66388859
394500016442 66342809
394600015517 66485031
394700015803 66341776
394800037657 192204729
394900038467 27081884
395000038578 27081767
395100038030 27147840
395200039067 27069887
395300034679 27071025
395400040080 27150583
395500040131 27075879
395600039839 27147284
395700039175 27073180
395800038984 27127683
395900038293 27101752
396000038978 27143776
396100040166 27056960
396200038616 27072644
396300039104 27148947
396400038912 27102659
396500038336 27116418
396600038980 27111447
396700038642 27114518
396800038733 27076783
396900038683 27109400
397000038576 27097262
397100037897 27078542
397200038764 27126798
397300038124 27104057
397400039532 27142219
397500039777 27080091
397600038248 27146689
397700038407 27071805
397800039335 27104800
397900035254 27085905
398000040100 27093278
398100038733 27125867
398200039519 27069470
398300040012 27102098
398400040049 27089303
398500035675 27159337
398600035523 27103254
398700039284 27106217
398800038939 27092374
398900039967 27061207
399000038049 27133444
399100039556 27090664
399200039720 27147418
399300039610 27081362
399400038191 27097186
399500039571 27095338
399600037624 27069391
399700039192 27099950
399800036419 27083431
399900034002 27117695
400000036626 27103779
400100039165 27105346
400172979188 36014774
