100111947 406718.000000
200074621 394450
300320339 382268
400356248 511237
500360178 1132436
600368609 1172456
700335493 1127737
800309768 1116614
900320377 1120437
1000407801 1107863
1100407411 1110929
1200290489 1146686
1300387750 1101595
1400271516 1141478
1500330303 1098925
1600311787 1041578
1700363905 1147263
1800370128 1095550
1900278705 1141479
2000405399 1086077
2100385682 1141359
2200412409 1139596
2300386585 1078926
2400314023 1136894
2500305962 1083132
2600300025 1138318
2700238366 1135283
2800398098 1074747
2900338520 1133469
3000469630 1090363
3100390110 1133329
3200383097 1137222
3300355570 1081786
3400321560 1132957
3500365225 1131899
3600271367 1124727
3700366917 1135429
3800424100 1132264
3900395066 1080372
4000362807 1133655
4100410587 1128590
4200373597 1070849
4300380107 1134437
4400356530 1126904
4500416929 1063612
4600350803 1133975
4700432783 1132806
4800380575 1130313
4900460047 1058688
5000446854 1128052
5100400949 1130623
5200394796 1057951
5300399118 1134410
5400373148 1128480
5500422083 1132679
5600435746 1068644
5700426597 1129352
5800440210 1135111
5900376928 1125594
6000431861 1085798
6100424316 1129031
6200447355 1134517
6300379106 1127500
6400456448 1098620
6500463710 1127510
6600486372 1134484
6700451844 1125133
6800413125 1064894
6900422205 1128057
7000218779 1133709
7100504370 1133333
7200498496 1050029
7300489363 1137280
7400506300 1131794
7500453527 1129074
7600410598 1136230
7700485057 1050456
7800468696 1133556
7900405746 1133164
8000467583 1127046
8100410230 1063639
8200517557 1131659
8300485222 1131227
8400500557 1128343
8500509889 1131180
8600497324 1061516
8700505818 1124396
8800513061 1138984
8900521720 1122037
9000354297 1010058
9100522787 1126017
9200431173 1125258
9300513528 1136026
9400385155 1124226
9500489383 1055510
9600470822 1134677
9700464337 1135108
9800528286 1135268
9900415408 1123849
10000412706 1037397
10100606536 1124176
10200518017 1125071
10300532068 1141161
10400518764 1123136
10500509541 1133395
10600466763 1041106
10700461626 1131123
10800529479 1132683
10900540478 1122900
11000448210 1133311
11100539035 986944
11200534352 1140602
11300529705 1126483
11400543477 1135737
11500534174 1122048
11600564128 1135383
11700557418 1028194
11800549537 1130314
11900514550 1126526
12000480469 1117045
12100548578 1126840
12200475798 1007505
12300523612 1126643
12400533433 1118578
12500569122 1128539
12600550102 1117751
12700314172 1125154
12800518997 1035538
12900567024 1128426
13000541514 1120954
13100556015 1129579
13200681543 1120304
13300459464 1127103
13400555835 1030745
13500568390 1126861
13600556601 1119386
13700566853 1129060
13800558051 1118826
13900582213 1130010
14000513784 1032283
14100565336 1128935
14200508293 1120219
14300530268 1128297
14400569172 1117424
14500583750 1129591
14600584577 1058014
14700496600 1126637
14800591033 1119994
14900497322 1121882
15000562541 1127900
15100608491 1118001
15200609538 1129122
15300596767 1034524
15400550972 1129001
15500583524 1120923
15600580724 1126958
15700580479 1115816
15800553492 1120014
15900608333 1041772
16000615931 1127942
16100593610 1119760
16200595558 1128253
16300602558 1115690
16400546378 1120385
16500633295 1129428
16600616719 1001673
16700610003 1127957
16800588224 1113568
16900611934 1127951
17000745251 1119849
17100626887 1129164
17200449342 999798
17300613889 1114067
17400625436 1128225
17500620813 1121880
17600584839 1129635
17700620241 1109356
17800615384 1129989
17900647789 1022095
18000499123 1123659
18100642917 1129224
18200617880 1121550
18300656978 1132507
18400595196 1111075
18500639965 1128369
18600625720 1051939
18700638808 1130278
18800632633 1122491
18900619470 1118826
19000637256 1129545
19100665118 1109274
19200645382 1127347
19300516287 1255552
19400612304 1153264
19500586882 1186482
19600574803 1176132
19700563520 1187481
19800647735 1170065
19900670733 1187914
20000491071 1013761
20100635447 1173492
20200628225 1187580
20300664740 1179472
20400624039 1182684
20500608476 1174421
20600583159 1189215
20700494262 1141291
20800622048 1100996
20900610355 1186845
21000613804 1169461
21100660863 1186881
21200631926 1172850
21300570175 1186948
21400638669 1182741
21500600482 1107525
21600664126 1182325
21700656001 1177179
21800652775 1190408
21900672371 1183596
22000687780 1175438
22100700149 1188706
22200652629 1035043
22300662222 1190747
22400626765 1181177
22500677826 1179471
22600621313 1190192
22700688466 1169856
22800661893 1189709
22900567506 1131577
23000640805 936954
23100595701 1182989
23200700047 1201844
23300577585 1221667
23400682834 1217463
23500692730 1222776
23600635165 1192078
23700676861 1136642
23800687182 1187312
23900692270 1168973
24000641332 1187281
24100695179 1180994
24200687575 1174353
24300386390 1181560
24400668767 1047319
24500691558 1181507
24600709164 1186447
24700766826 1177320
24800744580 1181477
24900666690 1174224
25000738042 1181891
25100761201 1189908
25200754796 945060
25300664882 1180698
25400733832 1187414
25500679071 1169567
25600683200 1183832
25700513599 1171710
25800727936 1177693
25900714996 1184634
26000729315 1045570
26100732277 1179899
26200645196 1183231
26300637073 1168092
26400734769 1186635
26500734597 1179441
26600682050 1170561
26700733302 1181099
26800621206 1001108
26900723091 1166401
27000719035 1180257
27100636592 1171795
27200749896 1180646
27300714894 1183355
27400748632 1165589
27500766814 1184783
27600769359 1177682
27700748563 1062614
27800765101 1181371
27900763933 1177941
28000691777 1170377
28100740342 1178091
28200729008 1168433
28300787896 1178692
28400792441 1183083
28500499961 3616924
28600688116 910255
28700467602 1102309
28800528730 5954902
28900484824 17461114
29000474994 19127484
29100481937 19164510
29200467112 19164628
29300488124 19232751
29400491210 19225546
29500514968 18741936
29600602558 11081548
29700502222 4487807
29800660178 6597807
29900719698 2514627
30000498769 8982897
30100508718 20146558
30200629101 9542908
30300602903 11396708
30400741460 2526499
30500739273 598768
30600738868 435269
30700709017 421667
30800735660 418972
30900724262 411718
31000794031 801133
31100724055 1167598
31201584659 1538029
31301576768 21678
31401580665 20855
31501579124 20932
31601566494 21320
31701601546 21504
31801588659 21592
31901561478 22666
32001574959 21235
32100915254 22957
32201594011 21289
32301592398 23365
32401593540 20743
32501603714 23560
32601565362 20273
32701592766 20675
32801605005 21234
32901612270 20935
33001612866 20865
33101597580 20436
33201887100 21311
33301639755 24597
33401629194 20831
33501627274 22405
33601606105 20799
33701611441 20798
33801589624 20654
33901623076 20650
34001616447 20814
34101614649 25251
34201633914 20633
34301594762 22111
34401655002 20950
34500962418 20288
34601499060 21158
34701649287 21236
34801636709 20813
34901666422 20783
35001623853 20603
35101574037 26954
35201592535 20969
35301616901 20999
35401652868 20871
35501588068 20428
35601736102 20987
35701624771 20694
35801614617 31832
35901613296 20873
36001678501 21206
36101653624 20940
36201619269 20636
36301586637 20289
36401549281 22685
36501680192 28158
36601656000 22031
36701730629 22200
36801667372 20998
36901629810 21158
37001561176 20958
37101706761 21251
37201690476 20779
37301590269 19993
37401592158 21433
37501665762 21804
37601719195 20379
37700599303 870943
37801123629 5224742
37901089350 703196
38001053107 300677
38100994831 229809
38201126244 197688
38301096788 165421
38401101041 176194
38501102196 167852
38601116954 176925
38701134935 165036
38801117533 176808
38901110644 166226
39001109434 202397
39101129398 192048
39201128511 165923
39301147124 157233
39401140195 158856
39501133697 158517
39601140037 143791
39701010667 144417
39801138554 161342
39901112057 171392
40001139414 156654
40101138198 155398
40201145269 157670
40301133967 157316
40401136579 140423
40501125090 146084
40601108235 164293
40701101520 178129
40801150411 192004
40901158665 187457
41001121899 185726
41101115938 195185
41201135795 188785
41301160478 191587
41401127089 189459
41501150030 198001
41601117444 194918
41701146613 187001
41801171617 185356
41901165736 185682
42001134920 180613
42101089276 174175
42201160912 176834
42301170657 189775
42401160977 185653
42501137522 173352
42601062831 233138
42701180595 227070
42801125626 217341
42901061302 258070
43001167666 249530
43101208069 234861
43201199740 200792
43301174690 224106
43401015205 498220
43500951788 1062120
43600941890 970132
43700970198 1090191
43800942943 1113890
43901827082 509214
44001619986 26669
44101531971 27605
44201784776 32173
44301752553 28775
44401642187 28672
44501750703 29665
44601825914 29105
44701498847 30601
44801581923 29374
44901809740 56671
45001663762 28861
45102006194 28608
45201664384 29835
45301518106 32829
45401639690 36716
45501896868 38303
45601722884 34674
45701743695 32466
45801499926 32152
45901690206 87796
46001689896 28587
46101647091 28680
46201677226 28447
46301810864 28955
46401678934 29934
46501678242 30820
46601726247 28874
46701701468 27645
46801674893 27602
46901755012 32565
47001691283 30679
47101772966 28300
47201687947 27115
47301738315 30706
47401727984 31527
47501680975 29149
47601706803 28874
47701743681 30582
47801602487 144233
47901776549 29045
48001564839 29210
48101604217 30576
48200832368 2682666
48301063778 1306707
48400887384 730956
48500842199 3288618
48601027173 1290000
48701009431 459109
48800975043 381429
48901005220 367633
49000981194 365521
49100815544 361295
49200838438 599668
49301007633 829438
49400990059 948275
49500896418 1787709
49601363290 117408
49701415596 19913
49801405602 23594
49901388692 20338
50001305439 25852
50101409304 25542
50201391993 22388
50301361344 57038
50401425404 24827
50501417858 29230
50601322368 23273
50701415225 28393
50801394334 26861
50901443290 33624
51001358472 35869
51101436851 29118
51201389611 98934
51301765915 22457
51401442947 18433
51501454582 23594
51601597708 27843
51701406493 25501
51801432263 28293
51901438790 32764
52001368620 24957
52101368439 37853
52201423183 39901
52301443467 42223
52401311884 32942
52501438550 32760
52601472842 212220
52701435752 21243
52801434579 21983
52901417691 25019
53001443188 24787
53101448988 24371
53201425129 28233
53301418460 20656
53401438152 22231
53501294990 22646
53601426290 19984
53701450962 25161
53801387216 22768
53901359081 25387
54001456861 32051
54101400875 30734
54201419918 34773
54301395478 35832
54401438852 33607
54501444134 34626
54601494242 41124
54701328627 42662
54801377724 38074
54901067233 40537
55001387922 44492
55101416420 46015
55201460956 41158
55301424795 42822
55401613611 47723
55501395255 44749
55601595728 42589
55701500521 48423
55801365183 50207
55901422596 45009
56001414207 47056
56101357754 51988
56201405811 54709
56301459002 47971
56401427891 49317
56501335816 57149
56601364659 53049
56701418897 49894
56801424762 58132
56901438778 58321
57001452828 53383
57101291679 60064
57201425828 59804
57301454917 71926
57401446854 61713
57501377395 65127
57601507366 76111
57701360705 61004
57801385165 73357
57901428071 81886
58001555316 61631
58101421518 77624
58201307451 85701
58301531227 43289
58401367071 27984
58501424108 27794
58601499309 27723
58701483216 30241
58801471800 33540
58900928879 2700802
59001508947 664323
59101511448 20412
59201459172 18074
59301483549 18950
59401693186 21992
59501486207 28765
59601537635 21443
59701533532 19090
59801540703 22396
59901479677 23047
60001442938 22306
60101514029 22701
60201504801 23884
60301148836 25392
60401547864 24462
60501562496 19726
60601508225 20511
60701506013 18399
60801518962 19193
60901440851 19668
61001551645 22511
61101553745 57351
61201476746 21710
61301517252 21812
61401515597 20797
61501549353 23766
61601472406 24583
61701478514 24853
61801533437 20359
61901562070 21408
62001516846 23204
62101556331 19503
62201492734 24335
62301501472 26140
62401536139 22274
62501545629 27727
62601556699 30248
62701531388 23208
62801567742 24251
62900979328 66487
63001531085 61037
63101532449 21206
63201555171 20575
63301587075 23533
63401553617 25372
63501500470 29694
63601542163 30419
63701495323 31966
63801494508 29249
63901522306 33202
64001516101 38541
64101795705 37193
64201548086 35488
64301594380 40419
64401455226 42545
64501542337 40065
64601549693 38680
64701565179 43376
64801534295 45613
64901488882 40683
65001587182 44722
65101495917 47362
65201514729 46090
65301536660 42899
65401542203 49142
65501540648 52097
65601594366 49449
65701548395 46088
65801547615 53938
65901576163 54001
66001520983 232857
66101232403 42384
66201560549 45308
66301514830 43716
66401582985 46341
66501544539 45276
66601571551 45656
66701515891 48922
66801613563 45087
66901523840 46868
67001608276 49285
67101530047 46412
67201582534 49931
67301558213 49762
67401537732 48467
67501576247 51934
67601604820 49900
67701642298 46683
67801614369 17136
67901568563 18626
68001586153 18444
68101489463 18911
68201853644 20111
68301210146 1887116
68401153039 2890589
68501220803 1562886
68601332563 783165
68701228684 4902185
68801329748 3936031
68901251322 3927785
69001316011 4006400
69101349112 3970638
69201329799 4485543
69301197824 4282905
69401241507 4051005
69501343118 4148762
69601256480 4232929
69701342078 4041918
69801370648 4182658
69901307936 3991561
70001309469 3988152
70101251597 3959495
70201357178 3951448
70301297165 3976501
70401261025 3966823
70501262407 3994823
70601374818 3997020
70701381220 3978626
70801335973 4049665
70901247081 3969587
71001360962 4178845
71101460204 3984759
71201287058 4098459
71301300797 3964073
71401317550 4162858
71501274179 3962239
71601313619 4150250
71701272629 4032878
71801281491 4014834
71901316761 4149967
72001353626 3980729
72101392724 4143288
72201375841 4096512
72301269035 3991440
72401323874 3955256
72501300553 4054820
72601393846 4009386
72701285032 3999367
72801397089 4021432
72901259883 3981715
73001303540 3960771
73101385963 3936487
73201240332 3940037
73301338975 3980024
73401364920 4001775
73501279751 3963297
73601367175 3991173
73701426109 4003340
73801423378 3992531
73901364054 3965293
74001303793 4004624
74101374287 3979949
74201308742 3955101
74301351529 3978465
74401390993 3980656
74501313489 4008779
74601373241 4005306
74701432195 3997473
74801346172 3982705
74901383613 3959740
75001342795 3977820
75101311774 3971479
75201355166 3972021
75301420177 3948366
75401408226 3977527
75501425827 4001655
75601334416 3963696
75701450054 3988878
75801353536 3986208
75901345470 3981996
76001325120 3983527
76101293619 3978897
76201430737 3945168
76301440191 3950434
76401369086 3970127
76501378200 3930914
76601367515 3999587
76701416437 3981199
76801459669 4001135
76901186786 8807102
77001217707 20187443
77101287994 4855760
77201372269 5625627
77301266449 5713360
77401281350 5621155
77501426263 5560524
77601289950 5789121
77701393809 5656522
77801297950 5694419
77901288482 5627990
78001413052 5587598
78101296437 5776596
78201402333 5679011
78301308392 5682353
78401304316 5638422
78501403934 5601342
78601296651 5772882
78701227570 5632630
78801297932 5740531
78901306166 5643681
79001420105 5609145
79101309092 5775019
79201324582 5648950
79301305166 5734568
79401327046 5648160
79501544970 5611727
79601316793 5782733
79701436435 5695971
79801327988 5701043
79901322315 5651783
80001454825 5598777
80101328857 5813008
80201454456 5682707
80301332504 5729933
80401330198 5662328
80501213683 5673175
80601403970 5746561
80701444201 5652179
80801408757 4016576
80901373267 3194549
81001657439 2705789
81101634575 71958
81201592392 69046
81301674112 72245
81401529849 66091
81501584255 61034
81601565943 63291
81701513777 63291
81801489788 60759
81901649386 59623
82001551714 65341
82101558696 63596
82201583247 61385
82301660686 61924
82401609105 60159
82501513242 58714
82601616553 59483
82701640517 61410
82801686897 62466
82901576727 61131
83001577929 63880
83101662204 63224
83201655728 67206
83301672653 58909
83401399712 762179
83501306932 8596527
83601349196 3166728
83701508626 5208361
83801502239 4448949
83901437567 4211496
84001447904 4697807
84101479836 5440065
84201476735 5703154
84301481896 5686969
84401399211 5393420
84501421425 5755505
84601517093 5518448
84701560193 4879334
84801304506 5527508
84901432608 5818030
85001511591 5495963
85101451539 5461394
85201497309 5684813
85301490790 5462000
85401583508 5410290
85501565105 5631158
85601403259 5305546
85701557332 5349640
85801445847 5463487
85901560248 5329026
86001439754 5311376
86101578214 5344194
86201513794 5343366
86301587063 5181094
86401544348 5474951
86501563208 5103967
86601458620 5216725
86701498385 5078182
86801509803 5089180
86901431548 5167620
87001575766 4969021
87101557114 5045325
87201586681 4844967
87301541975 4937961
87401619987 4825112
87501508623 4753665
87601464514 4542535
87701439702 4915792
87801530705 4751512
87901496905 4643041
88001594484 4396745
88101596100 4267305
88201594156 4236047
88301585984 4270815
88401532015 4305044
88501584436 4356028
88601627373 4332382
88701573811 4332274
88801504732 4363589
88901615417 4326879
89001519660 4338957
89101483264 4375310
89201578494 4342560
89301535685 4340818
89401471611 4378105
89501589185 4371434
89601573150 4346809
89701532695 4336433
89801580633 4346138
89901645444 4350771
90001582580 4321884
90101543453 4360770
90201532688 4356392
90301523103 4356811
90401629305 4377463
90501652492 4345790
90601643391 4348920
90701565014 4344400
90801520048 4355612
90901654427 4353117
91001619967 4323429
91101522162 4360533
91201643408 4327110
91301627085 4257883
91401613939 4282752
91501616129 4301157
91601543606 4296626
91701459978 5423041
91801458787 6671654
91901466188 6673260
92001629527 6694913
92101609846 6629992
92201615549 6628864
92301634602 6630728
92401624455 6628261
92501631393 6633865
92601395118 6732131
92701536582 6719212
92801486125 6679315
92901480548 6684608
93001489979 6690914
93101491629 6695536
93201489976 6686696
93301488463 6693030
93401479066 6697213
93501497495 6689434
93601405185 6708478
93701638345 6668600
93801630953 6643209
93901649501 6635114
94001644052 6639939
94101418419 6722276
94201563251 6762158
94301510267 6708980
94401495901 6700617
94501508510 6704870
94601672907 3943879
94701636345 1101146
94801536200 1863950
94901589564 2408336
95001588067 903811
95101554304 4672412
95201551644 3424108
95301762056 4266275
95401805579 183830
95501766091 179686
95601765025 177487
95701771984 179954
95801734841 175635
95901764945 182547
96001580524 4389127
96101580820 4263413
96201709644 6447345
96301570623 6499884
96401503324 6515284
96501637830 6521561
96601707448 6547154
96701602416 6498358
96801676501 6554142
96901601139 6517531
97001624373 6508537
97101518066 6514485
97201574404 6422356
97301735369 6441750
97401622780 6207380
97501593278 4052779
97601572349 4808095
97701579463 4307246
97801523935 6685885
97901686444 7181843
98001740732 7221530
98101529733 7211682
98201493408 7207263
98301665367 7236334
98401541814 7217672
98501584202 7219015
98601603501 7163819
98701694103 7092485
98801643099 4090903
98901638575 6585714
99001596219 3731768
99101901807 3025283
99201955079 89073
99301846646 86880
99401931307 89241
99501897743 83640
99601838548 85798
99701868008 82833
99801903707 81376
99901856293 82700
100001872410 85798
100101918804 84617
100201764706 86071
100301946391 82415
100401939729 86609
100501891205 82315
100601892209 85604
100701921470 84471
100801603737 1007076
100901750314 5038075
101001720266 4135711
101101736516 4127990
101201751370 4187531
101301772668 4209975
101401695224 4216737
101501745492 4211415
101601766757 4221290
101701723701 4244006
101801726390 4169118
101901730274 4234309
102001741538 4212072
102101809294 4196801
102201657008 4212141
102301780396 4230519
102401784538 4241991
102501715096 4220877
102601806589 4206868
102701676817 4212840
102801767611 4203489
102901708314 4190673
103001802427 4225389
103101733330 4191240
103201738368 4228414
103301811147 4217866
103401779800 4203432
103501757456 4174410
103601863788 4218989
103701682376 4215281
103801788198 4191473
103901792090 4193610
104001740511 4198941
104101720644 4180800
104201743633 4180392
104301764226 4259564
104401798967 4224836
104501779521 4201394
104601630089 8438846
104701764065 16735922
104801653331 4190268
104901719863 2795187
105001852239 529873
105101865695 531061
105201813396 800269
105301818366 714046
105401834871 2180768
105501840025 602645
105601864530 614679
105701933092 803683
105801823597 727959
105901779077 3151680
106001780866 3668420
106101776178 3668168
106201787311 3822303
106301785139 3725016
106401782843 3792337
106501790125 3693887
106601794423 3656810
106701819180 3670436
106801790825 3737654
106901791628 3633199
107001809827 3621106
107101817347 3586772
107201793366 3623823
107301810474 3616718
107401817764 3638159
107501812480 3538679
107601809661 3620767
107701802779 3651305
107801809149 3559774
107901829999 3591093
108001821130 3592744
108101816523 3696835
108201840461 3586937
108301815019 3659030
108401814435 3633185
108501824335 3745286
108601840035 3796637
108701815233 2888402
108801778790 1098676
108901904223 1540982
109001901462 772697
109101963812 3306607
109201897856 6267285
109301902768 6046528
109401962517 5825559
109501967091 5621136
109602017837 5350806
109701957938 5166395
109801653014 5945542
109901927164 6030651
110001919284 4477170
110101659246 4751223
110201954086 5503484
110301946672 3796236
110401930032 5246066
110501965674 3279788
110601665438 4030917
110701996668 3080151
110802002568 2468056
110901969213 3259521
111001995968 2823277
111102043321 2355279
111201924069 1851669
111301953777 1022207
111402011556 916775
111502065055 263538
111601809522 2137680
111701752878 1294433
111801878561 12903916
111901720157 9083000
112001699793 20123829
112101700435 20842546
112201708619 20998750
112301869322 20974911
112401707678 21005182
112501708487 21052497
112601707944 21018685
112701701782 21008765
112801715008 21053450
112901711435 21065318
113001717007 21217251
113101713649 21172569
113201720378 21111178
113301715134 21234431
113401717535 21281895
113501719567 21206795
113601717213 21179201
113701719906 21277612
113801721206 21214685
113901728052 21169346
114001723535 21201842
114101729305 21235341
114201723893 21238768
114301727718 21239050
114401734398 21202425
114501730758 21228246
114601737914 21233334
114701844778 21219335
114801739852 21152428
114901737066 21351054
115001742363 21411600
115101741010 21417519
115201742533 21396064
115301740035 21409562
115401750357 21425174
115501751265 21374531
115601752512 21129611
115701749295 21245335
115801745968 21210613
115901757527 20986657
116001760240 21068102
116101756991 20993541
116201772809 20978762
116301752242 20978432
116401766075 20904518
116501768004 20927065
116601773836 20816086
116701769532 20949057
116801770338 20755572
116901780423 20752767
117001772789 20649209
117102014315 20642188
117201772786 20434928
117301798438 20120997
117401750815 18628267
117501780839 21210256
117601778437 21218208
117701782922 21161293
117801784815 20933006
117901782377 21005408
118001791748 20954078
118101789561 20977916
118201792499 20913142
118301789410 20951268
118401948508 20841058
118501796478 20866484
118601795206 20838577
118701792438 20747566
118801798579 20659877
118901789654 20665280
119001793106 20593184
119101805704 20385453
119201810881 19112401
119301812541 18809800
119401800644 19644737
119501807879 19712422
119601819822 19490476
119701813214 19601157
119801813469 19540135
119901814886 19590837
120001828255 19476073
120101826268 19495312
120201830057 19485320
120301821859 19477782
120401826167 19422900
120501833899 19312940
120601835039 19277323
120701823020 19200206
120801938978 19233916
120901932383 18941839
121001843281 18080818
121101997425 3743586
121201882918 2768919
121302188274 2638144
121402213584 328435
121502145486 306245
121602208674 291989
121702193143 299011
121802154419 495504
121902169267 310883
122002256533 310945
122102196347 312042
122202255321 827784
122302186313 305222
122402206454 304611
122502127300 332385
122601926645 4689915
122702294757 2606662
122801992477 965884
122902203965 1184006
123002132247 692855
123102192336 691493
123202165311 707176
123302243638 912296
123402119249 1857340
123502141113 1464962
123602063676 1941343
123702048384 1208491
123802176824 3849883
123902165941 1836460
124002139634 343431
124102079234 335428
124202143842 336464
124302132078 336610
124402069121 375110
124501975172 499708
124602478012 609342
124702548949 140483
124802458046 141373
124902474798 140537
125002471849 140249
125102459101 143738
125202083922 1322825
125302168223 347241
125402175161 336912
125502345822 338547
125602204998 333812
125702165044 340082
125802197496 470289
125902213902 861987
126002328917 722368
126102135484 959332
126202137739 248240
126302173248 242070
126402201967 241971
126502163008 245363
126602185659 244608
126702160727 245882
126802119871 251122
126902045733 2775724
127002026460 1663648
127101973298 1337949
127202490144 2343676
127302501375 49238
127402495934 46546
127502435068 45743
127602454224 46332
127702493196 54083
127802506509 25596
127902499641 25461
128002392515 24295
128102509673 27060
128202562926 25284
128302060175 27044
128402506621 26581
128502586329 24816
128602516617 24041
128702527256 26155
128802514668 26973
128902550587 27322
129002783838 948654
129102488475 1375593
129202484587 1489717
129302498490 1470268
129402540828 1421210
129502516296 1388256
129602529794 1384734
129702434319 1445857
129802545371 1410947
129902489846 1428404
130002481461 1426168
130102467732 1471871
130202509010 1447963
130302420754 1395169
130402518951 1421561
130502360037 1462880
130602539773 1433607
130702540790 1431045
130802521435 1441027
130902572490 1422889
131002463393 1453145
131102471591 1419826
131202693902 1413857
131302474546 1418850
131402517735 1414059
131502487422 1440628
131602516492 1424991
131702522734 1432893
131802546207 1413527
131902484808 1469035
132002144331 1410164
132102213293 1450086
132202154637 1438211
132302233913 1417584
132402517946 1409932
132502553174 1403008
132602175032 1425340
132702558036 1409534
132802470991 1437153
132902565598 1445947
133002404457 1423757
133102438558 1423076
133202570321 1432616
133302166217 1458783
133402545550 1401128
133502157836 1417190
133602182507 1389674
133702591942 1496485
133802415433 2080432
133902403436 3538111
134002431296 3374702
134102433807 3649961
134202185197 4185168
134302445187 3590940
134402442199 3371882
134502429125 3863059
134602435430 4079715
134702396632 3644942
134802449543 3374102
134902387391 3540326
135002437637 4348709
135102390707 3589333
135202447978 3589114
135302451872 3755711
135402457418 3592533
135502462404 3373428
135602458377 3918235
135702479556 3808612
135802407037 3534987
135902103759 3557006
136002353674 3786439
136102457604 3594201
136202480141 3320010
136302471455 3917920
136402145374 3809411
136502475928 3534833
136602199740 3528568
136702147610 3979359
136802373546 3749717
136902367886 3156890
137002473056 3920384
137102485273 4402117
137202124970 3449892
137302419823 3674237
137402498184 3593801
137502267308 4608472
137602481759 3748949
137702132989 3870467
137802324447 4020898
137902133592 3665417
138002464283 3350482
138102493993 3541832
138202503475 4347303
138302489243 3589678
138402500844 3590352
138502475879 3917204
138602094704 3708520
138702395408 3091319
138802514423 3922015
138902318203 4348599
139002350284 3371778
139102498063 3212759
139202500721 3809564
139302514097 3483478
139402494513 3590615
139502504954 4080595
139602496622 3753423
139702517390 3158810
139802167958 3764371
139902260171 4291253
140002463036 3694578
140102509321 3374076
140202203952 3955781
140302506750 3771261
140402535161 3538843
140502531184 3373550
140602531474 3919092
140702622636 3810672
140802527681 3584025
140902520315 3754861
141002523728 3593018
141102187992 4091002
141202525116 3743981
141302532317 3159354
141402543050 3810183
141502187253 4320469
141602567910 3620396
141702539354 3587962
141802395623 3866538
141902583362 3592376
142002529536 3426397
142102520589 3757329
142202506219 3969566
142302750188 3595086
142402227832 3096981
142502208560 4315151
142602638009 3355230
142702770394 57155
142802700805 44534
142902770879 42857
143002631626 41873
143102795844 55897
143202733830 24451
143302744093 24169
143402728527 23597
143502815744 24248
143602786314 25673
143702474905 24564
143802834205 25579
143902661917 24027
144002872897 24414
144102411314 24596
144202434683 25389
144302816689 25517
144402718403 725296
144502743787 1418257
144602678080 1485571
144702837833 1448218
144802605481 1425601
144902685440 1401334
145002746742 1362950
145102689092 1469688
145202338492 1409744
145302704052 1441699
145402684378 1405272
145502475033 1487756
145602758594 1440503
145702747895 1408659
145802567384 1426023
145902583711 1476806
146002780604 1430942
146102735601 1443835
146202572981 1441800
146302773301 1428994
146402747282 1469803
146502643030 1409242
146602714751 1432493
146702786240 1397056
146802494664 1429355
146902791187 1461804
147002780466 1401148
147102369412 1443188
147202732973 1410171
147302752354 1488365
147402717434 1451088
147502401522 1428180
147602728935 1461628
147702798519 1422144
147802606842 1433995
147902830292 1366332
148002810967 1432284
148102804655 1426102
148202722363 1446406
148302785651 1463184
148402926400 1411714
148502607045 1462175
148602377669 1420774
148702791788 1436695
148802631500 1427247
148902722329 1440304
149002836874 1395432
149102806146 1453018
149202525562 1441153
149302307550 3160473
149402659664 4281081
149502308316 3690817
149602654798 3489662
149702612586 3591364
149802663673 4187849
149902668109 3647096
150002684671 3430202
150102675788 3374126
150202659658 4351036
150302681909 3647401
150402520054 3427032
150502577163 3966037
150602406553 3704053
150702621891 3101794
150802682405 3866763
150902327736 4370022
151002688416 3356492
151102681368 3207796
151202492377 3919825
151302704795 3753500
151402688861 3156883
151502690631 3918930
151602689657 4294575
151702659708 3323418
151802699288 3154431
151902780740 4133527
152002662247 3752614
152102705998 3592433
152202705986 3319622
152302703379 3918724
152402721913 3863558
152502694278 3533189
152602699170 4182611
152702715911 3048053
152802873245 5211809
152902707881 3642031
153002728699 4134920
153102709247 3646144
153202731863 3430340
153302738312 3374134
153402464205 4352493
153502720647 3645320
153602718799 3477872
153702738721 4026635
153802732175 3809585
153902722392 3537381
154002759068 3320756
154102745138 3864659
154202718124 3862461
154302743852 3481786
154402728463 3590251
154502752282 3431424
154602748078 3862661
154702728662 3915335
154802729512 3810768
154902754902 3538520
155002684692 3426485
155102746000 3812727
155202749436 3970731
155302747268 3535253
155402671528 3698045
155502392387 4009956
155602392364 3695001
155702750637 3343358
155802758154 3595745
155902675346 4400574
156002763606 3539100
156102746097 3265792
156202769778 3864561
156302764174 3916524
156402776867 3811148
156502764990 3536931
156602760259 3428794
156702759206 3810974
156802778791 3970660
156902724023 3533264
157002762763 3971585
157102772326 3754703
157202784426 3159690
157302669773 3756120
157402796440 4296338
157502776128 3699623
157602773113 3370884
157702786665 4134592
157802517962 2285642
157902388765 9251428
158002440924 17777036
158102395814 6569685
158202400043 11648997
158302730273 6957805
158402429645 2702311
158502447434 2576318
158602950827 3156662
158702603230 3284614
158802607497 708373
158902602656 911644
159002554382 668399
159102622215 161105
159202624351 153008
159302632586 148476
159402620699 151904
159502613563 151915
159602609198 149915
159702630835 152480
159802642737 164867
159902629498 156150
160002640348 154281
160102640843 153738
160202659356 149513
160302646585 147584
160402644935 147082
160502635300 138800
160602649651 146412
160702653165 147154
160802656528 150976
160902634305 152506
161002655737 156658
161102662186 155322
161202662198 152968
161302660601 134702
161402568338 2172760
161502607500 1936027
161602734153 798215
161702708253 465663
161802672484 221553
161902681346 212727
162002688223 213415
162102688366 210664
162202733204 210766
162302439416 273927
162402628059 1218011
162502693114 631015
162602678150 283934
162702713495 274101
162802690637 275887
162902701120 275180
163002743421 279677
163102670079 1604990
163202644059 1456431
163302737894 823144
163402582146 3116530
163502592194 1287280
163602458885 5819645
163702754274 288030
163802728633 175413
163902725631 173388
164002736118 175932
164102740438 171562
164202871049 172345
164302704307 185647
164402735253 163093
164502725131 164175
164602633340 1438924
164702589696 1874210
164802677034 1362491
164902500150 10255704
165002629411 5431346
165102731512 2557488
165202748958 298928
165302737843 294950
165402470950 450737
165502773608 1215585
165602757060 772530
165702861733 559444
165802858745 310017
165902884649 469634
166002816949 756326
166102798775 767032
166202619460 818850
166302601189 906440
166402815827 906131
166502808078 622678
166602625159 1192160
166702615391 910711
166802594005 1044091
166902853397 554915
167003019069 717004
167102908246 421502
167202729257 304795
167302732083 476055
167309348554 232467
