100081810 20.705340
200021896 8.113409
300021542 8.041058
400020074 8.010696
500005827 150.970941
600004014 175.427881
700004352 139.241171
800004842 118.838502
900000902 88.418749
1000005215 75.949587
1100004701 67.461152
1200006010 61.728774
1300004826 61.510690
1400005238 58.461205
1500000913 58.611346
1600004230 54.103348
1700000721 51.294177
1800004948 48.970947
1900002609 46.752376
2000003148 45.051810
2100004979 43.328975
2200000886 44.816248
2300005382 43.685632
2400000588 46.200852
2500003706 45.641018
2600004941 46.343197
2700002663 47.227303
2800004611 46.639019
2900000903 47.657888
3000004163 46.679616
3100003207 43.829249
3200004248 46.768197
3300003819 46.167227
3400004733 46.485892
3500003247 45.087537
3600003418 44.194883
3700000673 44.348658
3800004463 45.452758
3900004595 46.310552
4000005998 46.475384
4100003631 48.126977
4200000772 47.596069
4300004285 49.261426
4400000922 50.078448
4500003091 50.129328
4600003764 71.221835
4700007128 111.027615
4800006484 101.747895
4900006897 209.499576
5000003591 268.741646
5100004235 276.746561
5200003140 268.818025
5300004264 262.447034
5400003475 255.278668
5500007436 250.706036
5600001554 247.702288
5700003204 244.087393
5800007883 242.489390
5900005722 240.166932
6000006175 236.601304
6100005814 234.726305
6200005209 234.608736
6300003281 234.182648
6400002094 229.319165
6500003298 228.819642
6600001229 228.453779
6700005315 226.635392
6800004038 128.266957
6900006613 114.197661
7000005205 115.805035
7100006606 118.499619
7200006933 118.569315
7300003608 116.977928
7400005247 123.409770
7500006549 113.072162
7600016982 112.194050
7700016977 117.316272
7800020186 108.005596
7900023061 109.639792
8000006416 110.319577
8100006373 113.494411
8200016211 114.036369
8300004142 102.757692
8400016263 125.409597
8500016741 109.501720
8600005784 109.919947
8700022226 117.261927
8800021605 108.276963
8900004579 107.812352
9000018360 103.184017
9100019241 104.062142
9200007482 104.542202
9300005931 111.700159
9400021696 106.474742
9500004356 112.594545
9600006575 104.313030
9700011599 114.599603
9800022118 111.777528
9900015527 112.951965
10000007755 115.165010
10100017583 110.805184
10200007398 88.928557
10300004998 135.038313
10400017341 115.730971
10500017524 114.016445
10600016527 119.386222
10700006102 116.511933
10800003335 94.292070
10900005915 138.248783
11000004762 105.978133
11100006677 123.520973
11200017026 120.056198
11300025778 108.308797
11400006291 114.265976
11500006775 113.297481
11600005800 113.290947
11700004224 115.245834
11800020521 113.916967
11900019013 114.167462
12000005328 112.668903
12100005932 117.592675
12200002953 110.625422
12300005417 112.010932
12400005805 123.281650
12500022886 115.027599
12600005694 112.184939
12700006196 120.116851
12800007532 117.915425
12900005528 108.342445
13000018805 116.808592
13100005538 105.908809
13200020004 119.572496
13300014955 134.202177
13400015611 104.171716
13500023293 116.511758
13600006054 124.077141
13700003732 105.042983
13800007768 120.485345
13900015478 114.743230
14000003896 109.477820
14100004133 120.475344
14200013740 111.348781
14300019928 110.164380
14400005906 119.936217
14500004620 115.779891
14600004369 110.868460
14700005209 122.012357
14800003413 109.733683
14900004519 124.132066
15000002796 110.650416
15100004838 121.363977
15200004464 118.249867
15300006182 111.559894
15400004274 122.843757
15500001467 107.180067
15600004342 130.204934
15700003342 119.886275
15800023447 105.044153
15900001712 128.825682
16000013676 106.448065
16100003837 130.113928
16200003802 130.297813
16300005119 114.636529
16400003941 107.083142
16500022022 128.412102
16600003568 116.067222
16700006491 119.093661
16800004382 115.767726
16900006624 127.968041
17000003681 106.832092
17100018274 134.984586
17200015579 115.735391
17300004097 113.540109
17400014872 119.208775
17500005028 135.364246
17600003330 126.942660
17700003810 128.861918
17800006025 108.415474
17900022863 130.173657
18000004866 115.860683
18100005313 127.608767
18200005032 120.248811
18300005523 119.294175
18400005221 118.203597
18500018054 131.078828
18600005194 122.157342
18700011909 124.322197
18800014985 112.606751
18900013408 130.017273
19000004051 119.493853
19100004915 129.581043
19200018780 128.050872
19300001152 110.683774
19400005830 138.340186
19500017309 111.009585
19600005169 131.471887
19700019009 119.552650
19800035075 125.341979
19900004400 122.884295
20000015993 137.304611
20100003239 112.381385
20200019952 127.762272
20300004397 131.553306
20400003253 109.904829
20500004992 126.881295
20600020445 149.423418
20700005803 128.648151
20800006554 122.656217
20900006305 114.883888
21000020367 131.785416
21100005799 139.935978
21200004404 129.580378
21300016536 122.768453
21400004888 142.654618
21500005124 125.912729
21600004374 126.377848
21700002107 122.924889
21800006187 140.934885
21900005971 123.612514
22000004444 125.481808
22100002423 134.476432
22200023569 124.640957
22300004999 141.063799
22400005792 150.971650
22500004935 154.561214
22600006730 126.994864
22700005899 113.998298
22800005389 140.262060
22900002352 134.484798
23000005671 135.669756
23100001469 151.462290
23200006603 152.801068
23300005021 139.223591
23400005417 164.216048
23500005795 152.062468
23600004815 129.220693
23700006355 158.793220
23800001825 141.963982
23900013269 148.958362
24000018720 186.411091
24100002699 159.135990
24200004532 140.293385
24300001201 167.608664
24400005363 159.526130
24500006160 187.410842
24600001620 141.227024
24700005964 160.712214
24800001774 156.415831
24900005126 166.521455
25000004714 173.815151
25100003130 155.877197
25200022376 167.216808
25300006176 148.628751
25400004904 176.978649
25500016148 174.579538
25600005078 154.770315
25700001693 160.294606
25800003217 188.180227
25900002535 147.205991
26000005047 167.353247
26100001882 160.046960
26200002035 176.077742
26300001924 170.186867
26400019536 151.028284
26500004336 190.809901
26600002559 174.277279
26700005908 159.854967
26800003467 183.166764
26900002969 191.172535
27000020910 149.557368
27100003356 172.860173
27200006319 189.036747
27300005950 148.853384
27400001550 202.628039
27500002183 140.151632
27600001735 191.552473
27700001883 137.830720
27800002296 195.003604
27900003785 180.853035
28000004087 148.898778
28100004397 180.987008
28200002583 145.631417
28300006375 161.350320
28400002556 153.803442
28500023826 154.033371
28600003282 170.695985
28700002017 165.983806
28800002742 155.696484
28900002812 157.102125
29000002957 162.775968
29100003653 170.155962
29200005117 193.758282
29300005058 167.724986
29400005406 131.822822
29500016947 204.462948
29600004443 145.643727
29700004979 155.905365
29800018200 165.376939
29900003987 159.169452
30000006347 157.191128
30100003095 205.440659
30200001760 142.789667
30300005256 186.005071
30400001765 139.553202
30500003461 166.423612
30600021762 173.105870
30700004110 150.167002
30800001793 130.912227
30900025065 191.284212
31000006374 183.298763
31100024851 168.286332
31200005767 132.300154
31300003705 160.074823
31400001548 208.606218
31500004086 145.430151
31600003264 147.831049
31700005169 127.218502
31800002538 174.917501
31900013921 111.546135
32000018513 141.955885
32100004367 123.988148
32200016112 128.705973
32300004240 118.075633
32400004399 104.815653
32500005054 135.360010
32600003293 121.603039
32700005123 105.278364
32800004433 136.951480
32900024402 98.614147
33000005848 144.205151
33100021335 102.656452
33200005190 115.006092
33300004883 109.219235
33400004475 116.942224
33500005166 122.439932
33600004762 111.673777
33700002365 114.425942
33800008812 120.986134
33900025457 124.254215
34000005103 109.406965
34100005392 132.372177
34200002873 163.286654
34300016600 148.765308
34400023824 167.137965
34500003051 166.387353
34600002935 187.068073
34700004061 180.487425
34800012217 164.308244
34900004297 161.353789
35000003539 144.589293
35100004232 151.949984
35200006978 153.903962
35300004146 70.868357
35400004256 33.908017
35500005659 42.839876
35600004746 42.578734
35700005167 42.923230
35800004095 42.243407
35900001114 44.408726
36000005294 43.598585
36100004781 44.982050
36200000799 46.082464
36300005831 44.580302
36400004119 43.470973
36500005067 45.094783
36600000961 44.304142
36700000920 44.858643
36800004828 45.961740
36900005018 50.105981
37000005318 48.163947
37100003080 49.018618
37200006201 45.347214
37300005950 48.289152
37400004049 43.878201
37500000934 44.751507
37600004035 46.393782
37700005677 45.419682
37800004689 46.120815
37900005014 46.190871
38000005355 49.566103
38100000829 45.925008
38200000542 47.729476
38300000966 47.160152
38400003684 47.236483
38500000950 49.351801
38600004152 48.464201
38700000961 50.856601
38800004788 49.524506
38900006122 50.475717
39000000777 45.223978
39100000447 47.218431
39200005489 46.295882
39300003835 45.625530
39400005855 48.092630
39500004374 47.905596
39600005592 46.297271
39700000426 47.195858
39800005931 47.426241
39900004033 46.158329
40000000877 50.046664
40100004345 48.451978
40200003712 49.386233
40300003967 48.220197
40400004524 47.356171
40500005639 49.188202
40600000831 49.314230
40700005105 47.914049
40800006757 47.684185
40900004209 46.895996
41000006534 49.110829
41100004857 47.068440
41200006269 49.370037
41300000804 47.965849
41400005175 49.498894
41500003859 47.326049
41600004236 47.062361
41700006459 49.039986
41800004022 45.423681
41900000863 48.233403
42000000862 47.246898
42100005280 48.112833
42200000822 50.353196
42300005414 46.924665
42400000626 48.356121
42500000961 49.350716
42600000817 47.171166
42700000527 48.977426
42800001064 49.411870
42900004075 47.290030
43000000862 48.428845
43100000438 47.818600
43200000956 49.668184
43300000781 47.988747
43400004245 48.294274
43500003828 47.892992
43600004139 49.459778
43700004698 47.821553
43800006019 48.115904
43900003729 51.624884
44000006483 47.466758
44100003925 48.901323
44200000399 48.517075
44300003782 50.278177
44400005364 45.993650
44500000834 49.319260
44600003989 48.078904
44700005421 47.991595
44800004730 47.825976
44900003960 48.875103
45000003563 51.696306
45100003029 47.073637
45200004183 47.050290
45300000896 46.708278
45400000753 48.224915
45500004831 47.955150
45600005223 46.827001
45700000919 48.619643
45800004517 47.777153
45900000800 48.084392
46000000835 48.187213
46100004896 47.566237
46200004339 48.363216
46300003441 48.036062
46400007233 48.116897
46500000889 48.199751
46600005476 49.060076
46700004923 50.189341
46800004097 49.165241
46900000483 49.602722
47000000416 46.511536
47100004557 49.840635
47200004635 45.304332
47300000839 49.812808
47400007571 48.809570
47500004079 50.062477
47600004198 47.570422
47700003990 50.337654
47800003768 48.747073
47900004113 49.830757
48000005576 49.678837
48100000483 48.332790
48200004249 46.788569
48300004235 50.422646
48400000883 48.902038
48500006734 49.089431
48600005639 48.884412
48700006909 50.405340
48800000459 44.298521
48900006099 50.784340
49000039526 46.653379
49100003368 50.564683
49200005540 48.955309
49300005245 48.092689
49400003236 49.590094
49500004641 47.921390
49600004623 48.862761
49700006061 48.358313
49800000873 51.459809
49900004359 50.444143
50000005894 50.044135
50100005538 47.744533
50200006775 50.120648
50300004283 48.410325
50400003918 48.413185
50500004071 48.553134
50600004715 47.256970
50700003850 49.453635
50800003948 47.780591
50900000863 49.145423
51000003876 49.212918
51100000892 49.276724
51200004819 46.707843
51300001012 49.714144
51400000844 49.621694
51500004858 47.786826
51600004773 49.017141
51700004676 50.292984
51800004244 50.033150
51900004292 44.970039
52000000957 48.292402
52100003691 49.899810
52200000499 50.041561
52300005813 48.246023
52400004310 47.559887
52500004920 48.478122
52600003936 48.977594
52700005798 47.837554
52800005062 49.618353
52900000822 49.698422
53000003623 49.638276
53100005139 50.847632
53200005642 50.930910
53300005328 47.674295
53400003818 49.503163
53500000790 50.037370
53600000918 46.418118
53700000918 50.223394
53800000924 43.898683
53900000804 53.400907
54000004268 48.643404
54100004705 49.358315
54200005294 47.554011
54300001004 50.140397
54400004682 48.896129
54500004449 48.661502
54600006676 50.595165
54700000901 48.926647
54800001023 48.209385
54900005310 51.534332
55000000802 46.651054
55100004378 46.428921
55200005583 39.865457
55300000806 49.938000
55400000882 51.364929
55500003467 51.338339
55600005895 48.419379
55700005948 47.448125
55800000945 47.860144
55900005058 48.703816
56000004942 51.992297
56100001138 48.917761
56200000914 47.512612
56300006962 52.076505
56400005393 49.817560
56500005055 52.166689
56600006299 48.045752
56700000411 46.420878
56800000963 47.613383
56900005602 49.988000
57000007056 50.797222
57100003639 47.693660
57200004473 48.542080
57300006123 50.675326
57400000908 47.216958
57500000393 46.452807
57600005641 51.584793
57700004025 50.114735
57800003634 48.425345
57900000854 48.717442
58000000941 49.648429
58100001129 50.905370
58200003875 47.175285
58300006965 47.862810
58400004245 43.567736
58500101879 51.169411
58600004274 43.888450
58700001036 51.244110
58800005481 48.136500
58900004287 48.781018
59000005063 50.520524
59100006364 48.469048
59200005150 46.781082
59300003793 49.448510
59400004862 51.182144
59500000496 47.660796
59600000855 51.015483
59700001668 50.539257
59800005427 49.803200
59900004321 45.615933
60000000869 44.609582
60100000543 49.005304
60200004155 49.667530
60300003993 51.889446
60400001196 48.238331
60500003972 48.555341
60600000918 47.842556
60700000969 49.219528
60800004813 49.586962
60900004013 50.247533
61000001113 47.893071
61100004346 49.863664
61200005170 52.619786
61300003340 46.996500
61400006189 49.233598
61500001819 47.389264
61600004658 43.981125
61700003819 53.365291
61800004276 50.470671
61900005749 49.892852
62000005108 48.528735
62100005272 49.032783
62200000810 46.964320
62300007236 49.184680
62400005251 50.268980
62500005274 52.193302
62600000791 47.275612
62700003722 48.301813
62800003701 52.404233
62900007084 48.904655
63000005569 48.190540
63100003558 49.489810
63200004537 48.493999
63300005571 47.208133
63400000895 42.519730
63500005843 52.348023
63600000388 50.089839
63700004378 45.742026
63800007831 50.683930
63900005185 50.117088
64000005502 51.270976
64100006585 45.539649
64200004117 50.625445
64300006190 46.950054
64400001136 56.732189
64500005914 51.831159
64600004833 48.416654
64700006143 46.743247
64800000546 53.799329
64900000848 49.860785
65000000824 51.232334
65100007451 51.124699
65200005313 47.574491
65300004282 50.416961
65400004305 52.872602
65500004177 49.226780
65600006324 47.427453
65700000864 50.149752
65800007232 56.916754
65900004200 53.292449
66000003733 47.905245
66100000978 55.042443
66200005455 53.362136
66300005366 46.545374
66400005115 48.737557
66500005701 52.781264
66600000725 49.602183
66700004203 52.425735
66800004956 56.267619
66900001054 50.391103
67000005001 50.929079
67100000532 47.724892
67200000900 55.462578
67300003946 56.465471
67400000834 43.614908
67500004489 51.755212
67600005944 51.897564
67700007716 50.529021
67800006278 49.511629
67900045574 52.790944
68000004802 55.558872
68100000836 55.481635
68200005169 50.521213
68300003761 52.045727
68400003973 52.295003
68500001594 51.645769
68600003669 54.434944
68700008010 54.675563
68800005883 56.764345
68900000939 53.682483
69000000942 50.652202
69100006746 51.064137
69200005469 51.390235
69300005966 57.552554
69400004233 58.483215
69500004660 53.385931
69600000954 54.556694
69700004340 55.324555
69800003710 59.330320
69900004197 56.436112
70000005589 60.958886
70100004346 52.528943
70200000841 55.166456
70300006362 51.011305
70400004479 53.523929
70500003814 63.434205
70600001077 63.507298
70700000503 58.946058
70800003728 61.395872
70900003503 69.267328
71000003866 57.068330
71100004069 57.983062
71200003531 49.693858
71300007572 52.723506
71400003820 51.187613
71500004918 47.140294
71600000878 57.923748
71700006610 58.857372
71800003910 59.260546
71900003823 61.805204
72000000869 69.828492
72100003724 54.917760
72200004344 61.763877
72300003987 56.152615
72400007417 45.449452
72500006180 55.452666
72600004018 73.061580
72700000910 60.842946
72800000671 63.852865
72900003738 64.999825
73000000891 61.074023
73100035502 57.518582
73200000874 59.313456
73300003867 58.149808
73400001033 49.379701
73500003700 64.063005
73600000497 69.014705
73700000560 73.381617
73800000619 66.693299
73900003901 76.422189
74000000791 60.326879
74100004490 62.154159
74200004833 54.539512
74300000629 57.531675
74400007763 70.112574
74500003527 55.436701
74600004152 80.358216
74700004728 80.637494
74800003880 67.332646
74900005692 67.126872
75000004436 56.904012
75100004756 53.209422
75200000998 56.459300
75300005381 61.023853
75400000981 64.650260
75500004144 69.827356
75600003637 71.408636
75700003920 80.968013
75800005018 73.165990
75900000467 65.372844
76000006068 56.354305
76100003938 56.915331
76200000792 68.494934
76300000924 62.879365
76400003331 66.407848
76500000811 73.280709
76600004257 78.241534
76700004302 73.597054
76800005346 57.188373
76900008142 58.191340
77000004031 74.036356
77100005370 65.037545
77200004192 63.274514
77300003924 70.540608
77400004403 76.454292
77500003494 66.196179
77600000943 76.721255
77700008287 64.317512
77800008084 90.897604
77900003924 62.906586
78000003809 69.479528
78100003811 76.062612
78200004524 67.112028
78300004282 64.788808
78400004103 75.080566
78500007224 64.073218
78600004373 73.272024
78700006997 87.388596
78800004238 85.425358
78900000649 71.800285
79000004099 68.270282
79100004009 90.564531
79200003932 62.640623
79300003878 76.441568
79400003740 89.528255
79500000903 73.785194
79600006062 62.004192
79700000492 68.382706
79800004120 69.886161
79900006737 78.661110
80000003887 52.716282
80100004317 60.934386
80200004377 91.894226
80300004086 96.103339
80400004362 91.709159
80500000812 88.841541
80600004168 70.741919
80700007357 63.663495
80800003977 94.787800
80900004155 96.716427
81000004459 82.029916
81100004002 95.261324
81200003792 100.339471
81300003392 72.559320
81400004050 71.477826
81500003717 86.333490
81600003572 98.212143
81700004293 96.699550
81800004168 89.297912
81900003848 93.981462
82000003959 61.387135
82100003744 87.781815
82200004140 106.686969
82300003886 113.475821
82400004138 101.342719
82500003968 71.072100
82600004964 60.762384
82700005089 59.710444
82800004281 82.562909
82900003873 103.883477
83000004179 107.663669
83100003914 89.092045
83200000520 110.285929
83300003764 63.579698
83400003571 87.507781
83500001036 85.586299
83600003681 86.966684
83700004347 86.328987
83800004339 105.229673
83900004169 76.792475
84000004064 85.907619
84100004071 90.398658
84200003945 104.295342
84300003789 108.045506
84400003816 109.232457
84500005469 68.164195
84600005117 55.216409
84700005078 75.768391
84800004881 63.255402
84900000956 62.820145
85000000869 92.528326
85100004334 92.422189
85200004060 99.697312
85300003906 67.853900
85400003971 85.525122
85500004268 103.377842
85600004268 106.819544
85700003907 110.138909
85800004021 106.952493
85900003968 96.015167
86000003973 101.616949
86100003724 113.551399
86200004637 121.531188
86300004544 114.058318
86400004723 102.140155
86500004438 115.921482
86600004494 121.153913
86700004498 98.378913
86800004110 113.229224
86900004299 89.372369
87000003914 111.279509
87100003670 116.558567
87200004385 120.689565
87300003939 114.959868
87400004303 118.811927
87500003655 106.033522
87600003903 115.798270
87700004289 121.067492
87800003783 121.350648
87900004106 120.524447
88000003970 106.466068
88100004032 121.986012
88200004143 121.398673
88300004119 122.488350
88400003799 121.571955
88500003651 122.538026
88600003836 116.992433
88700004184 121.224150
88800003948 122.212388
88900004031 121.871102
89000004055 122.539432
89100004415 122.178301
89200004152 121.479074
89300003955 122.240330
89400003495 121.888765
89500004136 122.299490
89600003923 117.616650
89700003964 115.387314
89800003733 121.182487
89900003958 121.261213
90000003872 121.420820
90100004673 121.856561
90200003935 121.187629
90300004163 121.903813
90400003728 122.341219
90500004375 122.073395
90600004053 122.193522
90700004012 121.540954
90800003987 121.667903
90900003521 122.465922
91000004427 121.707467
91100004181 122.656372
91200004461 121.822652
91300004084 121.715111
91400003973 122.773568
91500003719 121.714412
91600004194 122.837499
91700003757 121.844078
91800003982 121.679938
91900004369 122.705523
92000003747 121.773904
92100003471 122.831734
92200003590 121.893395
92300004335 121.703459
92400004510 122.738556
92500004190 121.811250
92600003918 122.847298
92700003805 122.158506
92800003770 121.852687
92900004244 122.374487
93000004505 121.944271
93100004142 122.624933
93200004880 122.219555
93300003956 121.576718
93400004198 122.204042
93500003870 121.997440
93600003752 122.479281
93700004459 122.550938
93800004028 121.510253
93900004153 122.378611
94000004065 122.497864
94100003934 122.293791
94200004624 122.701349
94300004246 121.514053
94400004069 122.341397
94500004482 122.636595
94600003755 122.196393
94700004336 122.693417
94800004033 121.787201
94900003935 122.055296
95000004653 122.747469
95100007451 138.322975
95200006288 178.013511
95300005981 167.045462
95400005677 168.373564
95500004922 173.401128
95600004776 153.407839
95700004766 217.588489
95800004139 180.188196
95900005229 294.722097
96000005256 235.528953
96100005665 185.142826
96200004388 188.109761
96300010830 274.439414
96400010069 116.381848
96500006768 109.371728
96600003171 193.017703
96700002398 182.042045
96800002138 325.783121
96900002515 293.558740
97000002049 275.922975
97100002703 274.957853
97200001901 259.047384
97300002748 267.958396
97400002016 258.480611
97500011069 258.182027
97600009404 252.698803
97700002069 250.767653
97800007808 247.026374
97900006614 247.151851
98000008687 236.817490
98100007232 235.470553
98200005663 247.633831
98300004432 239.958876
98400002091 244.581531
98500006436 243.799245
98600006591 256.150583
98700005289 246.272462
98800006394 260.346420
98900007278 348.086266
99000025756 158.090963
99100006948 96.038708
99200015740 105.261367
99300004461 144.171718
99400006614 141.852551
99500022429 104.457731
99600003561 110.786989
99700028172 113.631333
99800006496 130.881947
99900005674 127.539971
100000018289 124.054128
100100005058 102.378134
100200009450 119.161249
100300016956 126.663683
100400007909 125.434473
100500019821 111.596470
100600022132 139.087853
100700024739 107.672410
100800006562 121.397467
100900008183 123.681439
101000007566 114.025935
101100018908 120.543969
101200017411 126.438163
101300099804 123.834302
101400010205 114.761397
101500021951 137.427142
101600007633 96.972141
101700009145 136.476137
101800006482 108.036797
101900001664 130.541798
102000006880 121.237121
102100019810 148.886736
102200007667 109.433872
102300004289 121.079496
102400008431 124.628292
102500024786 138.629800
102600012838 137.067380
102700012714 113.937613
102800009747 120.851506
102900022249 117.076603
103000015516 126.488972
103100020729 183.736364
103200013939 102.990397
103300014580 152.619421
103400009106 136.794440
103500016521 115.285975
103600023037 143.027187
103700008668 114.310409
103800018599 127.906012
103900002178 126.971013
104000027799 136.447698
104100021347 117.809177
104200026464 127.648976
104300022748 119.034830
104400011556 93.432853
104500012112 145.234735
104600023244 149.207024
104700020854 146.412861
104800027936 120.705004
104900013078 139.671282
105000017873 117.794515
105100013327 127.446788
105200021685 139.453857
105300023681 120.899852
105400020199 138.947756
105500020414 126.160553
105600016648 133.974782
105700013827 135.176572
105800014239 113.787556
105900013487 133.507515
106000009194 105.099334
106100003079 164.636421
106200010547 167.748407
106300019003 133.534733
106400015857 126.502983
106500009297 145.766467
106600015707 133.723249
106700017966 129.194823
106800018196 150.948919
106900023759 141.587392
107000013875 143.162471
107100012818 124.345805
107200010818 111.970136
107300022886 112.927087
107400009511 148.627703
107500005695 182.480264
107600011509 163.199788
107700009660 147.236402
107800013446 155.600197
107900010263 125.045737
108000006632 161.718170
108100002517 168.289676
108200018616 144.942194
108300001865 130.320180
108400006063 167.528770
108500001797 212.213353
108600037617 137.737972
108700006963 184.381468
108800006208 192.143631
108900001498 197.830040
109000008024 168.807415
109100006805 209.227371
109200017377 194.079595
109300022440 199.720347
109400016363 207.930329
109500002781 206.103688
109600018170 183.684935
109700012401 212.642281
109800003888 208.365536
109900004445 182.702762
110000019891 193.949439
110100002593 202.855865
110200003786 191.247786
110300002286 206.227743
110400003210 220.743062
110500002430 186.323564
110600017991 194.783282
110700013933 204.502286
110800023202 197.785023
110900023841 170.433592
111000019523 215.254115
111100012215 187.794401
111200002996 183.580252
111300005016 202.009753
111400022606 183.130620
111500011889 202.381476
111600003232 153.581880
111700011092 149.870996
111800005196 177.449274
111900001581 183.782004
112000005060 211.204663
112100022309 142.574566
112200016528 194.567914
112300004811 193.827507
112400021063 179.911623
112500021011 181.997268
112600016212 183.552960
112700021147 223.182968
112800020790 183.703959
112900004956 135.658429
113000022677 197.681491
113100001760 158.042499
113200024182 169.447858
113300001540 178.250186
113400018291 158.953335
113500001471 166.648997
113600022961 181.846202
113700004560 161.134084
113800008952 159.500066
113900001450 209.102341
114000017101 152.070699
114100013462 125.853641
114200004662 163.377114
114300001597 173.469959
114400024477 188.088312
114500025377 163.803830
114600004994 148.112844
114700230279 213.002026
114800020044 186.227275
114900013214 147.972905
115000024519 161.695361
115100019882 215.832021
115200015874 168.293086
115300024304 164.072136
115400020338 137.648596
115500002493 208.768616
115600017545 171.319115
115700021552 183.136764
115800001696 152.564518
115900022051 144.008846
116000005328 197.780138
116100011679 137.749443
116200007531 139.406084
116300023707 152.826886
116400004937 211.174862
116500005494 189.408990
116600013849 156.106763
116700020339 149.948924
116800019757 186.256617
116900016038 197.878023
117000001606 128.890712
117100001534 172.950254
117200021283 203.735975
117300023497 188.872607
117400018972 146.947536
117500020514 204.818723
117600018331 151.369442
117700009979 156.299891
117800010963 152.019565
117900011272 195.336333
118000013753 211.492374
118100014736 126.343586
118200001571 195.567778
118300014230 119.550537
118400005205 155.845840
118500014845 160.196436
118600023269 215.411114
118700027789 177.066534
118800009155 118.681564
118900024400 177.882116
119000028228 154.982472
119100017434 139.253280
119200022389 138.784484
119300009243 171.044162
119400016222 130.006689
119500025151 123.313697
119600016363 130.545625
119700022097 157.078062
119800023385 163.027760
119900023628 125.924095
120000019658 132.000572
120100025954 132.331164
120200022368 174.510435
120300007304 85.356962
120400007366 103.999869
120500020459 145.823887
120600011402 211.758128
120700020133 148.408459
120800018028 121.131795
120900140563 146.753564
121000024667 148.705849
121100025991 164.492245
121200002200 70.633527
121300003775 44.463205
121400003800 200.663766
121500003654 186.131455
121600003589 157.438891
121700006559 115.347564
121800004604 42.267414
121900005632 42.943414
122000000939 43.500007
122100003681 43.286499
122200005685 47.329804
122300004002 47.560893
122400000313 42.251035
122500000929 44.958037
122600000917 44.190233
122700005627 47.306537
122800004129 46.360118
122900004545 45.620759
123000003688 45.855797
123100000915 47.601801
123200003933 44.664404
123300006166 44.724622
123400004502 39.522122
123500004866 47.951147
123600004220 44.033586
123700004728 45.637578
123800000462 43.737057
123900001915 49.174127
124000005542 43.864210
124100000851 45.799144
124200005284 48.546073
124300004924 40.675134
124400004976 45.191523
124500001008 45.001448
124600005009 47.058505
124700005617 47.403243
124800005788 47.526765
124900004582 42.028029
125000004587 46.064748
125100003970 49.288148
125200003648 43.819715
125300004531 46.648791
125400004707 46.128423
125500000821 43.226899
125600000542 44.692093
125700000867 41.518070
125800004112 45.093694
125900001112 45.201960
126000005456 48.666734
126100005698 41.511892
126200000892 46.261286
126300003894 44.495549
126400005173 49.957068
126500004787 38.446798
126600004782 49.590779
126700000924 46.088458
126800004972 50.754898
126900003903 40.761131
127000006276 47.779890
127100004070 44.581445
127200000861 50.176279
127300000935 43.308884
127400005308 45.677761
127500000984 44.576728
127600005564 45.468796
127700004386 50.041611
127800004270 47.706062
127900006135 41.863114
128000004820 47.017663
128100004829 46.233188
128200003666 42.173344
128300003806 51.480129
128400004342 45.617788
128500004746 46.605802
128600004680 47.365512
128700003104 50.841577
128800003780 46.549285
128900004231 44.326931
129000006959 46.224207
129100004106 47.477624
129200000940 47.063831
129300004329 43.086482
129400000838 46.909417
129500005189 46.839695
129600004799 44.018451
129700002840 45.933158
129800006134 44.769518
129900004923 50.674010
130000005658 48.913327
130100001066 44.425277
130200000821 46.485586
130300004311 49.387297
130400003882 48.227788
130500003912 46.964491
130600000927 53.464569
130700005259 47.659651
130800002189 47.264926
130900000910 46.382121
131000000409 41.504091
131100000944 46.400322
131200004871 51.294707
131300003278 48.041305
131400005842 48.754934
131500004761 45.385903
131600004984 48.217926
131700004512 48.033738
131800000898 47.077980
131900000752 47.266679
132000004939 44.250994
132100003829 45.316047
132200006540 54.032711
132300003512 44.003566
132400001000 42.557423
132500004652 49.419685
132600000882 50.577787
132700004697 43.962913
132800003987 46.331382
132900005726 41.626903
133000000653 48.871605
133100001110 46.985883
133200005908 50.069186
133300004252 49.694512
133400004719 44.682380
133500008289 47.185571
133600003301 48.374396
133700005767 46.038391
133800003953 47.050326
133900004648 48.643090
134000003677 51.062813
134100005024 51.004140
134200004935 43.345802
134300004276 48.862768
134400004767 52.645981
134500000509 48.859480
134600001046 41.704985
134700003396 50.866181
134800005164 44.198187
134900004275 48.045968
135000003939 50.049322
135100000845 48.421257
135200000928 47.549371
135300006214 43.249084
135400006385 50.498463
135500003452 48.392266
135600001576 46.052804
135700005722 43.771107
135800000732 49.918702
135900004864 48.474806
136000000859 49.568109
136100000824 48.607607
136200005681 43.751629
136300000802 53.826315
136400003736 52.991198
136500000873 44.552829
136600004309 46.416659
136700004228 48.872277
136800006827 46.975821
136900004653 49.616024
137000004180 50.868306
137100005120 48.857838
137200006534 47.602436
137300003934 49.484455
137400005413 53.143796
137500003458 48.214939
137600003129 47.303518
137700005089 45.648191
137800003831 44.917809
137900000487 48.086134
138000000869 54.791258
138100000872 47.311022
138200005200 48.191079
138300003515 47.758194
138400000804 44.489593
138500000381 47.556956
138600006404 49.927666
138700004739 48.717548
138800003853 46.743265
138900000968 46.942377
139000000419 46.231194
139100003995 45.155237
139200004290 50.125568
139300000845 54.494056
139400007172 46.197915
139500000930 47.146252
139600039371 51.057480
139700000933 50.148453
139800000883 47.712475
139900000860 50.219519
140000000924 45.005433
140100006092 48.417915
140200001064 48.172907
140300000515 47.217222
140400004033 48.373560
140500000451 45.492266
140600000960 48.467952
140700005958 51.308959
140800005522 52.300907
140900005129 51.765060
141000000776 42.825275
141100005309 47.036153
141200004862 57.119363
141300003422 46.188816
141400000930 43.740334
141500000802 48.171936
141600003644 51.810399
141700007480 46.902010
141800004705 48.225457
141900005901 48.389365
142000004997 45.616234
142100006489 49.457443
142200001008 51.646387
142300000518 47.287982
142400007798 46.218032
142500004484 46.123870
142600003394 49.864893
142700006155 53.139672
142800000853 53.403573
142900000885 45.594094
143000003223 49.633823
143100005078 43.742346
143200004491 51.761791
143300005573 48.622130
143400005032 48.538482
143500005619 45.543098
143600005704 49.207891
143700000932 48.178850
143800000710 51.210983
143900000996 48.080043
144000004858 52.822325
144100000406 46.663959
144200000914 52.493517
144300003886 51.611796
144400003220 50.281522
144500004453 50.470924
144600001086 48.762833
144700003039 49.062902
144800003338 49.960701
144900005184 53.166777
145000000434 51.300588
145100005329 49.220276
145200003625 49.042563
145300004157 49.173782
145400000975 52.634549
145500003579 53.301373
145600001288 50.501776
145700003523 55.580947
145800003435 53.145764
145900001029 44.466968
146000003598 50.485255
146100005957 55.321425
146200006385 54.984011
146300000899 47.456261
146400000908 49.717955
146500005270 51.767432
146600000839 49.508110
146700003617 45.416932
146800000600 47.647274
146900000545 48.567095
147000004331 52.376526
147100000936 56.412640
147200000421 58.108032
147300003442 46.648916
147400006161 49.394041
147500003180 57.476446
147600005624 59.813807
147700003880 54.515996
147800005417 46.549805
147900007987 50.632699
148000007316 53.392325
148100000915 54.177769
148200005339 54.627275
148300000843 51.218814
148400000704 53.320594
148500001068 55.526202
148600001036 59.863681
148700003300 47.658389
148800000843 55.817917
148900005783 61.068214
149000006633 50.644646
149100000460 51.969663
149200004095 52.356618
149300003447 55.195909
149400003672 55.374694
149500004432 54.408128
149600003927 55.440457
149700006865 60.511101
149800005171 59.073439
149900001071 57.554396
150000003487 51.037445
150100003171 56.745091
150200006647 59.643877
150300000945 61.054873
150400003476 52.937898
150500003963 46.611300
150600003494 53.759236
150700000470 53.361994
150800007298 63.585458
150900007515 55.156457
151000004268 58.383565
151100004716 65.903836
151200001042 70.968255
151300003336 64.420540
151400004358 58.784835
151500007357 51.635571
151600005666 49.912508
151700000905 51.414523
151800003872 59.700447
151900005466 66.113113
152000003452 69.442124
152100002768 72.407904
152200000586 67.382831
152300007127 64.758195
152400001547 55.923135
152500004526 56.182984
152600004919 59.566173
152700003539 59.119469
152800003566 63.003456
152900003581 69.031276
153000003273 80.172749
153100003147 80.638187
153200003486 70.241683
153300003507 65.350239
153400003366 57.490436
153500007164 55.060825
153600003639 56.467017
153700000878 64.539662
153800000708 60.469165
153900007583 64.951284
154000000492 73.226004
154100003167 63.944244
154200004215 60.301840
154300005384 59.239742
154400003283 57.714886
154500003222 60.334237
154600003438 65.684717
154700004732 71.255476
154800003836 61.284670
154900003473 66.919986
155000003474 69.903421
155100003884 66.112347
155200000969 67.767842
155300005579 69.481731
155400000826 72.092676
155500003093 75.374539
155600002999 76.128491
155700000867 73.402380
155800000746 65.730626
155900003349 66.240002
156000004410 68.184441
156100003425 64.966001
156200003704 69.627334
156300002765 65.028369
156400000915 78.179956
156500002978 87.996846
156600001000 76.742656
156700000909 66.527145
156800006144 59.292589
156900003373 55.110433
157000004538 55.410038
157100003681 59.967153
157200004799 69.012614
157300004800 70.950521
157400003406 64.215579
157500000934 70.024880
157600004702 82.769461
157700003632 76.423965
157800003945 75.991655
157900003411 69.111415
158000001408 64.983781
158100000860 63.301808
158200000829 65.625426
158300005809 59.441834
158400004033 58.297172
158500004182 62.929175
158600000501 69.419747
158700003380 59.687978
158800002775 65.637167
158900005467 66.217940
159000000962 68.772279
159100003359 68.774886
159200003156 74.773084
159300003155 71.230206
159400003232 77.953796
159500000919 70.094757
159600004433 73.954638
159700003489 51.183419
159800003314 66.927809
159900003387 65.493537
160000007049 81.504353
160100003373 75.029860
160200003654 71.424423
160300003603 66.923948
160400003326 71.014786
160500003435 63.750668
160600004463 69.048620
160700000549 73.903758
160800003386 72.017917
160900004017 70.967425
161000003246 69.370450
161100003467 73.892289
161200004396 68.325196
161300003134 81.627530
161400006808 78.512076
161500003563 77.246979
161600000403 82.384631
161700003270 94.262365
161800005782 89.945229
161900005617 72.210714
162000003359 56.502480
162100003090 65.691365
162200003491 71.118759
162300003824 69.576112
162400003499 81.860428
162500000960 77.487747
162600000812 78.151906
162700005849 78.384940
162800003061 73.336296
162900000893 73.025928
163000003542 71.548640
163100003371 70.268025
163200003594 77.619839
163300003050 80.561675
163400003263 86.849591
163500006899 70.026927
163600005222 61.946986
163700003215 67.275651
163800003648 69.327871
163900003498 75.064776
164000003672 75.259958
164100003468 85.939139
164200003266 88.584963
164300000743 77.473103
164400002908 79.537437
164500003757 85.774391
164600003257 77.828662
164700003780 88.023482
164800005547 82.177004
164900003049 97.488821
165000006185 85.528306
165100000883 88.819556
165200000887 71.529158
165300003614 67.828725
165400003753 65.505629
165500003277 59.369742
165600004091 67.502376
165700000939 74.243205
165800003456 66.411038
165900003600 71.014206
166000000963 82.762380
166100003448 89.490864
166200003586 84.323664
166300003351 81.227503
166400003831 67.886419
166500005404 67.674718
166600003406 61.926402
166700003376 64.375957
166800002878 77.524787
166900003276 84.068630
167000003647 89.409226
167100004857 72.960448
167200003361 68.463169
167300003288 66.122649
167400004150 77.925511
167500003435 69.322211
167600003278 61.133666
167700003420 63.472214
167800002134 66.939649
167900003998 69.003295
168000003394 70.996604
168100004790 75.065283
168200003612 78.915986
168300003135 74.803230
168400003412 77.023568
168500008408 83.705728
168600003557 88.375902
168700002907 80.549098
168800003207 74.441598
168900000454 77.239711
169000002971 71.506383
169100000979 63.991066
169200006540 75.568426
169300003284 74.278635
169400005995 59.129592
169500003266 75.825432
169600003309 67.871915
169700003427 76.832159
169800003162 75.708627
169900003448 79.586043
170000005785 83.457739
170100003701 91.934817
170200003360 100.996258
170300004478 93.140091
170400003606 91.596669
170500003875 92.247465
170600003619 96.909908
170700003264 101.160720
170800003573 97.130171
170900003503 95.121238
171000003285 95.065950
171100000882 89.886095
171200002902 82.458674
171300003461 94.822078
171400000982 94.843450
171500003940 88.925233
171600003772 89.624620
171700003493 98.943130
171800003061 106.434033
171900003224 104.162606
172000003407 103.240203
172100003017 101.747578
172200003714 97.866020
172300001035 86.233659
172400003335 81.643273
172500003283 74.815617
172600003312 86.656404
172700002936 89.860525
172800003454 99.856168
172900004333 96.827538
173000003336 94.880679
173100000901 98.933372
173200000827 90.497028
173300005181 90.977869
173400003593 101.449676
173500003431 106.858553
173600000901 94.187401
173700003656 82.706674
173800003244 80.320235
173900003984 82.634156
174000003692 73.165142
174100003397 79.416574
174200003342 90.440537
174300003562 107.111979
174400003546 110.295537
174500003045 110.684400
174600003078 113.784807
174700003448 111.346455
174800001673 102.940178
174900003525 106.116391
175000003327 108.339808
175100003055 105.284996
175200003077 112.947727
175300003474 116.676175
175400003087 112.916459
175500003423 111.808234
175600000813 100.483135
175700003273 108.784626
175800003129 108.580380
175900003306 114.630299
176000003085 118.161503
176100003335 115.336234
176200002972 121.384607
176300003213 118.783471
176400003010 120.079193
176500002998 121.469413
176600003109 120.669816
176700003135 123.223080
176800003303 123.607182
176900003047 124.359178
177000003311 123.225022
177100003351 122.366104
177200003087 123.728316
177300003417 120.181850
177400003174 124.232159
177500003930 123.280506
177600003421 123.018085
177700003597 123.581389
177800003585 123.964531
177900003612 124.428953
178000003333 122.367468
178100003469 122.983942
178200003921 123.555763
178300003578 124.219846
178400003175 124.332511
178500003002 122.301137
178600003180 123.364867
178700003195 123.360601
178800003387 124.387803
178900003444 124.102984
179000003272 122.228484
179100002846 123.573609
179200003211 123.443614
179300003619 124.469682
179400003069 124.163571
179500003490 122.166967
179600003804 123.519660
179700003628 123.544681
179800002782 124.431128
179900003358 124.116067
180000003668 122.296476
180100003122 123.505426
180200003760 123.841035
180300003163 124.455589
180400002865 124.150153
180500003139 122.535700
180600003322 123.414414
180700003247 123.941062
180800003742 124.758186
180900003593 123.848147
181000003553 122.555225
181100003870 123.627326
181200003264 124.338314
181300003561 124.957043
181400003528 124.004770
181500003239 122.756468
181600003281 124.151610
181700003830 124.241025
181800003830 124.878653
181900003317 123.618565
182000003505 123.167414
182100003506 123.983965
182200003225 124.102517
182300003658 124.690891
182400003232 122.816353
182500003384 123.296757
182600003507 123.739607
182700003122 124.322516
182800003401 124.679430
182900003583 122.628734
183000003832 123.527416
183100003713 123.820126
183200003369 124.613890
183300003697 124.386348
183400003200 122.549371
183500003215 123.616053
183600003405 123.592642
183700003666 124.855760
183800003076 124.483067
183900003644 122.538932
184000003578 123.755753
184100003420 123.950911
184200003345 124.750659
184300003339 124.398981
184400003361 122.572418
184500003786 123.762188
184600005173 146.722205
184700005398 193.610066
184800006545 176.383126
184900005481 207.317043
185000006030 218.627228
185100005190 183.525141
185200005213 183.067065
185300003772 171.998481
185400005234 225.870551
185500005181 324.760286
185600005860 213.309156
185700006449 230.801355
185800004987 280.763031
185900002662 203.231293
186000001851 30.111393
186100001556 213.571119
186200002978 338.672137
186300002473 301.009468
186400001460 284.985863
186500005414 270.216169
186600001691 261.455786
186700006093 261.133707
186800001661 265.986372
186900005741 250.997999
187000006370 251.694891
187100005004 252.982482
187200001806 253.885707
187300004250 245.205909
187400002171 250.900884
187500001751 258.327989
187600005620 256.843266
187700001924 235.077074
187800002108 222.391671
187900004782 227.365285
188000003754 242.531098
188100002881 231.482846
188200013558 371.589837
188300025802 807.859466
188400024543 157.963608
188500008107 165.658353
188600014255 95.226668
188700023555 117.453300
188800014080 152.328322
188900021424 111.773480
189000005393 126.699621
189100006501 123.704734
189200018577 143.836407
189300001935 128.526036
189400007175 125.581716
189500005666 199.640534
189600013595 140.530287
189700006936 136.995109
189800005525 121.948082
189900005185 159.604122
190000019002 151.043092
190100007151 179.961568
190200002720 139.810164
190300008301 139.759674
190400012165 178.130692
190500006397 156.660804
190600014776 128.056641
190700018801 154.009918
190800023253 177.690125
190900007020 157.841008
191000013281 258.747105
191100012456 307.037268
191200012504 195.499661
191300008516 172.928264
191400011635 202.398487
191500025301 256.595421
191600012050 214.406695
191700002976 150.131795
191800016795 125.918467
191900005185 166.436747
192000003349 163.093992
192100022425 188.154019
192200018553 183.638090
192300019296 148.562319
192400021703 157.375406
192500014957 95.212466
192600007030 156.939638
192700006906 278.473047
192800017693 231.842033
192900002779 135.640045
193000002672 108.753360
193100010107 124.143048
193200002907 268.822243
193300002035 247.790494
193400002320 156.449515
193500014300 150.416767
193600013869 167.148991
193700017340 180.691348
193800002080 243.310597
193900009081 207.053575
194000012002 169.984483
194100010765 201.013210
194200002064 214.107970
194300021654 204.689872
194400022130 150.759626
194500015462 163.190557
194600015817 230.394091
194700001208 228.726536
194800003683 181.430110
194900010054 225.924805
195000002620 178.924107
195100016338 199.145205
195200023135 155.191485
195300006203 210.761648
195400015474 176.404203
195500012601 160.931267
195600010664 158.790193
195700016929 157.120933
195800002277 172.658281
195900020866 156.185127
196000017582 167.235465
196100017413 221.998984
196200013833 212.217882
196300003801 132.259306
196400023467 164.782337
196500008663 257.300149
196600002367 173.663037
196700002470 166.473969
196800020778 156.449942
196900019131 183.777596
197000013797 162.310669
197100021149 157.313374
197200017839 209.220592
197300001515 206.539725
197400028081 154.006238
197500021401 223.075159
197600008982 182.222336
197700022023 146.815935
197800025025 188.178661
197900016711 173.735508
198000008776 154.953800
198100002263 134.311569
198200023217 151.186526
198300003146 155.767048
198400027861 171.476954
198500024870 165.857959
198600002806 135.065819
198700001553 260.136313
198800019877 178.702687
198900006170 134.512229
199000024746 248.602341
199100024559 169.309759
199200008487 156.499054
199300001946 251.775769
199400019919 186.560492
199500010348 164.713845
199600020828 144.113394
199700023313 187.513454
199800002037 200.037824
199900012115 145.680368
200000025276 151.369954
200100018442 213.159289
200200028094 141.193224
200300024387 127.818015
200400008151 227.402757
200500017876 152.950151
200600026184 125.947201
200700024670 174.284134
200800003364 114.928656
200900022319 116.323608
201000002537 265.744949
201100011040 257.056583
201200001731 152.170626
201300011608 159.731074
201400001780 210.462121
201500027323 203.168896
201600005460 124.622673
201700003854 157.361621
201800003387 275.110389
201900004756 232.506355
202000004314 107.032967
202100001676 97.893135
202200000828 37.967620
202300005353 40.935510
202400004258 46.520075
202500004223 42.656476
202600001004 43.316180
202700000882 42.781417
202800005044 45.803241
202900004244 41.240809
203000000506 39.511863
203100000820 43.467237
203200023521 44.280884
203300000773 43.937138
203400001881 48.213332
203500005099 46.830764
203600006321 41.979680
203700004662 44.785315
203800004095 46.932498
203900004396 40.632844
204000004965 45.941604
204100004933 45.222353
204200004571 41.700414
204300004933 39.730692
204400006329 43.687314
204500000768 45.226262
204600000917 45.754895
204700005619 45.557296
204800004360 46.555506
204900001026 47.378445
205000005271 41.350549
205100000856 44.937176
205200006003 46.445556
205300004420 43.398331
205400004275 44.401384
205500004967 45.420196
205600004071 47.746117
205700005599 44.877331
205800004784 43.926825
205900000795 46.873588
206000006007 45.004559
206100003392 45.116679
206200003852 43.277296
206300002854 48.366356
206400004750 47.831158
206500000936 41.863135
206600005090 44.536022
206700004735 46.933911
206800004690 45.910297
206900004651 46.522773
207000004806 48.423341
207100003776 48.732440
207200002162 47.287659
207300004381 45.993836
207400001243 47.051579
207500000896 47.496331
207600006479 45.017447
207700000435 46.998149
207800000936 46.168063
207900004483 46.530662
208000000914 42.488632
208100005255 45.452889
208200004312 46.308492
208300004944 48.235087
208400000980 45.893724
208500004855 47.131271
208600005262 42.830860
208700000751 50.102328
208800004503 48.596834
208900000929 46.888711
209000004945 46.579341
209100006527 43.740652
209200000522 48.993047
209300000533 49.972241
209400000446 45.723175
209500005541 46.029889
209600005698 47.416340
209700007017 42.394975
209800000602 46.592998
209900001039 50.872516
210000000732 48.518090
210100004221 47.188021
210200004678 49.268507
210300001106 49.335075
210400111936 50.115447
210500001193 45.407838
210600005061 48.717041
210700007365 47.576070
210800000481 47.664920
210900004585 53.068810
211000005424 48.725242
211100002845 46.394562
211200000901 47.968758
211300000641 46.699151
211400006048 49.205449
211500004419 47.634545
211600006743 46.507046
211700004031 48.807985
211800005940 48.117218
211900006381 49.333817
212000005891 50.198827
212100004351 47.894399
212200000500 48.289398
212300000708 49.757058
212400000344 43.098810
212500006094 48.423437
212600000392 50.556604
212700001058 53.715469
212800000849 47.664440
212900000976 47.837290
213000003639 47.199575
213100006520 51.222621
213200004015 47.644430
213300000898 47.308661
213400003868 52.663878
213500007871 48.458204
213600006253 48.429754
213700005141 51.403308
213800000432 44.277393
213900000492 45.121649
214000001066 50.123946
214100000874 52.017157
214200006112 47.218789
214300000544 50.254708
214400000550 52.055853
214500005414 49.606470
214600000808 50.636584
214700005518 51.591438
214800000881 49.668248
214900005393 52.453716
215000000894 55.071021
215100006934 51.099199
215200006641 47.560608
215300004605 48.574685
215400005944 48.778172
215500000838 52.756171
215600005870 52.867599
215700007286 52.767714
215800005211 51.562076
215900004310 53.565782
216000003861 54.010391
216100003969 52.302966
216200001108 56.402101
216300005627 55.144509
216400000865 54.364366
216500000732 49.235676
216600007839 51.790847
216700006095 49.713204
216800003484 52.866726
216900004157 55.377442
217000000755 53.830324
217100004202 57.171318
217200000997 60.161937
217300003735 57.760312
217400000955 64.974609
217500003906 59.508041
217600003744 53.595910
217700004594 54.332065
217800000716 47.455634
217900005747 52.630643
218000003784 55.563700
218100007038 54.394958
218200003774 58.354699
218300006439 51.711110
218400007316 56.618760
218500003708 64.272737
218600004146 59.969884
218700006574 55.745138
218800003897 53.479684
218900004012 54.512483
219000004365 54.272036
219100000913 61.623089
219200003533 58.428175
219300004132 68.419438
219400005834 52.134277
219500005788 65.693221
219600004036 64.759151
219700003534 59.712993
219800000657 56.786213
219900000807 58.805802
220000006831 59.149987
220100003780 66.211651
220200003994 66.016994
220300000908 63.747363
220400003538 57.083389
220500000854 75.536409
220600001153 59.879516
220700006097 62.019949
220800000905 57.213835
220900000675 56.523019
221000003721 62.604795
221100004957 73.056494
221200003873 65.913924
221300007349 64.160156
221400004114 67.367781
221500005255 61.046637
221600003806 62.045876
221700003874 67.120107
221800001019 65.356427
221900004148 78.309481
222000000820 79.945723
222100004289 68.435335
222200000547 70.077120
222300003527 67.092151
222400003914 58.897886
222500003906 65.736501
222600004937 66.734516
222700004040 80.422203
222800000921 69.456835
222900003409 81.445765
223000006200 81.332714
223100008418 68.722945
223200003313 73.682453
223300003941 73.814972
223400000658 74.410809
223500003396 74.541362
223600004075 81.529202
223700004250 77.874602
223800008151 75.629229
223900004106 74.379500
224000003873 84.005426
224100003207 87.288863
224200007658 80.762491
224300003920 94.231284
224400007639 82.299247
224500005821 72.096520
224600000352 77.654791
224700004073 83.362197
224800003430 85.752844
224900003850 73.244923
225000003596 94.851521
225100004527 85.459916
225200004088 71.735348
225300003236 82.684084
225400004091 92.179940
225500004294 97.810261
225600000895 101.599167
225700003393 87.734682
225800003678 90.133570
225900004386 87.642525
226000003563 98.301626
226100003579 98.845566
226200004029 102.059964
226300004071 90.079449
226400003977 89.017714
226500000832 93.415844
226600003879 112.369172
226700003778 106.148989
226800004183 91.282307
226900001065 80.155174
227000003748 101.342339
227100003922 92.174956
227200003883 101.060998
227300003773 107.212425
227400004349 81.106737
227500004437 81.258309
227600001007 102.670950
227700004046 95.062049
227800003642 84.217191
227900004021 111.555552
228000003734 92.948462
228100007253 111.344083
228200003682 102.729376
228300003932 107.346489
228400004242 113.747243
228500003949 105.317789
228600004209 100.043785
228700003821 110.835197
228800003591 110.565423
228900003625 116.112941
229000003953 107.771185
229100003952 101.318176
229200003668 101.826398
229300003880 99.965666
229400003685 103.530816
229500004418 113.771472
229600003729 112.907969
229700003890 111.445080
229800004226 96.853222
229900004017 115.541640
230000003136 111.895647
230100004071 103.818025
230200003837 115.499221
230300004153 106.722312
230400001069 112.261568
230500003755 105.282864
230600004226 109.925085
230700004157 115.150852
230800003964 115.686220
230900003868 112.094442
231000004096 115.529421
231100003434 115.459996
231200003682 115.764970
231300004266 115.929735
231400003460 116.037124
231500004065 115.849454
231600004074 115.409405
231700003731 116.204281
231800003695 116.072824
231900003433 116.070570
232000003791 116.078648
232100003805 115.383633
232200003816 105.009316
232300004151 116.540470
232400004171 115.923624
232500003951 111.285357
232600003424 114.061355
232700003786 115.584500
232800004017 115.341318
232900003743 116.128505
233000004202 111.304074
233100002875 115.033462
233200004553 116.521029
233300003580 115.449416
233400003753 116.173608
233500003588 116.081672
233600004093 115.240920
233700004348 116.266876
233800003705 115.527477
233900003628 116.316433
234000001758 116.061940
234100004939 138.062756
234200008164 174.473462
234300006900 190.872366
234400007987 257.159130
234500005414 262.097483
234600005277 153.000602
234700003292 156.978621
234800003865 162.674369
234900004899 216.142700
235000004941 341.118874
235100007632 326.011354
235200005533 268.165510
235300009832 305.262051
235400003551 305.416298
235500002898 95.463975
235600001827 55.770866
235700004375 163.926498
235800002140 285.334698
235900013157 288.324030
236000001514 296.147137
236100002791 265.674541
236200005903 245.759550
236300002035 231.626848
236400002138 247.790667
236500002350 260.851434
236600004647 255.401046
236700003329 256.023338
236800005547 253.222149
236900002532 258.589675
237000003213 258.314775
237100003376 256.435568
237200002022 263.007524
237300005760 258.253724
237400005071 251.042440
237500001720 252.070376
237600002694 271.163632
237700005496 259.031651
237800009648 277.422938
237900015650 374.008461
238000019904 540.110430
238100023482 509.953189
238200009666 136.139461
238300010598 130.596851
238400021553 109.594965
238500012973 104.285152
238600025898 102.249727
238700022923 141.965959
238800008452 173.272509
238900026749 122.982710
239000008632 99.114049
239100021740 92.986253
239200022129 72.116339
239300011384 124.003133
239400015298 141.955071
239500009871 113.340464
239600011410 97.190058
239700007331 109.284937
239800020467 132.000853
239900016681 136.702104
240000016976 142.901390
240100006042 141.419523
240200009757 138.435829
240300006515 116.244719
240400020126 122.074887
240500006366 111.726747
240600012035 158.196986
240700009588 143.179578
240800004461 124.464402
240900011506 164.747199
241000015986 150.118727
241100011875 90.116358
241200010546 102.167547
241300006095 152.991965
241400008089 191.818441
241500008748 145.148595
241600022040 88.332533
241700021674 120.207441
241800001584 139.425447
241900008569 116.648229
242000007632 93.482718
242100002961 114.011054
242200006419 168.317253
242300002463 304.613425
242400003126 388.288368
242500003229 227.368406
242600003761 174.079184
242700009016 230.962721
242800001489 278.760283
242900013141 238.490608
243000005992 141.973051
243100006589 110.297358
243200018727 218.313023
243300007367 204.408097
243400006188 243.402542
243500019170 169.024245
243600002573 162.137254
243700006712 128.825743
243800023424 165.456857
243900016378 239.918039
244000010407 225.980873
244100012267 239.552145
244200011962 209.591261
244300019703 178.440435
244400022581 197.117720
244500002340 225.410053
244600006826 163.484403
244700024956 165.075959
244800001500 218.509142
244900020586 206.089765
245000022582 169.153128
245100018373 163.259252
245200016549 203.287938
245300013789 224.438743
245400013696 195.072529
245500020741 145.907219
245600001684 184.367830
245700012371 212.979057
245800014422 176.354686
245900017795 126.076010
246000001523 117.346938
246100017894 171.453602
246200012032 232.647657
246300022995 163.779641
246400010278 210.487942
246500001813 227.477019
246600013473 189.734675
246700017097 156.621017
246800120093 175.226803
246900014819 203.665069
247000001903 146.108907
247100013577 164.028922
247200001519 188.427541
247300016141 199.404241
247400016804 172.641328
247500003011 138.677962
247600012694 201.222891
247700016395 207.211856
247800017022 147.541007
247900021382 129.173656
248000020214 195.942091
248100017477 215.661483
248200012462 166.186880
248300010870 143.583208
248400020494 142.799005
248500011101 174.535660
248600001600 229.038031
248700001853 170.127816
248800016892 129.694826
248900009840 111.484522
249000001722 172.424961
249100018356 229.583602
249200026061 142.017166
249300017496 121.790482
249400020720 181.928655
249500001664 280.571685
249600024434 148.832300
249700020107 113.277704
249800020053 170.582377
249900008651 304.975776
250000001908 164.359311
250100002252 107.938694
250200018001 141.179437
250300019281 263.655526
250400025516 218.865348
250500014164 118.864045
250600023879 108.439274
250700020187 231.335182
250800014895 203.842654
250900010567 111.562108
251000001619 121.106344
251100021653 240.248574
251200020286 213.857042
251300020634 137.291062
251400011364 114.734869
251500001557 98.664264
251600001520 125.087357
251700025661 113.002537
251800015892 191.262425
251900022938 232.016018
252000016015 190.619035
252100014096 193.183001
252200019124 189.626548
252300001745 212.442803
252400004208 99.044839
252500003247 137.845447
252600003878 151.966726
252700004588 251.915338
252800005404 126.641037
252900005811 115.780498
253000005544 94.759391
253100000722 43.598759
253200004342 42.399085
253300005647 41.876935
253400000794 48.880909
253500005185 46.858211
253600000504 41.048281
253700002850 47.050502
253800004562 43.054938
253900006119 45.516254
254000000777 46.538714
254100005478 47.435274
254200000632 43.019940
254300003723 40.960125
254400004766 46.594488
254500000806 40.241240
254600004950 44.447772
254700006151 38.426083
254800001036 45.678014
254900004254 45.527430
255000001109 41.867282
255100005517 43.503504
255200000945 43.574007
255300003579 45.848786
255400000477 45.137936
255500000907 48.232586
255600004400 47.578629
255700006235 46.244027
255800000410 41.968662
255900003555 41.336186
256000003884 46.154792
256100004908 43.565158
256200000758 46.954596
256300004864 43.125234
256400004278 48.602039
256500000867 46.570642
256600000996 44.365636
256700005540 47.453335
256800004395 45.193876
256900000915 45.272649
257000000779 42.145916
257100004467 43.701492
257200000792 46.878445
257300005027 47.507611
257400003490 51.493341
257500000828 43.578797
257600000954 44.039960
257700004745 46.407432
257800005620 48.272140
257900000900 48.160918
258000004902 48.063611
258100003835 45.954333
258200000849 43.905251
258300004862 43.726664
258400000771 43.260199
258500000368 45.283690
258600005399 48.480385
258700000956 45.628348
258800006570 45.914754
258900004222 48.262985
259000000959 48.229286
259100000404 46.883391
259200006214 43.581326
259300006820 47.558220
259400006298 49.939663
259500000870 46.435471
259600004688 45.169474
259700004024 51.851791
259800004469 46.878556
259900000780 53.514183
260000000923 45.652027
260100001039 43.469421
260200000801 44.187488
260300005604 50.185816
260400006003 50.763415
260500005866 51.977998
260600003757 45.864737
260700003857 44.360067
260800005141 45.323976
260900001013 50.131490
261000000999 52.077795
261100000921 53.125582
261200003893 47.636596
261300003626 48.848844
261400000883 50.703517
261500000945 50.540858
261600000935 47.718664
261700006701 47.847138
261800003652 54.839005
261900003830 52.780691
262000004538 47.147490
262100001122 48.173095
262200000873 45.109186
262300000464 48.062736
262400000819 49.410307
262500000473 53.677842
262600000478 51.911496
262700003699 51.065308
262800001031 53.931092
262900000800 51.682837
263000004754 53.970916
263100005320 49.468309
263200000835 52.286427
263300001017 53.031883
263400004730 54.258929
263500004085 51.729977
263600004791 53.071683
263700000864 49.379054
263800000935 51.737786
263900005671 55.766076
264000004210 63.450121
264100007723 61.016645
264200004353 59.666007
264300006778 61.702218
264400000901 55.931279
264500003431 53.863629
264600000493 53.129395
264700000896 50.821780
264800005514 60.094533
264900003519 58.665645
265000000928 69.885373
265100003506 69.625714
265200003270 67.180611
265300000735 67.623048
265400000870 57.717173
265500000933 58.562607
265600006190 64.609867
265700003447 61.754819
265800003423 68.667822
265900000766 78.260043
266000003418 88.494079
266100000785 74.864463
266200003952 79.668283
266300005059 71.544900
266400000466 70.420320
266500003424 70.178836
266600001895 67.860623
266700000884 90.309817
266800003768 82.035004
266900004562 81.728562
267000004049 80.043329
267100006692 72.338000
267200003689 78.342767
267300003457 73.221921
267400003619 74.332045
267500000975 104.243899
267600001034 81.453641
267700003068 100.396850
267800005270 94.045107
267900003565 94.250314
268000003234 107.104477
268100003748 88.572930
268200003877 87.035391
268300003335 107.649290
268400003314 93.901836
268500005980 100.963064
268600003148 106.607464
268700003589 114.935450
268800003331 114.951370
268900003524 112.481982
269000003620 100.073178
269100003039 99.939763
269200003144 111.726261
269300003525 103.966998
269400003187 100.721172
269500003473 104.482963
269600003442 110.257690
269700003572 108.065697
269800003648 115.760604
269900003583 115.263974
270000003275 115.644946
270100003056 118.736825
270200003305 110.731378
270300004026 114.285191
270400003343 119.054223
270500003490 115.736992
270600003256 109.632207
270700003880 120.785349
270800003370 120.645598
270900003870 118.268261
271000003179 110.563714
271100003414 118.941908
271200003741 119.241627
271300003339 121.271473
271400003274 119.813457
271500004928 98.861787
271600003973 112.801021
271700003533 119.682908
271800003277 115.404395
271900000528 118.987012
272000003212 102.659716
272100003817 118.897108
272200003497 120.760177
272300003908 112.178973
272400003758 113.032589
272500003831 112.061687
272600004161 113.264913
272700003534 110.634438
272800003111 121.043615
272900003041 119.571429
273000003533 114.374707
273100003652 118.689176
273200003496 113.897584
273300003341 121.111912
273400003768 119.627549
273500003727 115.719216
273600003574 118.944066
273700003117 120.546818
273800002969 121.094920
273900003400 119.619708
274000003786 118.729467
274100003418 119.387968
274200003515 116.950929
274300003524 113.968969
274400003565 115.825007
274500003242 117.710119
274600003254 119.882724
274700002987 120.814710
274800003638 120.944380
274900003392 119.573382
275000003728 118.859908
275100003130 119.618809
275200003679 120.798211
275300003558 120.957486
275400003540 112.984670
275500003415 118.576911
275600002935 119.574624
275700003444 119.891825
275800003609 120.663042
275900003373 119.236372
276000003444 118.767411
276100003521 119.972744
276200015628 121.034359
276300003583 120.579569
276400003163 119.140221
276500003038 109.970269
276600011893 119.909509
276700003783 120.679524
276800003447 118.368841
276900003636 117.947316
277000003702 115.005100
277100003526 119.782623
277200003725 121.273187
277300003616 120.500271
277400003446 118.998291
277500004111 118.415317
277600003477 120.196582
277700003356 121.375232
277800002965 119.808317
277900003494 118.921282
278000003075 118.656433
278100003314 120.489136
278200004022 121.394431
278300003408 119.789471
278400003681 119.077153
278500003510 119.031223
278600003573 120.623292
278700003719 121.312527
278800003736 119.838338
278900003765 118.867159
279000003681 119.383560
279100003691 120.778200
279200003627 121.035948
279300002948 119.873591
279400003689 118.953034
279500003690 119.694665
279600003666 121.235076
279700003334 121.191986
279800003330 119.661459
279900003487 119.024136
280000003207 120.024248
280100003567 121.428504
280200003605 121.207426
280300003734 119.835329
280400003537 119.196987
280500003624 120.297992
280600003527 121.519726
280700003647 121.179210
280800003889 119.545840
280900003770 119.151153
281000003223 120.447433
281100003383 121.847661
281200003420 120.887578
281300003086 119.526111
281400004075 119.278316
281500003113 120.591446
281600003337 122.073931
281700003693 120.687853
281800003561 119.658630
281900003840 119.209139
282000003779 121.048878
282100003963 122.054899
282200003250 120.361122
282300003714 119.535772
282400003684 119.375240
282500003704 121.324689
282600003700 113.309312
282700003940 119.464943
282800003764 118.709127
282900003810 118.859513
283000003750 120.299418
283100003974 121.046976
283200003863 119.552490
283300003410 118.636625
283400003995 119.291127
283500003282 120.520531
283600003623 120.815842
283700003480 119.678642
283800003979 118.792380
283900003565 119.722017
284000003773 120.997079
284100003715 120.961590
284200003553 119.611878
284300003649 119.000734
284400012046 119.808330
284500003124 121.212137
284600003467 120.910318
284700003690 119.512561
284800003820 118.953674
284900003765 120.119190
285000003750 121.354196
285100004092 120.818644
285200003636 119.197395
285300004157 118.835518
285400003829 120.188083
285500003761 121.588728
285600003662 120.473807
285700003464 119.140007
285800003883 118.992890
285900003637 120.226784
286000003035 120.355720
286100003079 120.030739
286200003507 119.090701
286300003726 118.508298
286400003878 120.460323
286500006008 127.343662
286600005849 191.476602
286700006688 185.960597
286800005790 199.244288
286900005002 218.613920
287000005344 195.181808
287100005206 172.789749
287200003884 141.177048
287300005447 181.248157
287400004600 242.560796
287500004378 345.145667
287600005775 276.716722
287700008873 263.630936
287800002405 238.751070
287900001951 125.407012
288000006260 40.636761
288100001625 138.859461
288200003393 317.068684
288300003026 327.722836
288400002442 309.784761
288500002677 297.337668
288600004168 309.865856
288700005763 320.440248
288800007330 311.172886
288900005648 270.834812
289000005961 256.601325
289100003000 246.566985
289200007187 243.838398
289300001758 237.631007
289400002479 210.054192
289500001748 211.597778
289600001803 218.125218
289700008147 212.648886
289800002042 218.041524
289900004305 216.844818
290000003110 227.370220
290100004009 217.968123
290200002149 163.943740
290300004855 165.369926
290400002390 171.144361
290500001721 298.973693
290600006003 243.859810
290700001928 212.510562
290800002035 177.720149
290900002019 213.668517
291000001558 240.790857
291100001616 254.902065
291200001596 244.600614
291300001510 232.667041
291400001510 226.611591
291500001713 228.143110
291600022100 264.285534
291700001648 603.627886
291800025263 625.913789
291900182542 340.681777
292000022517 168.043491
292100005271 144.336342
292200021080 150.048693
292300019943 195.699999
292400001600 233.916159
292500021547 187.679034
292600001980 305.215326
292700001422 208.201253
292800027701 154.422226
292900023052 162.989554
293000022175 153.053404
293100019429 340.239043
293200023647 206.826737
293300019482 192.341286
293400018681 179.605902
293500001577 186.174318
293600029059 139.220795
293700028127 164.039461
293800025527 155.918307
293900023287 267.958690
294000001515 161.141033
294100025272 251.297795
294200011654 186.605426
294300022985 221.198877
294400022668 103.440585
294500002397 135.649896
294600001546 144.994150
294700001657 340.846341
294800023199 321.042379
294900025503 251.701100
295000002157 162.142893
295100026985 172.442138
295200025404 210.591153
295300024227 156.208348
295400001674 177.528321
295500001546 173.868887
295600005313 87.215277
295700005700 113.140600
295800004851 248.116659
295900005245 166.937092
296000000883 108.917797
296100003211 101.778094
296200005496 76.388614
296300003833 43.930212
296400001030 44.598318
296500005160 45.422089
296600004898 41.329426
296700005081 41.887406
296800004591 45.198985
296900006491 49.589812
297000004540 44.741362
297100004880 45.823885
297200000793 41.780743
297300003930 43.850068
297400000868 45.050606
297500004453 44.514328
297600004311 44.108868
297700000929 43.055788
297800000752 45.197140
297900003488 46.170256
298000000890 46.997641
298100000877 44.296899
298200004760 46.295894
298300000452 49.735436
298400003955 47.925442
298500000373 42.788683
298600005323 43.426696
298700005993 38.837856
298800006288 45.901181
298900000434 42.310589
299000006159 47.301664
299100005246 45.179054
299200005568 44.064447
299300005983 46.127482
299400005712 48.008918
299500004968 41.903714
299600004196 43.172961
299700003452 44.876764
299800000465 46.790809
299900006283 48.516994
300000004802 44.844319
300100001039 43.845730
300200002741 43.668011
300300004940 44.899401
300400006690 49.516580
300500000826 47.033948
300600007112 47.726008
300700000471 47.298829
300800006773 46.211123
300900007083 46.624372
301000004856 47.974612
301100000833 49.898814
301200007025 49.893833
301300003549 44.592854
301400003962 44.481626
301500000513 46.210924
301600004866 49.130365
301700005798 45.389853
301800004597 48.461029
301900004405 44.936300
302000004366 46.969059
302100006482 47.970059
302200000511 50.230330
302300001001 53.334268
302400005922 53.783225
302500005924 49.673690
302600000921 53.337625
302700003456 52.203315
302800006282 51.493625
302900007254 63.235494
303000003799 57.074196
303100000985 59.077112
303200001120 59.478841
303300000992 73.448902
303400003531 71.985415
303500001111 59.833283
303600003583 67.799430
303700004160 62.178072
303800003766 62.638881
303900003843 66.461477
304000000446 67.931079
304100000942 81.195171
304200003294 88.839852
304300007027 68.816753
304400000521 74.761912
304500004253 74.083557
304600003250 78.833990
304700003449 74.958351
304800004049 106.354450
304900003165 86.477126
305000003605 80.828025
305100000980 73.324336
305200002991 81.808088
305300003931 91.453095
305400003433 90.616675
305500003347 91.295264
305600003538 76.364929
305700003373 99.535070
305800003643 80.915106
305900004052 93.929922
306000003440 110.229777
306100000959 97.811506
306200004024 88.508598
306300003462 84.527818
306400003841 96.199372
306500004142 100.768536
306600003320 91.986359
306700003149 107.959652
306800003689 88.446004
306900003752 99.492760
307000055000 117.180064
307100003530 103.782169
307200004351 112.710262
307300003547 106.885348
307400003944 110.151590
307500003432 119.100299
307600003667 116.756185
307700003962 116.354709
307800003806 116.708165
307900003874 118.086727
308000003835 117.142813
308100003438 117.213020
308200003182 116.650588
308300003899 117.929395
308400003763 117.879552
308500003561 117.077359
308600004041 116.885777
308700003796 117.128633
308800003686 118.427871
308900003873 117.560275
309000004120 117.110550
309100003975 116.668549
309200003723 118.056982
309300003486 117.669316
309400003792 117.172257
309500003499 116.659509
309600003586 117.482082
309700004044 118.117527
309800003532 117.632385
309900003802 117.190663
310000004021 116.851908
310100003549 118.065479
310200003679 117.565124
310300003808 117.414048
310400003716 116.417766
310500004121 117.780115
310600003624 117.926046
310700004083 117.722086
310800003785 117.185942
310900003590 116.920078
311000003644 118.399829
311100003883 117.306242
311200003621 117.423747
311300003977 116.539594
311400004112 117.848010
311500004116 113.430615
311600004453 110.513940
311700003963 116.228673
311800003281 116.524839
311900003603 118.034229
312000003495 116.884464
312100003583 117.126825
312200003540 116.640227
312300003361 117.913482
312400003875 117.806546
312500003924 117.155951
312600003652 117.005879
312700004252 116.985276
312800003975 118.347660
312900003513 117.529879
313000003589 117.082996
313100003703 116.679857
313200003709 118.162070
313300008342 141.557466
313400006324 205.839381
313500007041 212.779190
313600007206 227.910180
313700005487 245.210055
313800005274 162.918270
313900005236 153.993531
314000003610 123.265909
314100003819 181.306421
314200004085 211.740107
314300006084 312.752748
314400000172 18.658594
314487738462 12.382899
