100305779 246502.000000
200269515 377491
300310567 386404
400335890 406194
500399370 376327
600400230 374207
700387810 385449
800391426 403021
900452398 374999
1000446952 373429
1100504654 45197
1200502588 15206
1300540775 26866
1400533229 39106
1500549377 26484
1600495918 18182
1700496436 22449
1800543685 22104
1900546171 23625
2000525893 18439
2100562084 29128
2200547160 30574
2300517010 20180
2400520032 21886
2500544945 21870
2600528116 23956
2700519930 20194
2800523024 25787
2900550499 22666
3000566566 18466
3100537101 23101
3200524253 20756
3300522922 21919
3400553003 21301
3500536863 21149
3600548070 17454
3700521197 21105
3800556873 22429
3900537297 18327
4000547613 27542
4100530608 20340
4200554806 17525
4300553876 21620
4400554416 22035
4500582011 20396
4600559765 24724
4700557241 17772
4800562578 19597
4900575342 21585
5000555469 20574
5100562832 23986
5200543030 20572
5300729747 16350
5400761076 20451
5500770171 21593
5600773933 17699
5700754291 27423
5800753080 19298
5900740257 18594
6001063347 20421
6100733158 22093
6200744684 20532
6300765832 20804
6400758764 17299
6500808321 17147
6600745764 17078
6700738564 19893
6800758428 20799
6900751647 16416
7000790385 33993
7100769199 30416
7200757075 31315
7300859765 16665
7400767783 29193
7500770780 35225
7600745186 48111
7700358468 30608
7800763649 48827
7900780594 34953
8000788720 43818
8100785767 38505
8200797986 39731
8300785865 43610
8400789617 36018
8500776077 47421
8600788737 34497
8700790909 48678
8800817438 32212
8900771765 44463
9000654671 55192
9100835526 17983
9200852646 18063
9300651254 18173
9400559665 17325
9500833030 110503
9600805921 29098
9700806639 36076
9800736587 120415
9900833791 61906
10000686783 197769
10100742545 87778
10200538824 207291
10300489323 241911
10400835872 208773
10500827013 16784
10600857999 20051
10700838196 18796
10800828389 23993
10900811822 20587
11000864295 21692
11100837006 34433
11200848033 46053
11300851921 25286
11400747455 96953
11500886150 56332
11600619003 56311
11700874132 129511
11800658216 135122
11900908239 90869
12000826230 204751
12100461662 78596
12200691490 226734
12300833895 195583
12400823576 22419
12500823584 46731
12600832245 20081
12700830448 29768
12800878738 20533
12900892509 21724
13000857030 27194
13100873153 33649
13200864580 40964
13300862380 44443
13400509132 94628
13500635987 70606
13600677767 70176
13700611067 198231
13800611999 118087
13900582160 235911
14000584244 246656
14100814844 173371
14200851615 29013
14300911008 18754
14401274192 21249
14500906767 27403
14600906441 31209
14700864831 21750
14800876731 31843
14900883127 39859
15000891490 39903
15100743392 75459
15200786713 43398
15300802225 42061
15401047865 49318
15500638980 186673
15601325410 118145
15700612920 243677
15800863055 303295
15900760994 75697
16000893702 23503
16100892573 24124
16200920825 34092
16300908239 25725
16400904416 17921
16500877196 28831
16600814173 44977
16700774393 82218
16800752603 50861
16900775409 52268
17000762307 55465
17101062911 209706
17200741601 178838
17300895836 255091
17400769645 266139
17500911975 22298
17600923747 21485
17700903065 18208
17800913123 26535
17900924974 19599
18000917100 25180
18100939286 45411
18200941882 30721
18300778129 75075
18400847875 46123
18500776775 48497
18600775812 54793
18701111650 220323
18800777351 213212
18900678077 253264
19000917389 230920
19100956353 20738
19200934353 21712
19300947093 17094
19400947856 29093
19500958471 18581
19600970773 29793
19700972628 47044
19800644234 33735
19900855792 76739
20001127887 46321
20100797284 52684
20201077043 181517
20300696834 121087
20400597988 232825
20500633069 249927
20601054222 188407
20700967308 20339
20800956861 22175
20900975829 21338
21000967140 23611
21100973672 15879
21200953836 41160
21300974179 38877
21400729297 73239
21501100547 54958
21600865098 64391
21700936452 200194
21800719659 118990
21900689431 237117
22000696638 249629
22100966743 188005
22200997263 20792
22300988353 21273
22400992662 20860
22500987605 22476
22601000643 17575
22700973741 38502
22801002408 38873
22900829650 80142
23000982604 88585
23100743924 213477
23200720418 107699
23300736515 228637
23400711302 248142
23501013286 230964
23600981854 39102
23701032407 27062
23801029653 24605
23901003469 21323
24001072333 19510
24101011180 19374
24201016811 25452
24301050701 42553
24401003460 18595
24500978387 30940
24601011931 43202
24700672838 51602
24800701458 33711
24900857984 21386
25000857152 20227
25100868589 18935
25200939028 20140
25301057761 143666
25401045450 24815
25501068421 26098
25600730182 50658
25701152127 111892
25801244555 61965
25901062762 117110
26001036769 74613
26100766719 91308
26201021300 190590
26301076176 53669
26401045864 29067
26501064189 41342
26600701965 75389
26700873585 95301
26800927119 54816
26901301860 55609
27000564226 169334
27100967377 85474
27200934595 74704
27301024235 68479
27401157092 196289
27500893347 82531
27600966775 73396
27700948260 200477
27801020703 69951
27901097611 145220
28001068272 53447
28101076046 28146
28201098399 35448
28301069262 20524
28401088503 17383
28501080136 42874
28601095307 28858
28700740142 121034
28801062141 202210
28901079338 21104
29001096870 21535
29101077919 16645
29201107613 33068
29300939391 97693
29400990102 53334
29501004795 50203
29600887090 44923
29701025582 44221
29801002264 195403
29900987798 75857
30001051277 79088
30100939633 191119
30201001526 90196
30300981451 72993
30401084520 152542
30501090944 15812
30601125616 31280
30701129680 33599
30801123362 37253
30900771284 57181
31001028798 97151
31101008028 57248
31201036869 54030
31300964305 151645
31401116377 102568
31500881680 83207
31601028917 80076
31700809105 208743
31801101904 208093
31901135451 21754
32001135883 23176
32101124742 19138
32201168247 27681
32301166256 31666
32401121248 20773
32501150422 19975
32601111113 85838
32701009166 74986
32801028285 53992
32901030974 55659
33000899043 181792
33101255635 79169
33200845544 81022
33301131414 78200
33401099564 192683
33500892101 73328
33601129316 180202
33701179716 21932
33801157945 23329
33901161229 21244
34001175492 21701
34101189107 21168
34201124161 39512
34301242385 42396
34401166613 27192
34501355286 104216
34601191149 54069
34700980639 56141
34801077459 193954
34901012658 80601
35001086798 96444
35100868607 224400
35201091931 229867
35300952010 116255
35401202592 144439
35501167660 23515
35601181175 20726
35701027245 20440
35801111976 18603
35901141854 25907
36001174246 31551
36101186406 46209
36201190382 28381
36301111046 102275
36401044361 58807
36501019084 120269
36601119374 150505
36700922218 116120
36800928786 237258
36900870829 236819
37001225700 196489
37101186317 20054
37201204741 20864
37301207132 21406
37401566883 18358
37501479627 26937
37601195465 32457
37701215547 45927
37801196950 28751
37901302564 100236
38001037813 72665
38101064723 188860
38200716225 118387
38300929469 226849
38400850558 247305
38501208033 198212
38601208897 20252
38701214324 20842
38801238566 21322
38901239621 17729
39001231583 25888
39101217957 30399
39201240797 45567
39301092195 29127
39401063715 108186
39501022343 71431
39601439199 199962
39700977358 119480
39800934430 242698
39900738768 247027
40001237701 136737
40101224501 20365
40201258298 20953
40301243979 21871
40401262088 22788
40501245704 22113
40601253159 42109
40701337170 39874
40801060023 66145
40901131776 74308
41001147553 58843
41101008266 183626
41201132078 108326
41301098610 203418
41400985406 252540
41501320479 205993
41601255335 67841
41701251867 20441
41801277965 21798
41901255739 21201
42001259655 23668
42101302747 23358
42201275504 45831
42301308450 29243
42401374470 111572
42501492535 85219
42601268555 148294
42701188848 93974
42801469902 58058
42901055385 49521
43001186246 50809
43101209240 46986
43201271246 189918
43301241625 70509
43401105552 133201
43501283963 76335
43601288195 21764
43701292381 21025
43801279413 25193
43901295872 41845
44001311748 36334
44101133635 95702
44201223057 60392
44301247600 50551
44401430669 49877
44501201821 53301
44601186977 182837
44701238674 71893
44801232413 72031
44901149402 143894
45001024995 127180
45101081082 60663
45201254901 81751
45301299015 139979
45401316047 18323
45501318602 31270
45601322560 46570
45701081729 29546
45801151966 93980
45901109346 52348
46001067262 54320
46101170937 169774
46201193293 108107
46301131123 96619
46401145683 218150
46501202999 233656
46601074878 138782
46701336139 151476
46801337169 21125
46901342961 21505
47001331025 25194
47101336769 19735
47201398475 16038
47301346044 30337
47401335300 41717
47501376739 28204
47601156166 92814
47701224601 55079
47801249864 48181
47901206458 52034
48001115197 174899
48101406838 97673
48201256653 98265
48301112570 238499
48401204106 229366
48501375957 171653
48601402499 57185
48701382720 24668
48801382985 19516
48901524153 20279
49001385155 18521
49101375831 36611
49201356739 27630
49301417378 18968
49401430391 44190
49501364988 21780
49601390822 38143
49701372163 80725
49801281940 66516
49901343858 44751
50001356232 53548
50101287206 51948
50201269205 206498
50301343513 63499
50401361039 60513
50501278959 65922
50601315874 207625
50701315700 62326
50801375176 135917
50901228125 233172
51001679827 84212
51101411031 22130
51201430582 21831
51301377361 31764
51401407636 21113
51501401987 27712
51601451759 45464
51701474775 21623
51801441558 29737
51901438147 38445
52001450045 44670
52101425085 45580
52201131911 104639
52301294754 57159
52401351645 51023
52501175384 53773
52601362863 191512
52701337141 97420
52801286354 78442
52901386741 216113
53001494926 72925
53101195096 217706
53201419201 200371
53301459135 32981
53401470266 18149
53501420883 20962
53601447976 21376
53701434071 21650
53801451421 19801
53901440207 42788
54001477822 39159
54101457631 26323
54201273988 92807
54301360684 47831
54401376741 47669
54501290554 154419
54601363761 124682
54701353468 77754
54801206432 220704
54901282004 169790
55001335932 184339
55101452633 172737
55201458026 28850
55301480902 39976
55401459390 19928
55501462861 16717
55601483139 38123
55701476455 40136
55801247908 45034
55901349637 82587
56001364648 50650
56101385163 48571
56201197361 204070
56301715075 106083
56401318142 224950
56501202417 234121
56601540013 212864
56701469386 56014
56801479248 21826
56901474636 19672
57001475840 24605
57101533910 23730
57201523894 19064
57301512053 33615
57401509829 43690
57501539080 26366
57601426047 75926
57701711841 46233
57801387132 43648
57901411817 42313
58001676659 175267
58101509443 111502
58201360221 86794
58301231300 232098
58401251170 240148
58501497520 190900
58601544515 33018
58701543853 22520
58801498308 18815
58901502507 23335
59001552217 18509
59101536143 42123
59201563334 30932
59301512990 25775
59401563995 44080
59501552592 24304
59601541780 30925
59701408765 80837
59801432864 58157
59901438314 46339
60001748097 51240
60101391772 220388
60201424160 80966
60301247033 224662
60401228682 228687
60501536166 234619
60601579175 22775
60701538828 20826
60801543469 22537
60901567925 30609
61001552522 26849
61101570408 16835
61201567890 20435
61301570091 37038
61401543865 38745
61501575681 41166
61601583165 42318
61701330349 83711
61801411570 51951
61901105488 46403
62001393698 111565
62101365323 164727
62201296893 99719
62301369449 231639
62401280919 235921
62501550019 191555
62601626866 33924
62701598639 21999
62801611134 33719
62901551109 18970
63001615586 33454
63101628199 19876
63201616298 25553
63301581203 30296
63401611605 24328
63501581348 26116
63601624045 41677
63701588697 30562
63801466185 82407
63901476288 53664
64001454454 51409
64101348766 181199
64201714125 92458
64301403894 91585
64401551469 215605
64501318550 223198
64601332670 124947
64701617019 157547
64801617007 26178
64901627883 45842
65001605454 19504
65101670459 26068
65201691554 21019
65301650179 22480
65401680563 22140
65501647093 30418
65601658108 17286
65701621988 36395
65801620625 46323
65901648608 77680
66001496214 68410
66101729636 55221
66201777125 54603
66301361591 175207
66401492252 105469
66501787060 92718
66601365295 237753
66701542044 221010
66801581701 67119
66901618063 179676
67001652026 31284
67101662820 36615
67201688732 31407
67301681593 20580
67401613981 22828
67501653261 22512
67601679431 21615
67701677081 38103
67801694001 23697
67901321520 30928
68001547221 108668
68101393933 51485
68201603163 50454
68301685174 125256
68401696937 66249
68501667136 25485
68601667103 29926
68701420643 86456
68801713282 104238
68901654968 160795
69001672772 27165
69102068190 42154
69201665605 25156
69301486110 90851
69401584895 59412
69501594929 49955
69601581021 50150
69701505554 148245
69801558348 110025
69901608387 70679
70001545885 74409
70101633930 192068
70201567048 68979
70301656643 64451
70401679947 151259
70501726881 26303
70601680144 38994
70701684259 26499
70801339544 21104
70901735014 19465
71001724580 22840
71101721705 22781
71201712899 27377
71301450677 93361
71401548566 47027
71501601702 51918
71601774751 134698
71701734612 56293
71801423585 89588
71901502913 101944
72001670173 156087
72101710409 27513
72201725089 36703
72301721832 46942
72401449356 115145
72501590378 60147
72601606313 59173
72701653007 53395
72801626434 203767
72901658925 69439
73001715275 67103
73101681343 145128
73201658004 132180
73301663684 70907
73401512427 202326
73501492857 76826
73601568890 180419
73701593091 36611
73801746020 24336
73901736417 23823
74001728262 28824
74101765826 30216
74201767026 37608
74301740121 28528
74401854817 24955
74502112267 18104
74601613748 30177
74701744078 41652
74801328370 105355
74901736164 101169
75001753355 145106
75102047283 23142
75201803354 31266
75301758385 34440
75401540093 95152
75501655204 47799
75601664699 49047
75701473555 169372
75801640241 91786
75901557519 69853
76001722542 149118
76101448132 147676
76201727432 169475
76301647205 141761
76401755806 205381
76501773748 17958
76601783620 37834
76701766403 27062
76801811274 25326
76901790845 15928
77001774306 17703
77101805480 23124
77201792422 31415
77301796066 45775
77401799201 36277
77501797741 43312
77601563478 104624
77701672026 50590
77801702885 50210
77901492974 53337
78001827166 202121
78101891091 84870
78201520808 94492
78301516329 231977
78401587275 209772
78501496061 86074
78601813420 180102
78701814288 26328
78801841396 37722
78901812654 20743
79001823780 31591
79101817570 35999
79201818351 18668
79301812165 17404
79402024584 98714
79501808242 62526
79601717091 50691
79701476941 55850
79801835954 164557
79901839756 31547
80001494220 70951
80101553919 109742
80201801909 168794
80301830253 20889
80401781522 20961
80501856970 18595
80601810722 31038
80701743757 97741
80801708922 60998
80901773687 46916
81001778423 46387
81101593622 178401
81201810909 90434
81301722442 75434
81401804364 81675
81501776763 205519
81601754181 77258
81701822616 194640
81802008130 19913
81902122660 16268
82001877946 29939
82101874278 39362
82201879757 25282
82301788975 67991
82401733972 52542
82501758609 47533
82601720013 46019
82701703630 127055
82801635316 124832
82901618115 71822
83001703384 67787
83101741376 186329
83201761963 128906
83301875566 182640
83401891610 20370
83501877197 20877
83601894228 17581
83701879856 24532
83801890764 28025
83901904766 38230
84001927991 22975
84101708908 88613
84201861230 44025
84301796440 43705
84401825202 44442
84501826565 41702
84601705512 102708
84701861246 136156
84801862425 63806
84901759368 62532
85001888570 162459
85101894924 36483
85201902394 42343
85301923854 28179
85401811205 94903
85502117657 44078
85601790392 42651
85702086002 39838
85801847441 38569
85901903080 153667
86001908674 20912
86101907748 20812
86201917118 18478
86301583285 96520
86402139253 111725
86501903559 141160
86601882270 41023
86701951524 86824
86801846425 50797
86901848992 54570
87001856510 51963
87101823868 49025
87201757813 97431
87301845017 143468
87401890996 77725
87501737685 69238
87601917569 162787
87701923545 19669
87801700748 42068
87901868834 75070
88001845193 50257
88101784718 49224
88202014983 42687
88301944751 162553
88401959684 43730
88501687289 39831
88601814172 85483
88701881052 46307
88802161440 43461
88901889149 42961
89001778456 42812
89101947283 149693
89201952758 21043
89301968275 21507
89401978778 21454
89501890223 96985
89601849281 53578
89701878377 53077
89801854430 49653
89902013668 121596
90002008847 238258
90101962874 72248
90201981085 18410
90302014558 92051
90401906964 47231
90501876945 57718
90601885518 54011
90701891766 53687
90801816260 155457
90901901012 92506
91001873633 79849
91101945123 71781
91201984425 149820
91301979304 21043
91401985693 22104
91502028614 20901
91602009938 47070
91702017184 29394
91801989303 94900
91901966332 40551
92001879180 48135
92102156693 45389
92201936913 42779
92301998129 153811
92401857797 64871
92501791106 100594
92602002329 182100
92702017713 75619
92801969990 54095
92901947971 47084
93001928705 50268
93102263602 47909
93201944613 49844
93301893805 189837
93401792348 83454
93501961476 80097
93602013654 147466
93702036588 21445
93802029113 22338
93902036767 22086
94002025913 42286
94102042023 38817
94201935881 82247
94301937930 51008
94401946827 47405
94501949097 48558
94601936174 50636
94701854364 145351
94801728899 131254
94902026740 199040
95002013459 51252
95101991888 48590
95202014751 43745
95301972509 46637
95402039520 155609
95502040765 20035
95602057032 19855
95702077481 43450
95801713254 49031
95901974697 85191
96001988453 45777
96101944446 41864
96201978091 39988
96302048144 161930
96402078219 17792
96502153106 23289
96602083078 19798
96702121530 15266
96802078541 29274
96901978217 98884
97002007926 52830
97101980504 43621
97201844217 42594
97301974870 44370
97401905346 180166
97501930130 97228
97602280811 85393
97701877084 140418
97801938272 148136
97901920450 87427
98002081086 164900
98102105765 29283
98202148111 23407
98302089912 35104
98402116090 31728
98502302106 69635
98601905028 81644
98702124735 144211
98802077840 75734
98902091300 21775
99002087570 20692
99102078464 25670
99202116982 86741
99301984310 55901
99402017900 49647
99501897516 44255
99602030932 42745
99701948342 174808
99802015484 102849
99902002381 89123
100001956851 178984
100101932389 113272
100202037091 95336
100302113068 138204
100402100548 38917
100502203295 30121
100602130528 21147
100702115591 42701
100802139764 22569
100902273856 75101
101001970331 48327
101102024468 43867
101202292982 38967
101302137365 155385
101401778738 31092
101502324355 103184
101601870508 83213
101702121411 163055
101802158688 44436
101901821527 42680
102002060388 66461
102102033279 45246
102202042643 44202
102302172732 42714
102402009938 184724
102502226609 102328
102601950151 99819
102701965998 218652
102802203351 186657
102901927724 185501
103002158641 189439
103102157260 20468
103202170730 20905
103302179687 18796
103402183870 26832
103502145821 14844
103602201470 32796
103702201849 38643
103802212485 33422
103902164262 67522
104002058342 48694
104102075090 45719
104202124650 40005
104302002653 37413
104401972962 203634
104501887788 105904
104601892080 225010
104701978756 242364
104802129937 119894
104902200807 169707
105002223335 19828
105102197673 20667
105202226399 17800
105302193778 20251
105402211814 23753
105502240592 44854
105602189243 19887
105702231610 30308
105802238550 42891
105902194007 21006
106002206077 26866
106102243305 46647
106202211930 87396
106302426325 61070
106402149790 42753
106502160877 37886
106602179807 143519
106702225292 34047
106802116396 93979
106902093998 61746
107002164465 51196
107102082604 42011
107202128057 41990
107302139696 214304
107402079437 79247
107502050707 71604
107602008517 230725
107702155988 238833
107802266457 159086
107902270282 63368
108002231634 23332
108102237751 20648
108202243071 20558
108302276850 19497
108402248069 24509
108502247823 35381
108602256047 34715
108702051462 84155
108802121756 66509
108902161012 51033
109002108176 158676
109102253850 22761
109202160269 74369
109302153883 52660
109402206429 46312
109502153526 46489
109602072573 173180
109702414285 107734
109802040129 216149
109902047056 243540
110002095874 225956
110102106143 39988
110202273167 21485
110302104603 20119
110402268734 25425
110502118056 20094
110602205553 21804
110702278212 41145
110802291315 35579
110902097021 77326
111002115839 65255
111102127952 53247
111202094087 180390
111302453956 111587
111402075903 213833
111501962916 241932
111602325515 212789
111702269098 60677
111802287300 21401
111902280206 18782
112002278964 27033
112102655449 20104
112202400280 24566
112302304659 46772
112402317243 33196
112502192810 84461
112602184157 63726
112702212953 62544
112802189276 207109
112902090640 101537
113001999071 218059
113102127890 236782
113202294139 221027
113302317502 24009
113402322935 23564
113502304854 19458
113602328200 22904
113702363571 20223
113802345331 41886
113902374310 30439
114002320351 33027
114102325416 43759
114202312722 41809
114302336564 34595
114402532663 76741
114502177910 67994
114602133733 58146
114702137647 193039
114802040168 101753
114902181662 197719
115002017287 151519
115102089924 231961
115202255395 167012
115302328249 29010
115402372735 19963
115502339342 21335
115602367971 21697
115702344269 19320
115802372617 31695
115902407220 39792
116002387618 34999
116102376391 80353
116202159627 71325
116302319611 51587
116402312597 56917
116502395318 118833
116602304966 139728
116702261580 68303
116802305302 68872
116902211998 166237
117002389521 112623
117102163545 72066
117202246872 199239
117302301064 72916
117402274291 64650
117502359935 142595
117602371350 39808
117702376943 31608
117802378144 19867
117902386215 25094
118002389304 42310
118102174727 68862
118202118010 90133
118302222629 190475
118402377262 23248
118502375409 21012
118602385359 18365
118702361801 68819
118802215091 76214
118902284137 60250
119002383806 167971
119102411008 21382
119202403596 45682
119302302945 70175
119402309376 60952
119502270586 57221
119602255185 57499
119702635342 195219
119802144143 95861
119902244948 139121
120002366044 168424
120102188074 213120
120202425582 197050
120302404800 67815
120402421732 16760
120502466664 18152
120602441723 24722
120702430871 21368
120802459470 18440
120902482065 34000
121002424366 46451
121102438122 29767
121202278078 100841
121302225761 62835
121402189292 58564
121502224457 52046
121602263787 202973
121702648715 88065
121802199999 84380
121902204299 222632
122002208053 218079
122102411003 93011
122202436885 175084
122302470915 24710
122402460135 47020
122502438947 21747
122602437463 25942
122702504810 16002
122802489105 37897
122902495181 30326
123002243406 71455
123102223982 83060
123202498994 179562
123302511442 30761
123402459795 18213
123502382341 66879
123602323940 52639
123702307159 47482
123802478669 48560
123902324348 147817
124002529926 39464
124102343204 110488
124202418437 61455
124302236599 49758
124402386163 46656
124502422262 146617
124602502619 20309
124702464489 31251
124802563105 21130
124902349024 96348
125002324439 64079
125102424861 59042
125202278949 58195
125302297477 171024
125402394463 96264
125502434296 77954
125602436389 77874
125702372793 213233
125802274324 69582
125902259224 186668
126002338255 229021
126102574609 25839
126202509111 24730
126302540378 28754
126402843725 19591
126502496999 19390
126602531588 30943
126702521939 36272
126802595289 26597
126902549637 28624
127002209506 40454
127102292115 75288
127202389035 49805
127302404989 50882
127402256876 177717
127502662154 103934
127602388564 84694
127702473581 225494
127802276915 202132
127902558024 210378
128002557471 69652
128102527578 41605
128202523411 32074
128302593543 25640
128402523087 20692
128502554604 27932
128602530856 33834
128702535884 21154
128802559892 44094
128902417134 78364
129002456396 71963
129102424678 53471
129202389661 157864
129302392926 132413
129402393992 206433
129502275691 140577
129602369413 298298
129702542720 84704
129802558574 42123
129902538721 24069
130002551123 34714
130102591032 21362
130202562037 44648
130302595688 37658
130402183725 75328
130502498355 69670
130602418621 51948
130702399180 165317
130802785275 124838
130902316195 217388
131002461476 245266
131102979165 193056
131202580730 63544
131302588713 24983
131402562285 21073
131502596999 20160
131602627379 19362
131702576944 39089
131802575116 32691
131902618282 24676
132002623905 19522
132102367693 98210
132202395454 71778
132302679058 55988
132402592917 126377
132502597775 86390
132602609244 28812
132702813715 105544
132802383593 95260
132902613784 147490
133002613859 26067
133102598036 21300
133202618133 19217
133302591921 35664
133402514530 118234
133502503998 62887
133602457294 51422
133702637500 126929
133802574415 145765
133902590890 77258
134002599810 68376
134102519912 215121
134202558528 78907
134302558792 211489
134402544974 74313
134502642523 146603
134602730108 32112
134702639426 40775
134802638312 17146
134902653383 42287
135002637291 28499
135102633961 18651
135202476716 63362
135302844763 99488
135402646099 188861
135502638847 46121
135602626494 32971
135702630569 97126
135802421410 66177
135902529731 59071
136002860635 213228
136102378486 106525
136202590579 221472
136302584680 219786
136402480762 218007
136502639610 38459
136602648853 21711
136702649793 20353
136802667370 25799
136902693572 19533
137002665394 16386
137102675514 44778
137202971935 29618
137302409813 127852
137402653382 197421
137502669055 20549
137602686991 22213
137702664515 17148
137802693504 34838
137902536633 87871
138002597182 57410
138102889869 54006
138202503084 193066
138302590715 104839
138402711760 160916
138502386367 189623
138602534440 225930
138702661089 168088
138802684341 26273
138902715360 20976
139002683368 20851
139102678683 22591
139202685749 18284
139302713524 37598
139402702076 37954
139502575398 78843
139602480030 92543
139702699864 173000
139802713155 51336
139902734110 77776
140002646712 77634
140102620909 57854
140202456431 55204
140302849593 179997
140403063569 92802
140502707037 68764
140602682613 88301
140702509352 218012
140802639277 90476
140902569765 215906
141002672727 73780
141102988539 170831
141202742055 32977
141302777909 21203
141402747204 24467
141502724518 20869
141602755855 21282
141702773803 22319
141802749347 41536
141902744758 32346
142002420068 97675
142102766069 168381
142202819945 87848
142302784777 29501
142402785161 27538
142502795559 37144
142602794845 24390
142702631199 97247
142802671160 45194
142902655171 53198
143002706007 58106
143102698586 51136
143202588527 153009
143302757372 58075
143402770255 29326
143502743873 112081
143602710832 52866
143702587958 56155
143802911670 54661
143902916449 49202
144002594010 147601
144102775589 33141
144202771210 24505
144302763762 21082
144402877983 20071
144502656078 107614
144602903569 58388
144702642512 54979
144802678084 55428
144902539342 53471
145002495033 159943
145102799152 33242
145202733126 113685
145302739642 78444
145402700185 65971
145502982708 49395
145602696798 46921
145702765903 153061
145803004561 26017
145902847385 124071
146002586858 188702
146102659152 61364
146202433121 36691
146302646463 113886
146402806597 66216
146502890221 54854
146602669730 46195
146702813306 158524
146802822463 20978
146902829349 20962
147002800348 17446
147102841755 86299
147202773591 84785
147302738323 63916
147402674258 53724
147502770730 47352
147602622803 226054
147702746084 177113
147802811592 44887
147902829516 17109
148002973466 94842
148102752131 60844
148202583062 57584
148302799039 164954
148402828751 35480
148502620235 91326
148602512371 95754
148702834531 165753
148802839307 21172
148902832451 22061
149002875894 19446
149102496862 44598
149202722462 117872
149302679113 61941
149402951687 57193
149502645344 206326
149602737837 98176
149702893259 160361
149802544028 163428
149902544119 223135
150002860040 198350
150102849654 21414
150202870948 45179
150302888979 32020
150402830080 21599
150502867120 31609
150602884616 39492
150702655181 77642
150802636177 99783
150902866958 179011
151002886870 21039
151102868613 21933
151202888231 18545
151302888756 39165
151402735470 127642
151502870730 63226
151602785442 55558
151702639365 198639
151803089951 101415
151903090002 78053
152002835953 226592
152102630604 213101
152202827440 104871
152302899175 146623
152402886252 41447
152502875345 30739
152602886518 27343
152702926625 18837
152802913895 44688
152902943696 29574
153002695447 128359
153102743324 191506
153203232780 29690
153302891012 21573
153402898012 18431
153502923073 84924
153602665511 89399
153703054438 64519
153802898429 164641
153902935918 27345
154002913833 62736
154102975899 47054
154203114379 29190
154302895378 40314
154402981507 41936
154502932544 30073
154602923381 43507
154702969652 45012
154802941390 28436
154902840182 47083
155002981748 38354
155102948627 29225
155202963492 55835
155302976241 36575
155402973534 35770
155502949755 48030
155602979580 35681
155702964286 30196
155802957521 30356
155902949748 59351
156002961677 60752
156102969959 42318
156203027442 34017
156302937241 44590
156402945748 36072
156502993478 44605
156602930875 37723
156702949711 52005
156802775891 40310
156902762432 23735
157002821744 22257
157102809613 20552
157202931192 145090
157302876605 20949
157402729574 120473
157502766154 73881
157602832912 204896
157702921032 100331
157802690313 197622
157902879606 128342
158002678563 236805
158102951266 150374
158202982619 21426
158302965408 22659
158402960805 23922
158502975957 20652
158603077665 15640
158703293917 50546
158802676463 43564
158902755385 107642
159002885291 66745
159102847878 194296
159203105282 103288
159303027531 157443
159402884690 160176
159502714212 220195
159602992712 189933
159702985354 30338
159803001874 21346
159902992470 17001
160002989989 23363
160102988631 27773
160203041851 20490
160303017035 50512
160402698291 50754
160502770006 116255
160603035371 67442
160703226426 189299
160803214600 107350
160903214644 97272
161002760030 228208
161102718690 225001
161203005482 216903
161303042672 21625
161403029615 23140
161503131240 20615
161603055869 20239
161703061039 21687
161803086716 18965
161903010508 40549
162003051327 35437
162102885699 103718
162202980681 70635
162303091099 64662
162402864165 201370
162503136109 103440
162602738230 201129
162703079807 210754
162802997105 138680
162902863263 196341
163003317424 21889
163103048746 22023
163203038869 18515
163303038687 24067
163403039649 22182
163503061329 43720
163603094521 24126
163703060841 41526
163803063497 32951
163902856477 92831
164003058915 64219
164103084926 64796
164202977528 149549
164303219303 83165
164403267184 108304
164503048574 176084
164603370939 32476
164702957255 96950
164803277497 69585
164902833888 59256
165003087054 130951
165103285796 141490
165202939557 76299
165302772284 193674
165403014966 101637
165502923373 193484
165603004000 123309
165703397123 173744
165803098681 20907
165903087958 21405
166003123329 18391
166103097255 23313
166203089662 34384
166303100215 35118
166403088597 17915
166502727978 26562
166603198119 128891
166703120596 198773
166803073399 42546
166903100589 35689
167002978020 89927
167103012115 68718
167202976240 60141
167302991907 206351
167403005655 86016
167502848336 84176
167602820331 222641
167703010695 208738
167803023799 111638
167903102194 166603
168003134787 21164
168103125411 22467
168203146266 20171
168303128781 20413
168403142339 39319
168503122953 25065
168603124889 26305
168703203989 15806
168803151596 30786
168902810365 67668
169003109752 119196
169103127788 190075
169203228434 18336
169303142975 24572
169403207599 29571
169503154533 73673
169603270743 62991
169703084837 51116
169803002024 44039
169902975399 144453
170003002603 122066
170103041880 77019
170202857419 212989
170302873730 109624
170403034584 221652
170503014055 201969
170603142251 26237
170703144238 20754
170803150959 20009
170903188602 26680
171003161433 19941
171103155769 16674
171203065128 88029
171303190655 89890
171403180265 180863
171503155231 41400
171603174135 33229
171703061696 94377
171803021019 75221
171903389463 58027
172003405951 196276
172103126151 100305
172203202595 167463
172302886598 162569
172403130205 230643
172503178442 216670
172603185627 20727
172703179988 20958
172803183106 16666
172903185853 28196
173003186453 18944
173103234871 25173
173203184918 42358
173303208835 32669
173403107000 88668
173503141895 77997
173603023753 117999
173703014167 164621
173803048926 106486
173902921760 252150
174003045469 236732
174103207817 169070
174203228324 21059
174303212231 21034
174403233448 19993
174503237354 23110
174603236051 19909
174703243166 31112
174803237176 41488
174903187844 31810
175003064776 79739
175103099821 81162
175203091029 66014
175303433703 215740
175403144116 93154
175503013171 230573
175603053113 243481
175703220460 198567
175803239094 27635
175903248241 19394
176003227735 19374
176103232273 23984
176203260166 24817
176303245716 17660
176403259773 39440
176503266098 39654
176603221531 79597
176703457124 86927
176803124135 61015
176903321755 195165
177003180821 94036
177103162634 84841
177203208438 218913
177303116214 201297
177403277165 211865
177503241450 68677
177603273163 21231
177703254398 20842
177803251758 25079
177903164365 28857
178003259182 18535
178103319918 24372
178203248937 35778
178303288532 41250
178403287440 28609
178503111598 125953
178603026932 63732
178703082611 59628
178803215672 211858
178903218627 71084
179003311891 153150
179103027656 143883
179203134467 215515
179303231325 93403
179403263538 167617
179503302613 28002
179603288670 19421
179703290150 16938
179803286507 25282
179903330080 23858
180003355459 22080
180103323428 37659
180203328256 32946
180303049556 91678
180402961590 110498
180503292686 149357
180603162435 21609
180703306134 21260
180803173801 17848
180903266626 84254
181003165656 76193
181103424783 55311
181203049385 49734
181303099277 200400
181403184542 84848
181503205198 84205
181603084184 224245
181703030850 216385
181803221795 131412
181903373914 145850
182003316876 18107
182103321542 26338
182203323123 29396
182303331209 22705
182403310617 20744
182503362922 28778
182603359359 40688
182703350976 24839
182803074748 112774
182903384828 161035
183003360440 74281
183103322217 35313
183203366906 34527
183303358732 87433
183403211362 89827
183503253280 65448
183603235868 203675
183703199063 104757
183803188645 195781
183903159459 148295
184003064333 237424
184103373972 163128
184203378436 30046
184303395553 41627
184403331289 22185
184503350685 22851
184603396196 16618
184703394729 37579
184803385054 28050
184903437558 90134
185003176419 166767
185103410113 85761
185203382194 24301
185303381010 21119
185403434861 18094
185503387816 31644
185603226266 127432
185703269253 89029
185803552061 200317
185903287643 105197
186003092243 214253
186103253212 221936
186203399421 45710
186303411981 38401
186403406510 30803
186503409882 28706
186603410448 35110
186703401164 29956
186803417474 29223
186903429935 34489
187003441173 28980
187103413441 31572
187203425256 25916
187303442334 36951
187403422549 30749
187503415875 30562
187603452495 33837
187703497615 32820
187803421616 25821
187903434197 31109
188003457916 34234
188103461859 31374
188203423993 32996
188303448536 28067
188403452548 30673
188503738503 40454
188603401147 32903
188703454779 20811
188803498777 19861
188903452102 43905
189003441798 47345
189103417115 48691
189203421358 50333
189303414328 50915
189403432364 51305
189503423235 50208
189603433368 48022
189703428681 50399
189803448290 50516
189903595175 33452
190003290711 20329
190103308508 20410
190203312554 20098
190303290736 83755
190403419691 98787
190503480713 27608
190603285330 83770
190703483817 70838
190803583972 55383
190903216832 198704
191003201026 123527
191103174460 240850
191203198185 250773
191303484346 163208
191403485934 26446
191503465162 19954
191603491500 19139
191703468230 20376
191803475242 23588
191903507317 48544
192003507491 23975
192103471341 22231
192203516636 19385
192303373324 105274
192403406933 53065
192503407298 49525
192603265597 194337
192703305758 113479
192803199218 234781
192903505623 251550
193003482637 198394
193103341778 20939
193203497111 20898
193303508035 19097
193403481438 23374
193503496345 31511
193603511958 39984
193703542140 22671
193803488765 46021
193903526541 31330
194003330477 84086
194103394635 67941
194203413986 44274
194303455834 39755
194403542632 112487
194503346236 145195
194603536873 83040
194703275771 209492
194803266084 253539
194903374475 227990
195003552284 32515
195103558931 21569
195203530821 25345
195303522181 21327
195403554043 20587
195503561428 24024
195603557220 39253
195703559820 36205
195803496248 76362
195903293844 67613
196003427269 45782
196103450629 38968
196203431981 40503
196303767903 202914
196403353593 86479
196503398556 186393
196603475075 130272
196703291138 229877
196803530846 190987
196903534999 27337
197003566114 29672
197103576356 24070
197203544622 20384
197303547303 22404
197403589149 19230
197503580564 44954
197603563883 41877
197703592903 37031
197803580270 78772
197903460456 61065
198003504574 36686
198103828617 37765
198203489346 33137
198303563954 36798
198403547996 128356
198503491909 136876
198603511239 81636
198703349009 226244
198803358211 227604
198903390306 233488
199003606531 39791
199103583496 40414
199203570580 29374
199303591318 23718
199403632087 19133
199503571072 38764
199603633108 34410
199703618722 79392
199803774343 59666
199903837262 51404
200003429158 42906
200103637026 117394
200203319490 150768
200303638391 106641
200403357170 236573
200503561747 230750
200603588578 207176
200703606435 23227
200803667408 24188
200903600184 20616
201003627528 23929
201103637468 20339
201203607953 34720
201303614799 39217
201403660829 20809
201503657400 18989
201603495438 70667
201703426213 60296
201803551968 43846
201903663443 128396
202003634689 85376
202103632662 44456
202203641490 26470
202303430360 98740
202403519456 54451
202503544444 41616
202603850762 41925
202703681134 128113
202803578404 148250
202903435712 87960
203003367534 184606
203103912370 194315
203203572610 165346
203303630047 169061
203403663179 24311
203503637943 24428
203603634692 20669
203703649235 19093
203803678669 18685
203903941748 37042
204003644521 36455
204103699246 21278
204203683166 28634
204303488236 82434
204403770342 65466
204503523305 49521
204603607295 55948
204703651555 156800
204803680282 37753
204903377937 51032
205003466067 100852
205103664973 200236
205203772037 22065
205303666675 23529
205403664480 20461
205503692870 30389
205603357113 48375
205703461213 106192
205803600067 43405
205903555978 37874
206003592659 41549
206103589662 37817
206203522222 206663
206303399622 100919
206403655529 58365
206503422800 205521
206603976324 101498
206703410972 210744
206803658907 80923
206903701748 152249
207003693236 34605
207103721908 45013
207203735733 23076
207303724849 19112
207403718743 28930
207503735933 37999
207603399103 41293
207703522570 105656
207803681368 163155
207903773843 67150
208003637001 23675
208103712308 33946
208203725347 74604
208303623852 64532
208403639657 41905
208503611072 37983
208603653613 48264
208703567434 181839
208803766933 95888
208903553024 64915
209003540822 164854
209103860679 140629
209203469286 187434
209303700198 98537
209403684805 157815
209503770563 27400
209603776088 21260
209703727067 15597
209803829966 16601
209903802248 31376
210003740641 27786
210103835938 35009
210203855858 14518
210303487549 100010
210403543501 90340
210503760017 173536
210603724308 87011
210703691697 64554
210803939121 43488
210903663095 43503
211003708309 41896
211103737932 202847
211203914850 89607
211303500080 75936
211403498941 230236
211503451779 209066
211603518099 123974
211703845490 144037
211803838380 14463
211903819205 17163
212003820083 24275
212103771825 19213
212203864674 14559
212304201496 22752
212403851748 26436
212503501468 34885
212603584063 107083
212703327792 176626
212803821426 54249
212903802144 25403
213004094217 21504
213104099171 28935
213203778377 43001
213303819423 98811
213403922826 39217
213503717257 37817
213603684370 35211
213703706291 39779
213803623536 200263
213903734864 88466
214003672761 202923
214103566929 140551
214203492703 232397
214303786826 177687
214403803929 24658
214503796004 31355
214603809494 19577
214703826441 19946
214803831409 15275
214903789884 34663
215003825836 48113
215103831980 30121
215203585873 102811
215303734139 51330
215403761584 40798
215503625296 52960
215604039223 214773
215703744925 97637
215803552299 229652
215903626934 239171
216003821813 219776
216103866081 21860
216203690989 44993
216303819094 21803
216403690871 31611
216503825530 33662
216603706946 21798
216703933720 18424
216803699327 93760
216903635118 57706
217003730527 40939
217103892648 60611
217203449541 163116
217303890747 29391
217403868856 116646
217503543560 155455
217603722606 76973
217703869857 19500
217803848173 18088
217903894899 40809
218003612023 86109
218103764279 59797
218203796613 44181
218303903472 35100
218403717577 174069
218504094149 106796
218603634904 82560
218703596559 229846
218803600774 229631
218903627895 131624
219003718205 142986
219103881043 17695
219203878463 18929
219303890262 19895
219403866796 19516
219503745729 25935
219603913827 39462
219703649206 84683
219803420426 97696
219903885158 166989
220003895219 34381
220103658093 82546
220203756850 59055
220303824325 42069
220403805017 39355
220503631598 187925
220603811622 93577
220703594340 88779
220803800949 230187
220903649529 226749
221003942077 199555
221103930604 71164
221203932785 23523
221303944896 23765
221403909959 20725
221503944295 24268
221603949141 21239
221703921323 34751
221803909446 40795
221903938383 33815
222003925014 104796
222103979324 103812
222203939976 140665
222303950264 35774
222403759132 102331
222503853000 49488
222604041914 40622
222703808747 52400
222803811318 210429
222903831956 80705
223003750747 201725
223103676466 152154
223203694392 235628
223303922994 170098
223403948485 30575
223503944144 20814
223603963996 22027
223703941046 20479
223803945125 26004
223903958199 35378
224003968252 31686
224103808313 125748
224203947152 196182
224303961859 33912
224403912245 83573
224503894823 66716
224603907137 47330
224703859678 43520
224803718114 205210
224904273930 86971
225004015148 110618
225104051825 228644
225203744924 228276
225303967281 201833
225403988356 26461
225503993236 19876
225603943341 15866
225703971848 23112
225803967713 25029
225903985908 35204
226003986653 41507
226103903454 83124
226204020157 179231
226304085469 84603
226403980693 33384
226504009500 34868
226603920100 64881
226703839768 24557
226803934299 22332
226903891882 23707
227004002337 143355
227104004576 22475
227204015217 25347
227303990657 18594
227404019119 31944
227503882304 128378
227604057679 47937
227704034085 50623
227803962106 47815
227904064273 120963
228004079092 59243
228104062624 25319
228204101443 29578
228304053235 25821
228404028931 35547
228504031428 33867
228603830184 97334
228704028321 42412
228803967185 45284
228903984885 48648
229004029392 49772
229103945524 49179
229204138759 42068
229304058692 141824
229404107469 100207
229503947220 49720
229604000593 51497
229703995375 49038
229803981715 48322
229904015183 55617
230003992072 40674
230104036003 161820
230204065843 34703
230303812367 123464
230404036982 200925
230504058743 19280
230604046122 18845
230704078528 16815
230804006338 101576
230904049272 44821
231004016421 55361
231104021439 60980
231204076834 59995
231304046563 47208
231404085477 115162
231504054815 63165
231603984682 118833
231704035943 62429
231804124613 54935
231903933604 56544
232003982185 52247
232104100842 45970
232204124314 103184
232304069823 74383
232404247738 92605
232504009861 43426
232604081614 38547
232704053521 39743
232803951322 43900
232904032679 40741
233004092373 158386
233104081027 40949
233204108642 88767
233303989766 68756
233403947564 67775
233503948477 63188
233604037259 58614
233704091673 158360
233804104747 19461
233904113251 19615
234004134833 17855
234103818348 83124
234204206069 72562
234304078708 63949
234403994690 51158
234503983673 46125
234604306735 193539
234704049137 98512
234803827719 222061
234903974795 249617
235003945976 170099
235104105873 85008
235204121619 17252
235304108637 17982
235404128129 19994
235504106439 17008
235604142406 31459
235704118102 34476
235803959843 88011
235903993438 64917
236003943525 61951
236104118706 152682
236203916092 85823
236303948718 84289
236404124376 174524
236504165888 25842
236604237404 96498
236703978242 78546
236803977616 138409
236904059003 152487
237003962283 164665
237103875003 161807
237204083818 219490
237304147311 195153
237404147445 19035
237504159374 19798
237604183731 18194
237704161351 21252
237804168066 14757
237904161955 37451
238004169326 34445
238104014088 90912
238203969789 75297
238304384303 202569
238404377184 102410
238503876017 223179
238604010960 245149
238703960091 213096
238804167805 23917
238904163200 19713
239004206448 15697
239104180010 26501
239204181983 18129
239304212547 36510
239404200388 38282
239503874541 44187
239604103119 101882
239704009729 71885
239803992961 199634
239904292968 93856
240004072755 224386
240104117185 242974
240204032828 211551
240304178906 25076
240404190917 19290
240504205081 15802
240604187945 24868
240704198931 18240
240803811991 32533
240904204816 33006
241004405580 95611
241103967296 73695
241204233655 182885
241304199241 39385
241404208574 33072
241504179466 106113
241604419951 74007
241704224007 154312
241803982397 133811
241904042260 201805
242004276972 250524
242104054658 194263
242204203738 79117
242304221766 19589
242404206564 16976
242504221965 23564
242604232395 18354
242704257157 26296
242804249890 37585
242903917958 53413
243004098018 75275
243104070648 49411
243204105921 45140
243304149953 44148
243404077373 190706
243503972704 95719
243604160708 225027
243703959129 228666
243804231984 231796
243904242387 19077
244004259536 18968
244104275824 16497
244204258433 23156
244304248246 16491
244404253519 31244
244504262030 36461
244604101484 84450
244704071221 68378
244804028337 58581
244904085029 121804
245004164949 158784
245104294085 172485
245204012855 168568
245304004420 245029
245404260754 147918
245504266502 19022
245604265103 17872
245704258436 19479
245804278309 18297
245904301001 23592
246004571195 37994
246104308250 31391
246204290867 108325
246304110940 63268
246404287134 57393
246504019934 207875
246604445184 94966
246704010152 191249
246803998219 124153
246904114104 296972
247004290215 83924
247104293108 17923
247204288175 16481
247304287751 22194
247404305328 17375
247504326265 25399
247604316380 38826
247703958430 48663
247804119348 89988
247904116147 68574
248004185130 201912
248104070541 120816
248204071153 244937
248304351055 302119
248404295918 69772
248504320448 19664
248604297475 17062
248704293659 22166
248804399862 20888
248904405050 27921
249004404424 15776
249104344516 37636
249204380333 24892
249304225880 79536
249404137160 80219
249504167606 179393
249604363966 126901
249704058108 230432
249804152694 246396
249904332525 172188
250004337111 20043
250104343821 20160
250204361872 21978
250304341225 17487
250404350187 40909
250504339680 22035
250604338554 17065
250704174123 81228
250804155821 85662
250904170181 182396
251004549308 127807
251104138099 231064
251204107515 247915
251304335627 175110
251404356427 21219
251504367000 21880
251604386835 20547
251704364797 21002
251804367890 16007
251904366286 42559
252003976130 40404
252104179280 89336
252204047177 89708
252304071467 206496
252404157292 119870
252504190535 296753
252604401038 256259
252704362431 64384
252804380706 21096
252904371648 18488
253004238629 26955
253104748832 18987
253204222074 26785
253304385194 46166
253404218510 31373
253504178607 81427
253604294404 54493
253704367962 50250
253804205942 179574
253904474077 112087
254004225877 228509
254104244321 247671
254204387853 203700
254304400409 20779
254404399894 21412
254504435442 19450
254604408925 23552
254704715300 17811
254804425045 37288
254904416716 37680
255004627732 79846
255104288168 79189
255204503023 178156
255304164107 132825
255404255872 230415
255504140231 245795
255604420676 182351
255704427089 20579
255804431220 21039
255904460199 20986
256004429352 22136
256104427465 17982
256204434458 40019
256304444948 36255
256404288129 91847
256504238236 90830
256604389129 212177
256704645388 121846
256804467565 301452
256904488558 255490
257004439531 56393
257104447734 20868
257204437215 17148
257304451225 26353
257404439143 19194
257504456996 26046
257604476399 44947
257704114250 35736
257804152750 124085
257904250251 208287
258004749599 119913
258104156300 234263
258204174813 246697
258304446418 166556
258404455719 20041
258504451641 20129
258604455250 20518
258704465302 19996
258804492426 22176
258904471938 41447
259004491810 32884
259104148117 111847
259204305364 206790
259304561542 129880
259404177198 230979
259504205424 245824
259604480626 182550
259704474715 20760
259804470019 21235
259904505805 21150
260004480041 21076
260104483624 17202
260204480345 42978
260304519982 35619
260404564410 108430
260504142966 219972
260604602639 120566
260704215684 231488
260804224557 244698
260904486444 170785
261004500855 20474
261104500403 20850
261204437284 20761
261304501150 21103
261404516427 16641
261504512343 41270
261604317696 78401
261704723792 118810
261804547481 302103
261904505580 89996
262004549614 36266
262104528816 37283
262204541918 34104
262304539684 32054
262404532050 39491
262504536382 32175
262604560657 39999
262704552047 31970
262804561626 37222
262904581876 33724
263004547673 36740
263104535176 34160
263204537023 32138
263304559530 38745
263404551684 32546
263504542791 39797
263604559493 31859
263704549647 37952
263804583325 33642
263904559824 32711
264004571690 33303
264104542607 24715
264204562771 18383
264304550689 34915
264404541571 57759
264504555541 56395
264604513010 53228
264704545445 57476
264804560903 53506
264904349587 33961
265004380817 18719
265104777752 19740
265204766115 18054
265304368709 17207
265404560227 148330
265504561777 45141
265604474547 78707
265704256616 89448
265804349427 200855
265904506475 114551
266004328222 218221
266104315352 238131
266204576076 217034
266304592799 20615
266404592063 21755
266504608148 18809
266604590278 24310
266704588020 18469
266804608160 39016
266904602785 35086
267004451891 79028
267104659819 42372
267204440116 43221
267304428362 42304
267404559881 193016
267504638536 111194
267604545542 233657
267704367345 229603
267804592543 193942
267904607968 20361
268004594944 20639
268104609652 21130
268204606263 23337
268304613615 17621
268404615978 40935
268504286071 42071
268604631801 86341
268704808591 62766
268804831778 59238
268904696367 221501
269004482420 158022
269104337092 177376
269204336933 234316
269304614840 162399
269404622299 20950
269504627085 21425
269604613872 22645
269704621393 20552
269804646047 17561
269904650725 42770
270004392933 74354
270104408424 55997
270204443513 64126
270304482475 168973
270404836105 123639
270504375215 205209
270604360276 246760
270704470911 219404
270804639560 33010
270904647224 20537
271004647507 16807
271104650661 28222
271204654302 18547
271304641231 29348
271404671764 33899
271504870650 95888
271604511062 58868
271704825355 65799
271804507267 188940
271904491949 113047
272004369379 220962
272104387342 246432
272204658768 201992
272304669303 20304
272404766846 21130
272504708478 18117
272604654875 24887
272704685678 18228
272804684495 35710
272904671385 29617
273004509457 89048
273104922516 60226
273204636203 61052
273304416040 211567
273404418906 94996
273504627523 234902
273604397710 227679
273704665415 183577
273804702426 20291
273904698979 21011
274004731948 20910
274104686745 22250
274204707151 17399
274304716428 41295
274404545375 66793
274504800284 65106
274604519514 66026
274704550618 158769
274804661856 132633
274904539237 191279
275004556499 202221
275104741628 247177
275204709989 75115
275304713911 19995
275404710812 17954
275504712038 24509
275604726152 19447
275704729012 25763
275804735509 37418
275904289922 81546
276004577840 51905
276104549858 60645
276204555478 163398
276304603799 124708
276404455477 201712
276504747071 198217
276604452938 175656
276704714880 137604
276804741922 19662
276905066075 18229
277004732085 23145
277104741038 19567
277204755750 25030
277304753163 37454
277404597505 84668
277504560057 61881
277604469796 64257
277704899055 203537
277804773256 112538
277904555940 240883
278004595419 246978
278104728559 156239
278204759940 19961
278304740719 19717
278404747393 21344
278504763948 19895
278604764222 24704
278704756866 42914
278805114025 31633
278904615042 76632
279004641940 41089
279104656033 41494
279204614640 40691
279304563669 174844
279404582787 114894
279504491201 226641
279604484235 244199
279704763245 211565
279804787631 20201
279904779543 20485
280004808753 18339
280104777090 23558
280204787815 18104
280304792134 36296
280404789224 38866
280504617620 77244
280604627315 51906
280704602347 59727
280804820653 121195
280904803450 160581
281004633084 198498
281104441109 233171
281204850447 254885
281304786244 28959
281404802974 20402
281504806183 16810
281604812214 27659
281704809658 18933
281804829504 27105
281904821069 42742
282004585857 69065
282104682501 56797
282204537924 61062
282304845181 120544
282404571107 165342
282504648507 204570
282604638227 226200
282704635331 254808
282804816779 34013
282904833102 21278
283004826559 16973
283104821705 26846
283204841701 16478
283304842475 29444
283404818540 41931
283504839213 32430
283604693920 81095
283704994978 50960
283804964452 61202
283904601535 177784
284004575863 119218
284104581610 227222
284204588366 246720
284304439836 198922
284404846991 20203
284504830783 20118
284604846436 17135
284704845408 26514
284804939872 19490
284904856011 22105
285004857627 39655
285104871670 34221
285204703578 64389
285304780008 57787
285404656158 62121
285504683570 121228
285605098198 165468
285704697514 204061
285804610828 250951
285904717970 235480
286004873533 26366
286104885822 20519
286204857323 19545
286304876805 23609
286404864498 17587
286504900071 41849
286604896022 23833
286704690694 27265
286804896752 38361
286904882902 20760
287004620633 72845
287104722022 58825
287204612123 65390
287304735831 165038
287404695499 126243
287504620227 214580
287604617918 242059
287704742200 225964
287804902628 18624
287904909965 19931
288004903396 27480
288104915619 34399
288204905299 20165
288304955821 18273
288404914125 33180
288504908611 42095
288604892230 46526
288704898930 43279
288804748842 86389
288905059228 53056
289004802678 63853
289105055585 189536
289205096890 118478
289304617131 235965
289404636150 246111
289504974001 173046
289604948302 26119
289704943443 24684
289804909622 32415
289904969131 30587
290004963243 21158
290104928100 20463
290204953456 21601
290304957561 26404
290404966459 39584
290504965392 39002
290604819267 44423
290704769459 78302
290804791405 41108
290904752890 44156
291005108934 43342
291104686007 199970
291204678186 117386
291304796853 296219
291405003904 256267
291505271283 71841
291604969360 34943
291704938717 31296
291804989595 33047
291904971673 17560
292004952354 18552
292104985850 24019
292204992991 32559
292304970861 38926
292404970108 41378
292504828707 82705
292604778845 60047
292704772862 66965
292804705923 192780
292905185307 120695
293004684032 241047
293104680476 247338
293205325666 146891
293304991326 17987
293404941967 17358
293505315777 21220
293604999832 25193
293704992882 33523
293804987561 18876
293905003147 39965
294004987340 44071
294104595361 84454
294204871143 62398
294304725912 70559
294405199647 213645
294505017912 180705
294605029562 254149
294704836552 264004
294804989996 30975
294904997260 19395
295005034572 24539
295105020122 32493
295205006956 21480
295305020326 29269
295405027367 36198
295504994104 20249
295605046219 36963
295705003800 41903
295804745735 84557
295904942430 63795
296004736237 76332
296105228336 212640
296204848555 172955
296305069550 251075
296405058216 249464
296505033060 66304
296605026573 18974
296705048470 23912
296805059146 29936
296905030321 24762
297005035202 18055
297105058338 25049
297205066270 39039
297304774400 45456
297405046008 41782
297504871677 72611
297604848162 69990
297704976766 76712
297805260637 205624
297905250099 115404
298004915078 243310
298104763047 246288
298205039326 154169
298305084077 22148
298405080595 24669
298505046067 31385
298605057410 19018
298705087177 20050
298805063133 26126
298905069844 33802
299004998209 17373
299105096428 40332
299205077766 38018
299304945019 98637
299404856577 51642
299505274851 56412
299605283003 48313
299705280047 215771
299804988324 98812
299904802549 225706
300004800309 232300
300104918009 203459
300205079176 37846
300305089352 37781
300405091181 29824
300505104371 18528
300605347249 16145
300705194207 19758
300805106984 24861
300905100095 34295
301005113446 39992
301105105659 41958
301204972856 74298
301305002658 39823
301404957450 41911
301504952260 45576
301605322476 42251
301705023258 187084
301804973527 105634
301904913934 87794
302004796979 241589
302104971998 205269
302204839331 125406
302305114928 148890
302405110492 17783
302505112234 16723
302605153072 20665
302705165210 26054
302805098463 32349
302905154312 24744
303005121649 37648
303104919442 51859
303205006748 62678
303305061829 40945
303405162987 46221
303504985110 45039
303605129632 146103
303705134955 38655
303805138398 40870
303904823223 84905
304004953150 89312
304105137526 187658
304205307166 19857
304305168594 25399
304405165951 34464
304504961461 66033
304605022987 39905
304705048176 37797
304805009503 41255
304905032791 42287
305005003304 157993
305105169357 71423
305205090509 98176
305305051151 81093
305405000058 187119
305504969610 116243
305605216235 160211
305705147129 26629
305805171056 38890
305905160318 22190
306005176058 16993
306105213515 24402
306205186796 39576
306304914062 51323
306405066896 63337
306505091036 40961
306605071206 41915
306705056387 40424
306805214637 121851
306905063184 102783
307004940802 99055
307105120002 86798
307204901598 217592
307305171059 213247
307405174452 19673
307505180651 26004
307605189408 34048
307705191201 20134
307805164934 16216
307905191906 29023
308005193118 41386
308105174047 90944
308205318950 43831
308304866867 34538
308405153782 38771
308505395656 39354
308605095515 34589
308705583771 167213
308805156259 61517
308905180573 95720
309005127647 70012
309105179987 175262
309204965393 103534
309305193454 191418
309405210687 19495
309505211435 25718
309605245071 31631
309705216082 22666
309805090089 17317
309905236470 27138
310005222054 42415
310105010873 94592
310205126234 80602
310305239500 177791
310405237339 20352
310505573703 26918
310605250344 34341
310705217068 84938
310804807062 47775
310905122357 39899
311005123901 41699
311105143325 41347
311205236590 116206
311305322293 104535
311405335645 95209
311505197659 80119
311605115083 178607
311705012149 87991
311805154853 94890
311905251103 142759
312005316953 32498
312105265744 36206
312205290595 18867
312305301720 17495
312405251214 29515
312505281729 40895
312604927452 62564
312705150545 54206
312805182269 38293
312905158455 40603
313005145642 40748
313105302262 107662
313205125126 109971
313305118573 90703
313405172083 87102
313505196300 194459
313605156066 124177
313705270132 151130
313805290898 22717
313905297293 31827
314005288959 25229
314105257736 21040
314205305746 22984
314305306960 36239
314405301129 43344
314505196921 74885
314605217666 36769
314705154479 38055
314805189005 38060
314905190659 36810
315004907142 153998
315105226232 65057
315205501814 88164
315305084505 90333
315405162628 174246
315505014473 78119
315605154836 95557
315705300279 145918
315805329173 22508
315905282469 26246
316005319646 32335
316105320351 18295
316205320453 17478
316305319483 39618
316405085378 68627
316505084998 94840
316605059497 76610
316705324746 142740
316805357430 23678
316905340328 32228
317005349369 31473
317105274540 72357
317205061761 39642
317305163868 45602
317405060791 43967
317505555661 37961
317605415214 176137
317705308263 87080
317805556654 92854
317905258503 184861
318005276636 75595
318105207768 113274
318205357413 142697
318305351679 32672
318405372992 41066
318505397343 22644
318605370276 22573
318705390349 21725
318805393623 24594
318905397275 33508
319005326415 69235
319105125500 37551
319205259088 40528
319305262635 40661
319405237006 41429
319505467806 166692
319605322946 63698
319705161802 97575
319805271327 81816
319905108921 226708
320005201817 185749
320105378626 39735
320205393086 17338
320305421196 19564
320405397851 24268
320505422121 25033
320605408336 36149
320705377594 43310
320805268388 77707
320905312652 38828
321005283432 40036
321105299141 41903
321205612475 38389
321305287209 165094
321405355664 68564
321505299074 110356
321605413830 154278
321705386794 21072
321805455384 21583
321905393500 39126
322005146552 67656
322105271079 48173
322205265646 39002
322305318031 40578
322405059303 41063
322505251955 153245
322605433961 21169
322705436168 25695
322805429768 33154
322905478625 110785
323005155325 78113
323105427884 156706
323205267051 28559
323305453274 37099
323405201234 64255
323505212102 41228
323605315607 37912
323705301646 40753
323805285450 39538
323905476932 106187
324005339139 107996
324105216339 79774
324205211911 101207
324305411086 179156
324405229790 83647
324505486689 174638
324605462808 68313
324705430486 35363
324805494977 42230
324905485361 22065
325005500918 19651
325105466815 26511
325205465452 38604
325305450901 42460
325405332948 74645
325505369931 39210
325605312101 43850
325705326764 41376
325805471159 120831
325905319959 103195
326005238496 95151
326105328254 98838
326205197596 222649
326305460624 201899
326405459524 20085
326505540717 26878
326605468102 33530
326705485094 19083
326805498037 16049
326905498148 32010
327005481765 41104
327105500319 89454
327205409165 45153
327305361309 35574
327405385617 37849
327505325127 36888
327605413379 37180
327705418068 174008
327805336498 58125
327905370374 102679
328005527457 150597
328105432902 103366
328205372766 115337
328305491137 158485
328405518983 21026
328505524660 24118
328605482203 33473
328705536690 30079
328805556116 20641
328905540890 29170
329005505408 41216
329105262837 94534
329205332064 72377
329305363692 162977
329405509841 38463
329505527292 25068
329605901306 33255
329705295228 49127
329805564228 57137
329905459872 39834
330005232248 42424
330105398051 43980
330205331845 157822
330305411763 68648
330405457701 99581
330505390226 90370
330605446870 174117
330705371333 113372
330805523951 168448
330905537857 23049
331005567218 38501
331105553818 24112
331205536550 14387
331305573809 26123
331405560765 36960
331505554559 41544
331605467125 75719
331705453744 40230
331805292517 39512
331905413717 44159
332005424061 41131
332105515256 174294
332205320076 78447
332305327467 108208
332405388604 203721
332505496200 127069
332605554092 139362
332705569051 23438
332805570472 31784
332905571547 21646
333005576865 28919
333105615239 34620
333205573869 15891
333305592895 36466
333405596476 33945
333505543697 69331
333605437820 36906
333705489307 36887
333805449443 40370
333905447679 38969
334005422355 163460
334105484742 63703
334205394679 93211
334305476422 90517
334405832406 174893
334505374351 101873
334605578444 183595
334705612865 24891
334805626272 29016
334905638662 27086
335005609876 29775
335105592312 22749
335205367092 45708
335305423884 98403
335405821792 75589
335505627464 151986
335605614314 28028
335705604475 38800
335805382241 60931
335905831187 59487
336005499998 41716
336105492601 45077
336205500735 44018
336305522737 166390
336405823798 64962
336505840234 105443
336605636470 150809
336705512954 113157
336805398208 123340
336905652426 152182
337005650926 25515
337105639615 24414
337205613831 31322
337305976972 24146
337405631674 21189
337505672917 22270
337605647023 29384
337705642342 32306
337805796495 91563
337905557706 38074
338005549426 42983
338105522177 46382
338205561856 40905
338305578234 175225
338405542129 81995
338505819418 98960
338605344191 207736
338705473069 181574
338805643194 87891
338905667118 17054
339005665236 17566
339105690243 21233
339205700687 24951
339305693916 33644
339405673004 36321
339505672115 45519
339605578117 73203
339705600318 36867
339805726131 38721
339905606404 40384
340005553808 37132
340105623458 166177
340205629435 59185
340305597030 94289
340405512612 76981
340505486399 175367
340605592637 103220
340705400396 167706
340805730256 46098
340905692275 19638
341005708845 17253
341105724352 21940
341205699972 26524
341305702890 40987
341405692127 40451
341505900379 91972
341605517437 81753
341705712132 176361
341805699226 20255
341905723748 39883
342005726790 84104
342105538318 49149
342205555926 48797
342305551056 56663
342405590684 41449
342505594379 180372
342605595150 109428
342705703635 174813
342805733521 21495
342905730643 34877
343005748397 35017
343105775477 19129
343205724920 20708
343305585133 71149
343405647453 38761
343505594600 39758
343605614836 46096
343705613248 37898
343805889417 195402
343905451655 197790
344005694413 65317
344105697755 35077
344205688435 37691
344305572674 36715
344406054706 37185
344505578847 82579
344605810803 87893
344705728957 16469
344805789667 21684
344905756189 19969
345005766810 19339
345105795547 19865
345205774153 25731
345305831099 38063
345405813116 22128
345505634200 84851
345605665278 38328
345705692578 35803
345805649466 44038
345905635815 40109
346005803991 111102
346105634410 108270
346205512809 90279
346305699474 77757
346405625802 179467
346505688919 71035
346605560710 96338
346705801107 153695
346805657278 23037
346905784970 45365
347005772675 25307
347105833524 20343
347205803140 35579
347306167853 29931
347405837990 20326
347505695554 63093
347605657381 38272
347705685353 40944
347805698249 43910
347905674618 41573
348005772726 145719
348105827211 28120
348205813057 25535
348305515721 38984
348405449593 113442
348505994950 86502
348605834745 141601
348705805042 28954
348805843042 37542
348905829139 28236
349005728040 95761
349105694734 38771
349205704404 41032
349305667419 50449
349406028545 40581
349505686297 176083
349605560867 78908
349705670671 97572
349805764369 185116
349905734538 83074
350005646278 108609
350105843770 148600
350205849946 32042
350305846298 36105
350405851530 23610
350505825283 20433
350605872448 18552
350705858674 32505
350805858120 37814
350905594790 58408
351005764131 55174
351106042763 39174
351205754955 45008
351305720559 44947
351405714916 173114
351505640393 70625
351605875499 100252
351705812144 152473
351805637188 160981
351905866252 186075
352005868933 19648
352105868487 25620
352205852484 35050
352305889277 27583
352405852213 36944
352505808967 39207
352605900639 22197
352705555127 35588
352805775271 86720
352905652741 36036
353005792473 39085
353105709860 44715
353205746360 37131
353305774554 170094
353405790384 70810
353506081887 99257
353606082916 71601
353705646708 178164
353805829297 110755
353905873510 165226
354005919238 24664
354105888111 23141
354205895349 26013
354305894517 30294
354405911623 26577
354505891422 30645
354605897636 38909
354705784656 80480
354805687431 85178
354905879253 191774
355005931636 23118
355105619239 45594
355205801115 56994
355305733356 42984
355405798428 50835
355505772869 47009
355606112403 172478
355705796391 79602
355805671971 103717
355905763556 175800
356005703714 94929
356105850698 99379
356205939598 152441
356305916579 25269
356405905259 20181
356505920723 16008
356605907198 22840
356705922943 32538
356805941884 38887
356905952884 27155
357006066547 70168
357105835944 42874
357205839162 46440
357305760883 49686
357405925482 148418
357505685883 40696
357605947530 114596
357705761790 182801
357805823854 63405
357905951524 27340
358005814795 69843
358105657201 39263
358205689360 42044
358305663248 51178
358405705589 44823
358505850369 188437
358605903449 104846
358705940929 166352
358805966174 20040
358905960495 19816
359005547563 17568
359105947540 24030
359205851892 33060
359305836672 80743
359405744573 47929
359506119437 42886
359605851728 47382
359705970613 50896
359805664952 183278
359905969725 124131
360005867982 172004
360106221826 39580
360206009506 39736
360305865320 39719
360405899752 37611
360505825583 140904
360605982056 29994
360705992318 21142
360806000016 23770
360905979609 20303
361006022696 20091
361105981243 36706
361206011435 32437
361305702219 38478
361405906024 81388
361505950905 44144
361605884021 58536
361705904766 48756
361805925467 170195
361905818608 112288
362005962819 138596
362106022518 67452
362206034758 20417
362306001812 27332
362406120872 70728
362505873318 38901
362605813527 57045
362706157344 48882
362805848659 183024
362905728789 122290
363005809967 172739
363105942661 39716
363205965036 39643
363305981825 38980
363405989878 40969
363505995724 31737
363606008705 139462
363706032786 19847
363806031309 20458
363906051121 20407
364006060246 23067
364106021571 32592
364206055465 40615
364306070195 25727
364405947327 88270
364506302880 40346
364605920506 57627
364705907231 63468
364805949780 161396
364905898381 68448
365005881780 96897
365105942509 72369
365205976484 177288
365305814705 97972
365405992451 75457
365506074142 146917
365606046421 24899
365706199516 20062
365806070894 20017
365906088976 15578
366006055429 36818
366106084616 34595
366205780925 27269
366305960431 72124
366405943190 50582
366505986504 66804
366606058308 164421
366706081771 19764
366806282219 122168
366906064905 196584
367006093396 26523
367105975536 96312
367205947454 41990
367305944647 53551
367406142394 46574
367505919763 102136
367605821225 127634
367706038172 103537
367806075565 167395
367906085516 19855
368006082963 20121
368106077525 18303
368206104870 26835
368306103505 41504
368406118997 27783
368505992156 97944
368605878325 51575
368706242515 50793
368806092252 46532
368906012048 53249
369005946440 157549
369106125832 32034
369206101530 20259
369306037072 97283
369406045263 44079
369506390031 53769
369606039356 54849
369706053883 53589
369806129225 44857
369906102120 154198
370005971599 25310
370105904947 123684
370206112557 200103
370306148223 40585
370406136721 27739
370506272644 97752
370605984309 38529
370706032615 38142
370806063048 36454
370906068627 37650
371005942817 93599
371106129366 86353
371206149870 19986
371306145852 20113
371406159307 18999
371506055399 91704
371606106075 47991
371706078531 43645
371806289476 50165
371906046250 48973
372006163012 123179
372106115555 86741
372205956373 52615
372306049961 87020
372406126468 68140
372506170406 144064
372606181425 25312
372706090442 76229
372806097936 48353
372906378799 39161
373006069437 38963
373106039542 42684
373206075152 39366
373306171621 159486
373406187510 30200
373506316658 75327
373605988333 85806
373706179828 190370
373806173613 20165
373906176839 20181
374006163543 18419
374106185356 32905
374206163008 75802
374306086485 56731
374406117813 40392
374506074069 43451
374606045994 52133
374706234230 111837
374806125453 102813
374906267832 82480
375006044179 104667
375106004703 162752
375206220058 70751
375306108284 65951
375406364904 101185
375506192736 157583
375606334180 28337
375706218538 40380
375806221849 27909
375906199552 20632
376005993054 30423
376106118352 66138
376206101547 38717
376306093997 40825
376406121850 45404
376506246447 123709
376606204444 69181
376706250294 37592
376806241334 25747
376906099385 94563
377006050729 39425
377106120329 38112
377206089616 45776
377306142068 42856
377406435539 170123
377506100576 80733
377606100886 110293
377705904156 208926
377806210538 196558
377906236284 19719
378006236005 20095
378106230083 15826
378206224218 24629
378306233607 33275
378406256772 40591
378506256308 33694
378606273988 42005
378706111579 84905
378806092408 44949
378906224987 38759
379006150667 43138
379106103762 45147
379206305836 164007
379306233855 57682
379406031061 93396
379506379172 82286
379606139545 180484
379706037622 121863
379806023479 235747
379906262788 197253
380006253761 28220
380106268081 20060
380206296949 26226
380306262727 31946
380406298809 22978
380506299746 20059
380606284961 34971
380706296741 41793
380806206311 87051
380906185713 47285
381006169455 37164
381106487738 39245
381206106355 42179
381306015330 39282
381406368754 177676
381506037007 96741
381606075599 108107
381706101419 181551
381806102889 134832
381906065071 231588
382006287123 192003
382106296585 19601
382206303968 19496
382306297762 16575
382406301771 27247
382506290232 18398
382606437705 20721
382706350192 39163
382806333836 39376
382906339267 27106
383006242913 89114
383106230940 33937
383206201980 39812
383306231105 42389
383406205848 43876
383506278105 166648
383606321608 67886
383706101078 109916
383806164796 194867
383906062135 98504
384006254772 225718
384106060076 126297
384206605413 176755
384306312996 19451
384406316263 19557
384506321773 15753
384606314425 26204
384706342793 18745
384806348172 15992
384906357020 39417
385006350514 38696
385106339651 27743
385206414635 91786
385306255019 37977
385406207945 43354
385506485621 47118
385606158483 103936
385706230189 123352
385806324189 113171
385905983636 208652
386006153870 203239
386106155075 148823
386206330885 232600
386306349683 19295
386406354047 19884
386506375254 20368
386606392641 20656
386706367385 20961
386806354766 17478
386906388944 29306
387006433828 39187
387106399080 45879
387206384792 40854
387306366941 27273
387406432103 90681
387506313438 36071
387606255436 44165
387706306840 47424
387806294651 42628
387906330644 176295
388006214949 88400
388106314533 109803
388206450554 291096
388306324641 144634
388406380710 222529
388506402900 20616
388606425172 26844
388706405821 32372
388806404544 18673
388906428089 39719
389006764731 23032
389106428569 27159
389206435682 37979
389306425601 20517
389406126033 43708
389506339444 80503
389606302181 37615
389706341906 46256
389806303858 49149
389906311946 167645
390006329649 56267
390106356178 104891
390206453810 166476
390306147800 130618
390406085582 250917
390506399250 235828
390606424535 18470
390706425088 19895
390806433264 25652
390906437036 32194
391006434654 19372
391106422566 37305
391206436831 29088
391306444671 19872
391406481206 39402
391506431258 40778
391606428200 40638
391706397314 70108
391806371129 39369
391906311684 39987
392006567326 47415
392106348546 46027
392206231261 175549
392306516737 90801
392406446553 109954
392506231872 193015
392606490228 212339
392706492608 253814
392806447744 59059
392906490931 22832
393006459123 21581
393106482267 22447
393206480653 27303
393306461542 30925
393406573816 29001
393506480010 38246
393606490337 42786
393706395415 92439
393806346462 35357
393906375349 40801
394006269438 44884
394106375817 44007
394206411476 174167
394306513927 80519
394406336161 108209
394506330991 190780
394606232764 138890
394706218774 200168
394806525274 209766
394906324818 67625
395006482028 19613
395106364686 22918
395206510126 29470
395306481827 20979
395406490761 26026
395506536051 21300
395606440603 39104
395706511652 49669
395806487353 42772
395906425318 82826
396006356120 79316
396106519370 152060
396206499267 64938
396306531821 25485
396406528972 33866
396506268914 49249
396606680717 81689
396706392505 38229
396806382658 48753
396906491462 52250
397006394720 170794
397106290596 79909
397206340054 113744
397306360548 196903
397406367135 152077
397506350189 202318
397606570150 216791
397706503228 53414
397806512125 38077
397906521433 27612
398006801052 35072
398106561078 18758
398206519931 21031
398306562008 24094
398406557526 32739
398506552784 39032
398606551226 43216
398706358963 110991
398806338305 87684
398906542359 149317
399006562596 27521
399106562915 69397
399206581090 36648
399306644831 27580
399406475965 43354
399506593428 45164
399606914640 27979
399706559071 36800
399806597562 29502
399906576989 35780
400006585654 30255
400106593815 40370
400206601322 28102
400306596293 29353
400406569654 25713
400506594792 33090
400606580044 41145
400706605208 43090
400806567079 42402
400906571418 45231
401006543655 45893
401106419858 43001
401206402708 20181
401306390463 20331
401406385446 20118
401506238644 19066
401606568781 143359
401706630758 25361
401806606193 39284
401906414100 61650
402006504989 80278
402106347711 57518
402206431030 74471
402306406486 180008
402406395690 100613
402506784029 116118
402606435193 217357
402706426537 262717
402806490121 220890
402906618660 50365
403006625776 26944
403106630457 30908
403206588301 33325
403306602664 22331
403406595145 31197
403506629694 24469
403606636838 27667
403706639986 32746
403806638810 38151
403906637051 42932
404006541387 94775
404106523158 37202
404206470138 60144
404306783736 55724
404406503416 172228
404506492385 82926
404606423150 103356
404706498832 188033
404806410923 152784
404906422956 205173
405006445051 186159
405106782353 91357
405206639159 35077
405306624795 35045
405406652753 23557
405506674958 18327
405606620662 20271
405706674607 22739
405806662563 31378
405906668542 38456
406006658581 42105
406106595314 71398
406206574894 41045
406306751699 59771
406406545317 51784
406506614762 175846
406606441377 103617
406706530961 93974
406806456998 214407
406906511813 230424
407006384474 120627
407106656491 188862
407206745385 19238
407306699421 19790
407406707460 22388
407506685508 25943
407606622713 26283
407706662751 29814
407806699743 34260
407906677270 41043
408006437404 71142
408106519772 48038
408206564222 61850
408306573352 58200
408406674808 150563
408506664144 28495
408607126363 40131
408706406651 65948
408806754738 48262
408906494189 54806
409006614560 59345
409106727631 120546
409206864630 132717
409306900547 103979
409406385450 191006
409506538422 237054
409606691346 29089
409706722197 25978
409806728706 33215
409906714098 17637
410006725054 34849
410106700454 29070
410206740833 27059
410306965507 72638
410406719946 47971
410506735251 53139
410606605475 47425
410706731929 203267
410806671027 207507
410906655537 49426
411006679553 44835
411106716916 44445
411206568890 44825
411306716329 148645
411406746784 25132
411506711475 20417
411606753530 23990
411706747452 30620
411806743316 25226
411906757025 25453
412006747219 39235
412106755856 42201
412206676808 68821
412306653554 39873
412406785208 47131
412506602007 45685
412606619536 160841
412706662230 94974
412806658440 99824
412906582484 183366
413006599540 123506
413106790548 160764
413206780746 55115
413306785094 24128
413406799165 25134
413506778582 25132
413606750251 29559
413706819607 33505
413806776248 39625
413906698930 76059
414006653307 46425
414106487862 50512
414206672928 52375
414306638652 151918
414406799073 32136
414506796187 34974
414606759323 42781
414706973654 108306
414807007866 94989
414906773010 144643
415006804371 23359
415106794790 32297
415206582113 35640
415306740279 69837
415406621674 43386
415506664130 47637
415607001752 45135
415706857222 171831
415806733848 106269
415906702813 93736
416006738517 201078
416106587884 123929
416206807064 165952
416306821253 18464
416406809220 16235
416506901484 18918
416606836340 24997
416706848237 32058
416806813429 35343
416906827550 41440
417006693423 74105
417106684365 42864
417206881884 48376
417306627998 49158
417406667438 104763
417506641171 151998
417606724742 104797
417706691512 206647
417806675381 135501
417907087641 138525
418006828466 19272
418106837652 22881
418206952095 31664
418306843362 24854
418406855276 28658
418506868883 36538
418606823642 83248
418706779997 48112
418806743623 40943
418906924589 43246
419006702001 45517
419106552113 158659
419206753142 100449
419306794166 95989
419406757440 186078
419506696518 117694
419606673250 200386
419706839682 21848
419806869132 39195
419906853183 28670
420006872934 18593
420106856921 17858
420206867663 39846
420306620447 65624
420406620441 95486
420506899910 153409
420606842588 69057
420706883146 24594
420806878330 31298
420906672252 76093
421007078294 56976
421106676448 43198
421206767647 52908
421306775180 44770
421406719714 183994
421506690586 103042
421606784574 88849
421706711716 209112
421806669225 121112
421906869007 148233
422006913821 31038
422106885171 36419
422206895302 17159
422306901044 40278
422406875451 24392
422506904677 28193
422606807792 71283
422707120404 44464
422806781471 49794
422906774340 46575
423006955537 125247
423107101316 140110
423206829510 97295
423306646180 201836
423406691857 134704
423506886343 148462
423606945318 22074
423706857509 29217
423806921059 28630
423906926533 18583
424006951727 17463
424106932506 37156
424206921024 45265
424306812676 95571
424406836887 39696
424506739423 41122
424606835437 45560
424706818229 40195
424806777321 189661
424907116537 102938
425006713227 84833
425106733815 207433
425206686842 114066
425306926809 154371
425406946106 21729
425506972275 25366
425606958772 32244
425706941489 18132
425807018611 18909
425906966075 35675
426006946745 42770
426106774328 110577
426206760158 83106
426306952383 153064
426406981066 22754
426506986800 32004
426606958365 33290
426706820659 93550
426807161777 43386
426906864654 50243
427006811408 46362
427107174248 163749
427206834863 98145
427306952682 96974
427406808188 189065
427507127696 126111
427606963519 193326
427707252725 19253
427806995226 19599
427906971578 20984
428006981694 22505
428106999196 29775
428206992126 32341
428306997718 39922
428406729162 45921
428506964554 72428
428606865505 49022
428706891134 49227
428806722257 42299
428906806361 181000
429006788778 99006
429106769846 93788
429206981618 211331
429306933468 113719
429406992125 138382
429507130805 16765
429606994703 16528
429707030585 22073
429807019087 26641
429906630285 42067
430007019070 35817
430106905211 42292
430206778989 93342
430306796577 41420
430407210749 40536
430507063565 45050
430606979185 40456
430706803248 179837
430806776238 96135
430906915650 90638
431006825115 193265
431106776358 106307
431206846437 185937
431306988981 19044
431407029792 16276
431507024254 19230
431607049959 23982
431707061923 31241
431807056997 35988
431907041364 42173
432006857428 100208
432106865205 81772
432207034429 167532
432307049977 22702
432407026528 89236
432506905589 44472
432606845828 46528
432707167566 47789
432806922757 40110
432906895778 184187
433006922689 93030
433106825461 92286
433206970852 199770
433306878925 117393
433407090166 166114
433507068482 19373
433607076828 20728
433707072483 25720
433807124674 33927
433907094750 28736
434007075738 34241
434107034648 42901
434207073432 77362
434306994108 41916
434406921691 44694
434506902217 44478
434606983763 38403
434706768302 210679
434806833191 198009
434907046833 76619
435007015871 41620
435107057782 41394
435207062933 39545
435307034048 36631
435407158028 142000
435507081124 17514
435607130131 21101
435707092084 20823
435807102585 19639
435907157917 19310
436007114306 25008
436107149748 38768
436207155245 31607
436306968581 89170
436407031091 40052
436506798541 42181
436607004481 45402
436707259449 39382
436807012174 183854
436907015485 89498
437007073449 88486
437106905340 190701
437207025018 107546
437307102099 184956
437407172367 23630
437507150668 35180
437607146546 33040
437707174514 21887
437807155569 21218
437907146212 24831
438007169909 22665
438107152797 30334
438206862229 35135
438307070513 68800
438407055907 44025
438507008804 45606
438607200485 43539
438707092018 169811
438806942783 86181
438906967556 97613
439006858372 205275
439106954898 186849
439207182783 93113
439307136240 24369
439407195614 20172
439507185308 26863
439607141364 30575
439707181166 21072
439807168118 38725
439906949060 51354
440007097708 57812
440107039685 42413
440207058968 46986
440306952950 43232
440407099648 173910
440507126118 100366
440607157942 190075
440707538147 23306
440807192675 22615
440907202120 26206
441007175231 31123
441107061935 70414
441207065851 42965
441307098895 43841
441407079260 46186
441506905231 42362
441607184703 143222
441706897248 81832
441807392966 88216
441907176289 174988
442007209481 27352
442107184854 36186
442207194056 45414
442307043480 76279
442407173931 39495
442507056005 43396
442607210175 49703
442707110371 38937
442807113723 188261
442907054480 89512
443007159471 93437
443107131727 193480
443207009431 110624
443307188426 177026
443407212101 23490
443507228470 34432
443607213948 28538
443707216528 18604
443807109382 60185
443907122643 49051
444007067587 51230
444107085551 49790
444207223031 159644
444307226289 41015
444407234426 56981
444507091031 104842
444607227556 190494
444707211005 20890
444807525856 20831
444907221040 17458
445007068832 70037
445107143498 44958
445207095019 47500
445307140689 48895
445407254969 118215
445507000662 140975
445607271042 182283
445707234378 63444
445807232100 17720
445907032027 60739
446007067367 48306
446107139466 46423
446207068256 47407
446307157739 42245
446406968802 206463
446507318843 192124
446607207299 87461
446707189965 41209
446807116959 39058
446907184732 39364
447007244051 35805
447107241530 141915
447207263379 21017
447307256814 21591
447407281899 17538
447507278375 21506
447607272816 35223
447707286579 40548
447807015258 54222
447907249228 48993
448007155323 40283
448107171632 42594
448207162391 44970
448307086896 163740
448407378680 85922
448507096581 97618
448607131999 177417
448707003181 106965
448807031717 100337
448907288052 141535
449007281062 20515
449107286481 21252
449207298684 21734
449307297809 21865
449407309797 38228
449507319582 39607
449607196380 60767
449707195303 50105
449807152923 50133
449907214673 52961
450006853837 137651
450107232596 112558
450207310809 96746
450307142299 187334
450407096172 130826
450507296429 176093
450607294129 18429
450707623060 21703
450807306769 45829
450907331357 30100
451007304343 70779
451107202952 37752
451207239956 40143
451307138450 42392
451407226513 40467
451507289096 185165
451607111789 83508
451707270362 89422
451807127897 190800
451907279446 103812
452007316641 188117
452107289059 20183
452207348520 21232
452307325903 18521
452407350823 26971
452507319059 19721
452607256889 17957
452707541908 69611
452807240546 43362
452907242155 46052
453007517698 51343
453107154072 158684
453207256381 93366
453307306668 101335
453407044279 196185
453507405756 218509
453607353417 51485
453707363819 21577
453807345395 20258
453907349895 25728
454007370069 19611
454107366249 42925
454207393091 35301
454307255600 69327
454407284508 44990
454507280754 52407
454607170242 54847
454707566679 189768
454807333061 108836
454907556051 195851
455007312619 51320
455107262487 43406
455207156977 68115
455307379944 154058
455407379858 19878
455507393531 20942
455607388998 22060
455707401162 17696
455807404672 41583
455907402727 35755
456007320498 67577
456107309489 50530
456207487446 53860
456307210550 60449
456407285213 186958
456507342385 108413
456607387823 173745
456707405923 23807
456807420688 43310
456907446565 29909
457007321215 91458
457107641924 50351
457207268998 51559
457307148775 53260
457407247177 148841
457507450206 48036
457607407204 42927
457707445325 33702
457807417997 46235
457907734886 98495
458007529104 54871
458107411546 48872
458207345384 46768
458307224757 43749
458407406579 38146
458507411122 148098
458607447877 21784
458707455747 29097
458807259616 93018
458907309962 94469
459007430481 169273
459107450926 31028
459207108380 43078
459307367326 94471
459407624171 44307
459507379939 42394
459607359034 39218
459707363767 42245
459806939557 138561
459907319295 90568
460007330973 77862
460107434948 90491
460207484499 146797
460307450108 35889
460407506858 44456
460507493165 21994
460607401049 95198
460707371039 53637
460807354069 47581
460907391719 46662
461007394407 43847
461107414481 41940
461207304692 186151
461307351334 80613
461407410447 82299
461507442842 141120
461607453443 26689
461707491069 20890
461807490958 29175
461907479384 40729
462007847666 47760
462107299506 99964
462207349859 66582
462307084259 165312
462407482242 43654
462507489455 42522
462607510004 86172
462707714303 52477
462807273841 39924
462907388426 41673
463007421710 42076
463107349177 139133
463207248776 109114
463307431147 109266
463407522420 140453
463507513991 34401
463607560272 37238
463707606073 21811
463807178788 44574
463907333259 86427
464007424472 42057
464107393789 36875
464207395296 37143
464307401147 37082
464407545432 182045
464507375155 109402
464607200693 210604
464707421011 94156
464807519803 161787
464907539773 20997
465007560578 25711
465107517359 31915
465207531920 18613
465307566314 16835
465407540384 34988
465507544590 46554
465607717939 87544
465707093166 54096
465807307426 57895
465907251497 165848
466007292093 127956
466107316456 227209
466207269187 258874
466307529232 252551
466407605267 29316
466507618933 27020
466607156982 31486
466707554057 19795
466807452722 23503
466907609533 20421
467007591297 24990
467107430941 23398
467207546309 38860
467307649476 20105
467407217376 54273
467507399366 65738
467607402981 42081
467707436844 46339
467807491196 45647
467907303546 213803
468007308699 129083
468107278071 242497
468207284532 250598
468307575972 169582
468407613835 26363
468507583675 25095
468607619465 35989
468707621693 17200
468807600919 32712
468907607568 31312
469007615616 24433
469107592585 34813
469207571985 35254
469307632514 18645
469407375590 68499
469507532927 57815
469607799052 53173
469707816131 59222
469807484693 199994
469907393790 105140
470007261835 234810
470107494520 245858
470207588130 243833
470307627289 20255
470407602177 21532
470507612174 24602
470607620787 32838
470707607942 21821
470807907024 32042
470907599208 36299
471007622833 24649
471107619125 38794
471207606480 43090
471307593895 83893
471407367400 53102
471507382085 59686
471607367105 179247
471707570590 80118
471807361084 100791
471907348824 219089
472007517542 254275
472107619162 226015
472207647676 30512
472307628254 22849
472407661101 28164
472507631101 32038
472607633169 20171
472707642891 21536
472807665606 37657
472907649064 49673
473007547146 85595
473107549876 53837
473207544827 57192
473307613896 186384
473407384975 86689
473507864557 107516
473607431846 213382
473707332939 247933
473807641521 222863
473907663298 20847
474007769925 21708
474107681584 17770
474207661773 27993
474307663190 18625
474407684793 30973
474507670239 45909
474607383295 34727
474707548582 82709
474807433591 54370
474907492279 57916
475007530638 175065
475107629250 72602
475207886611 81305
475307551870 195087
475407371643 113557
475507642364 220776
475607393223 112651
475707652743 162526
475807691173 20654
475907765403 20807
476007677411 23353
476107666783 19644
476207700830 19189
476307712813 42230
476407488528 74690
476507336651 95293
476608054426 183259
476707988237 43530
476807721080 30066
476907449808 101978
477007478283 53587
477108044724 57155
477207919817 56309
477307573940 196531
477407652578 81691
477507745927 158932
477607649221 137356
477707706497 213002
477807653506 20918
477907718976 21485
478007713489 17852
478107712442 27804
478207724770 19472
478307474252 63645
478407621968 56720
478507549743 58195
478607771596 131532
478707716983 89824
478807389978 33205
478907651775 124111
479007722795 199875
479107736843 20657
479207733088 20897
479307725399 16939
479407769861 38378
479507744172 95239
479607645385 56015
479707627633 52846
479807588681 56506
479907920258 184290
480007515144 78162
480107731604 79685
480207637095 198924
480307443192 86205
480407729223 203189
480507741457 20461
480607766040 15669
480707769387 42784
480807404448 54612
480907600727 74772
481007694963 56527
481107891863 59156
481207753058 149887
481307775188 20761
481407782025 21490
481507793596 20521
481607984512 127814
481707746551 196814
481807482900 41664
481907711186 86141
482007732938 49237
482107581341 51402
482207620582 54251
482307691286 189751
482407679291 76250
482507791648 185423
482607802442 22215
482707777447 43618
482807790995 31692
482907756896 83657
483007709823 45996
483107873893 48732
483207626055 50853
483307593766 182379
483407497950 121443
483507727555 185997
483607742901 59326
483707748145 61460
483807781906 171133
483907795798 20346
484007809513 21473
484107828584 18245
484207814563 23875
484307817100 17760
484407661727 96176
484508025507 54565
484607789195 54365
484707732970 49076
484807645406 150578
484907703986 86639
485007768275 63791
485107841492 145328
485207803963 63506
485307828416 21402
485407808420 18869
485508108952 33753
485607846362 38269
485707867231 84120
485807753829 63124
485907691147 58024
486007710188 49722
486107721437 41665
486207791470 178241
486307569262 65909
486407768623 71377
486507831790 175878
486607840355 20477
486707527634 22704
486807651780 124225
486907808270 196513
487007865566 42700
487107855527 84884
487207632535 63007
487307860485 53633
487407548898 50627
487508073669 41353
487607830089 146722
487707877295 20901
487807861402 21123
487907888423 21751
488007889584 85917
488107764846 53311
488207782491 46312
488307729168 44956
488407570294 40419
488507688450 147165
488607647270 117229
488707772149 116829
488807794061 185147
488907797932 51234
489007808273 64482
489107857051 170969
489207868724 20788
489307894434 17974
489407898913 38223
489507636013 75712
489607716114 75661
489707684495 73447
489807877321 148757
489907899385 19877
490007889194 19112
490107902372 22265
490207713667 79256
490307786317 45736
490407785966 41264
490507788756 41466
490607803065 37269
490707659876 206531
490807751200 88757
490907746537 221067
491007668830 87671
491107903209 166962
491207899994 19661
491307905102 23598
491407912058 43800
491507952857 31134
491607770297 87360
491708067465 52767
491807760817 48331
491907957653 117945
492008071727 150675
492107969899 185510
492207958405 246398
492307959149 251372
492407908748 65244
492507937790 20189
492607912151 16864
492707938951 25389
492807934544 17812
492907971704 22653
493007950938 43000
493107972747 33426
493207575129 51511
493307789558 80636
493408156860 53549
493507984441 132894
493608182067 158827
493707697341 228555
493807665777 247909
493907928128 201324
494008006139 25161
494107968467 18934
494207975308 18734
494307985609 27199
494407972722 28715
494507953696 28914
494608093532 43343
494708012638 27093
494807981649 33495
494908001009 39436
495008014157 27578
495107998866 25526
495207783996 97912
495307769438 74770
495407925026 198651
495508196174 121208
495607692334 240035
495707700382 250028
495808474786 155252
495907973534 16739
496008003426 27168
496107996907 21691
496208021631 19871
496308064077 26773
496408001272 27817
496508355858 34730
496608015068 21331
496708009021 22874
496807809440 66257
496907815620 52655
497007869495 46295
497107777230 55189
497207898475 209749
497308202041 123632
497407838414 295237
497507829495 255526
497608087454 88181
497708004036 16811
497808084472 26946
497908010134 28097
498008057698 32052
498108086796 20108
498208072372 32103
498307806599 63617
498407743383 70573
498507799903 58176
498608075297 195594
498707876616 119508
498807758198 239836
498907814701 246685
499008027075 194072
499108054351 24240
499208029408 20420
499308058749 19288
499408059076 18100
499508026315 16875
499608115627 16750
499708102384 19423
499807946877 17003
499908088448 25554
500008099215 31716
500108105938 26710
500208179008 101266
500307951185 56805
500407914629 123359
500507992462 151060
500607782858 109614
500707769952 239829
500807760201 247279
500908069046 160710
501007923232 20960
501108072316 19648
501208057438 17032
501308104386 23750
501408109041 25795
501508096582 27972
501608102402 36312
501708121570 20049
501807646236 28713
501908102438 40242
502007926790 48249
502107750441 36805
502207831392 95425
502307934928 56596
502408288705 191547
502508214928 104259
502607797580 223772
502707793987 247630
502808070333 93872
502908069277 33884
503008095124 42297
503108086945 18967
503208125733 41092
503308096969 21475
503408114590 35890
503507895728 54741
503608133896 100980
503707993268 63961
503807988596 113655
503907795152 125382
504007976021 165140
504108205690 105206
504208026306 91282
504307979798 100698
504407840415 120020
504507827761 158996
504608140755 104567
504707976514 123238
504807847759 118329
504907844214 118614
505007832397 163269
505108139180 88971
505208125418 93089
505307994186 66883
505408203137 77778
505508316982 121744
505607836652 124200
505707932517 157904
505808157991 163992
505907947018 57287
506008017932 43987
506108015565 57020
506208166478 95413
506308108719 50171
506407996239 39418
506508032458 57083
506608063845 50400
506708345789 135777
506807872893 118301
506908086802 43987
507008021164 41867
507108045562 56039
507208207088 56515
507308194905 26520
507408077800 37816
507508381762 53780
507608089799 45082
507708012455 44864
507808037571 51929
507908063995 91561
508008287042 47420
508108096329 40716
508208160349 55381
508307855665 60559
508408010402 36490
508508178620 21896
508608041154 20933
508708308030 22229
508807846332 85355
508908197747 133439
509008108718 51591
509108388472 43536
509208385072 73192
509308259086 60874
509408245749 25156
509508211626 56714
509608139334 47513
509708075108 41747
509808052518 42300
509908368566 55659
510008152310 93576
510108306372 38235
510208398037 38442
510308069279 46576
510408405401 55356
510508152131 93556
510608151847 39606
510708154363 37021
510808407099 46622
510908334551 52062
511008286713 97138
511108224531 132397
511208175521 55843
511308425034 43872
511408142325 61893
511508241925 69935
511608268495 15540
511708263981 28699
511808272702 75197
511908206017 48320
512008210584 39217
512108134734 44579
512208042035 56430
512308222848 90783
512408412419 40546
512508185645 43451
512608403827 39641
512708148748 45378
512808177897 74575
512908174429 50292
513008131292 43028
513108095627 35065
513208215374 38086
513308136857 38630
513408448903 58649
513507962705 114814
513608164449 99816
513708091430 45327
513808111741 38882
513908171919 40378
514008146623 43266
514108170148 78804
514208137155 43898
514308153870 34233
514408170653 35430
514508108646 37141
514608242592 65196
514708093902 72858
514808082549 60669
514908059808 83043
515008058930 89080
515108232535 96301
515208735682 119258
515308495752 126691
515337736201 53340
