100101117 70.795068
200028175 24.805476
300028421 17.233186
400008065 24.810705
500006240 35.285633
600013581 56.542167
700008021 69.327343
800012637 80.113233
900015640 69.362398
1000011846 78.923039
1100016575 58.294023
1200038615 62.831063
1300034317 3.590357
1400029478 5.858738
1500037924 34.306378
1600040050 44.896897
1700040789 42.091545
1800041461 35.587456
1900010877 27.129181
2000013745 43.190543
2100015330 61.114693
2200031650 59.808993
2300008307 54.077843
2400016799 67.058616
2500011319 53.824478
2600008567 58.467883
2700037974 44.680598
2800035590 4.128305
2900040200 7.637676
3000040891 73.934581
3100039771 34.281122
3200036171 38.558251
3300009127 30.998856
3400014858 28.468943
3500017011 68.054638
3600009169 55.197065
3700015620 64.204450
3800016928 58.034361
3900014859 55.281408
4000009880 59.071374
4100038040 62.415286
4200036179 4.049225
4300031809 6.569999
4400039932 45.628080
4500039454 30.305171
4600033778 29.368066
4700009443 25.498344
4800009721 33.105302
4900016473 53.731490
5000014972 53.608003
5100014813 69.892554
5200014194 53.549215
5300016435 66.569948
5400011030 52.861609
5500040967 72.479029
5600038563 3.421677
5700012844 5.394427
5800039437 34.071172
5900039381 28.478199
6000040621 36.999563
6100040698 35.375969
6200010479 24.197394
6300014671 44.414815
6400015893 61.983515
6500007482 61.173499
6600016293 55.318969
6700016006 67.926618
6800013668 52.242606
6900026915 61.475510
7000039152 52.728053
7100025395 4.127609
7200038873 6.808919
7300040021 80.652871
7400040324 41.125882
7500039504 37.554288
7600010280 26.711527
7700015540 29.958464
7800008160 68.131724
7900013333 53.647849
8000019015 62.026959
8100015824 59.002118
8200016877 55.777893
8300019007 61.369737
8400038502 73.552142
8500037792 4.089316
8600019119 6.135438
8700033464 43.064351
8800040387 32.953706
8900040152 32.046548
9000058704 14.215206
9100009668 31.771813
9200015386 55.361042
9300015983 56.791892
9400009884 65.523505
9500015876 55.363672
9600009418 61.280039
9700013799 56.876958
9800036011 82.712729
9900039935 3.610337
10000014021 4.148341
10100038323 38.505451
10200041683 30.318316
10300038745 25.542720
10400006787 25.878340
10500008726 21.568712
10600015136 47.599458
10700009025 57.372117
10800054706 63.852564
10900015865 56.826800
11000011144 64.063849
11100016413 55.257312
11200039324 66.850078
11300037874 53.581608
11400028722 3.927566
11500041042 6.307543
11600040055 84.687508
11700040294 35.192053
11800039972 40.808528
11900008226 23.919440
12000012996 32.339912
12100014893 64.778772
12200017160 56.688519
12300014575 56.932800
12400019706 64.308942
12500009578 53.786657
12600009855 62.020051
12700040213 93.138276
12800036503 4.058078
12900039680 4.559760
13000039814 73.927592
13100040476 39.956009
13200040380 36.738167
13300012447 14.316905
13400015717 32.478735
13500017378 60.088983
13600009767 54.481156
13700016960 66.380680
13800013236 56.425565
13900016081 58.182412
14000010795 57.422366
14100037001 98.642581
14200034280 3.532312
14300031531 4.120964
14400040461 40.188030
14500039746 33.494678
14600039389 33.856952
14700007820 18.358786
14800007683 21.501684
14900007351 52.048118
15000015164 58.415208
15100015906 64.321717
15200016823 53.337625
15300014898 67.899117
15400015513 52.599009
15500038665 80.951512
15600039310 50.096220
15700012934 3.291442
15800039265 8.103717
15900042108 61.202517
16000039654 14.954947
16100040535 22.291426
16200008222 16.755972
16300017252 33.878182
16400016755 68.860250
16500012751 53.734752
16600013558 60.237370
16700008191 63.066995
16800014777 53.908953
16900038319 66.074649
17000038033 105.272139
17100025596 3.957905
17200039521 4.609096
17300040701 76.088977
17400039674 37.559159
17500039652 46.478772
17600011374 10.530881
17700014513 33.495692
17800009445 60.529631
17900016975 54.711592
18000014861 68.059544
18100014393 53.287760
18200016149 59.819274
18300020331 59.818990
18400042467 115.594368
18500038508 3.465228
18600004798 3.505306
18700040221 47.754886
18800040567 33.267145
18900039318 36.903277
19000009169 17.787430
19100009183 21.703343
19200014734 55.109876
19300016338 60.216595
19400016138 61.135488
19500018601 56.737435
19600009255 64.501524
19700014659 54.340773
19800037505 92.118211
19900038735 49.815371
20000029513 3.022280
20100040386 8.972637
20200039093 77.781147
20300040478 31.063370
20400009128 23.264624
20500008922 19.978782
20600014921 38.165410
20700014308 64.696995
20800016540 56.107327
20900010525 61.841276
21000015430 59.719745
21100012343 54.695097
21200037088 76.714963
21300032927 100.818336
21400026367 3.635987
21500040023 5.156692
21600037339 69.659318
21700039858 27.151475
21800040479 31.795671
21900007194 9.402784
22000017094 38.555276
22100016822 59.405039
22200008411 55.742955
22300015943 65.180000
22400013381 56.494948
22500015882 63.391240
22600015694 54.443013
22700037589 152.434795
22800040181 3.546021
22900039177 3.141751
23000036523 65.639965
23100041491 44.665562
23200042314 40.888925
23300009943 10.528441
23400015975 23.384923
23500014245 58.031948
23600015552 60.439612
23700015336 60.714126
23800013479 53.414668
23900016635 67.623929
24000017917 52.749503
24100038591 114.728460
24200037407 51.651180
24300023821 2.817072
24400040060 10.157710
24500040637 69.690464
24600040095 29.466490
24700008247 14.524281
24800008683 18.544511
24900015769 40.160366
25000014571 68.285963
25100009952 54.409664
25200016255 65.943487
25300009172 57.037033
25400014514 55.969708
25500041832 86.035189
25600040132 100.989619
25700021508 2.975544
25800040245 5.966760
25900040487 70.327429
26000039705 32.248661
26100008213 23.085250
26200009136 8.099462
26300017210 42.411328
26400009765 58.863187
26500020885 54.154059
26600076712 68.359587
26700016620 53.630016
26800017357 67.139797
26900038914 59.488347
27000039737 157.459658
27100029528 3.234497
27200040979 3.298863
27300040349 70.506340
27400040077 34.942788
27500041286 36.861547
27600006496 11.533257
27700010122 25.829616
27800016041 54.927788
27900016094 66.141663
28000013607 55.472844
28100019034 57.008254
28200010655 64.369803
28300014569 53.317903
28400037037 151.177886
28500038593 51.164598
28600040748 2.097011
28700040835 21.206080
28800040052 71.938539
28900041413 42.342708
29000007904 14.118518
29100015206 20.270752
29200016275 44.276988
29300009279 64.549610
29400016904 56.647684
29500009038 67.248513
29600014995 54.216558
29700015040 58.092739
29800037623 103.809460
29900036661 97.558769
30000031627 2.803011
30100038859 6.712857
30200040304 68.371078
30300040938 34.592720
30400005326 19.628686
30500009775 8.199214
30600008767 46.817985
30700018269 58.271501
30800015315 59.631908
30900016981 61.590185
31000015739 56.650176
31100017035 63.741119
31200039706 72.540218
31300037288 152.792908
31400012437 2.648787
31500037568 3.991463
31600039893 60.736649
31700040039 20.698489
31800035716 18.335829
31900008993 5.804306
32000015222 26.591969
32100014263 58.719500
32200017854 64.245539
32300014482 56.867433
32400010557 58.113140
32500016423 62.537491
32600037292 58.682195
32700038672 169.589810
32800030130 38.436992
32900041146 2.173365
33000041083 53.927239
33100041338 48.709114
33200040120 41.290374
33300010023 10.934569
33400015823 22.870611
33500017679 47.223581
33600019457 61.994239
33700008554 53.891861
33800017253 67.276425
33900009588 54.887482
34000010955 64.543926
34100038141 119.237918
34200037223 94.444474
34300039914 2.133442
34400041261 10.827081
34500034490 74.698300
34600040245 32.446887
34700012947 14.330441
34800015254 13.362373
34900015098 46.791827
35000008766 56.730093
35100015331 64.360729
35200017839 58.767838
35300016319 53.600312
35400008042 64.078711
35500038444 90.816783
35600040030 148.805123
35700026784 2.571523
35800040417 4.725922
35900040270 67.650624
36000038871 33.210140
36100010371 20.495626
36200009593 8.230167
36300013495 31.765167
36400010854 55.336968
36500020469 68.509656
36600014641 53.755194
36700014631 64.080566
36800011896 57.701424
36900040158 73.303114
37000035470 171.518356
37100019636 29.672262
37200030696 2.251694
37300037700 55.815174
37400040635 22.666313
37500040386 32.229746
37600009277 7.567243
37700018681 23.153135
37800016117 50.635058
37900008620 59.128329
38000018944 56.341485
38100012074 67.153818
38200014314 53.812145
38300038214 68.868039
38400038771 139.568004
38500013705 90.386994
38600208521 2.196101
38700039759 10.954592
38800037954 81.918859
38900040224 42.807438
39000007938 12.134167
39100019323 11.444172
39200010549 47.900800
39300016345 56.813573
39400016168 64.130397
39500014545 57.159073
39600015391 56.361375
39700018480 64.725437
39800036843 106.420652
39900038654 147.196302
40000004823 2.164200
40100039691 5.527276
40200039296 63.379403
40300039570 33.581788
40400007364 14.260881
40500010309 7.314243
40600016897 32.360665
40700014893 58.951669
40800017996 64.583214
40900014479 56.944555
41000008577 63.077133
41100015754 57.072621
41200038196 86.948062
41300038716 168.543666
41400021644 19.208849
41500038143 2.720968
41600040415 60.033283
41700039767 34.467774
41800010543 23.451144
41900009442 6.593976
42000016499 26.704830
42100010413 50.945121
42200017282 58.933538
42300007795 56.052938
42400014977 65.022898
42500011010 55.758963
42600038113 76.906117
42700035667 141.022943
42800029248 89.236384
42900038690 2.248409
43000040979 10.840981
43100040373 73.942078
43200041326 37.371447
43300007752 9.601217
43400009308 15.515077
43500014872 46.132403
43600015952 58.916194
43700014690 61.438807
43800015358 59.601723
43900012854 53.625831
44000020214 65.894797
44100039599 140.424402
44200039744 143.751207
44300038109 1.307809
44400036584 6.729857
44500036782 57.977978
44600040732 22.171535
44700008642 8.182466
44800015923 8.005139
44900015072 32.902652
45000014626 55.045280
45100017920 68.011928
45200010889 54.633306
45300014265 65.973101
45400017441 53.400983
45500039480 112.095978
45600038234 165.542408
45700030733 14.322799
45800039188 2.134316
45900039785 60.594746
46000039773 18.218585
46100010627 10.225928
46200008685 5.207801
46300008314 24.958967
46400013314 53.331415
46500009756 58.060430
46600015636 54.469680
46700017056 67.595933
46800014592 52.912144
46900037442 91.315468
47000039217 140.651058
47100013248 69.838810
47200039036 1.835441
47300040730 10.720970
47400039134 53.409760
47500034846 11.357829
47600009850 1.259103
47700018036 12.076248
47800017940 45.406344
47900015019 55.066958
48000017436 66.640472
48100014495 54.816343
48200015208 57.022604
48300037854 70.614846
48400039396 147.663227
48500028776 139.479712
48600038718 1.416525
48700035064 6.686035
48800041020 66.160724
48900036852 25.361429
49000011941 9.232265
49100019062 6.110984
49200015223 31.615184
49300018977 58.231996
49400009631 65.903422
49500014197 55.018061
49600010087 65.438398
49700011709 55.479242
49800042232 130.998797
49900038453 165.270013
50000040680 12.461560
50100330669 3.171143
50200039961 58.750512
50300039261 25.212429
50400010459 6.183390
50500009579 6.587719
50600017365 28.050564
50700009672 50.981315
50800016090 57.779578
50900018532 56.606665
51000012397 63.998784
51100008872 54.834162
51200038771 106.968261
51300037218 137.672133
51400031877 63.918033
51500039676 1.993056
51600040995 10.647327
51700039940 64.214011
51800008574 13.057865
51900009091 2.667614
52000016369 20.175338
52100015455 41.625883
52200014191 58.612779
52300015733 63.586316
52400016354 57.394783
52500013200 55.336312
52600042611 82.938932
52700035602 151.562177
52800011835 124.402175
52900039441 1.483467
53000040888 6.748241
53100039508 56.608111
53200041975 18.781024
53300009569 4.123827
53400014501 4.329145
53500013303 33.867193
53600008333 55.942419
53700016622 66.640821
53800010648 56.115165
53900016235 63.988403
54000035908 56.738753
54100038566 168.470797
54200026832 162.053326
54300039576 8.377976
54400036744 3.227635
54500040413 60.736863
54600041472 31.101862
54700007119 9.365486
54800016796 7.114795
54900010284 25.355881
55000015085 54.126545
55100014859 56.747818
55200017930 56.012401
55300014918 64.728770
55400020220 54.200625
55500035163 134.179677
55600039634 145.140955
55700005572 46.765156
55800039868 2.539832
55900037081 11.000145
56000040989 58.573851
56100006389 8.962500
56200009979 5.263632
56300017348 18.297146
56400015317 40.994149
56500017085 54.476891
56600016453 67.832141
56700064255 53.447567
56800014551 61.832497
56900040063 90.712662
57000039444 162.148843
57100030927 86.104254
57200040300 1.831000
57300039919 7.335246
57400038971 65.287116
57500009822 14.514622
57600009206 4.184842
57700017508 7.064773
57800013736 32.797029
57900016571 66.399957
58000007800 58.848255
58100015578 55.290990
58200010267 65.969319
58300038772 67.382669
58400037964 182.363565
58500025556 144.373995
58600039434 2.806132
58700039832 3.236169
58800040460 59.641991
58900040477 30.115987
59000010450 8.930436
59100015384 9.006202
59200015020 32.099858
59300008802 55.008997
59400015699 54.502788
59500015042 66.545309
59600016323 54.475775
59700037815 57.330577
59800036992 176.025837
59900025647 162.451494
60000039188 29.943280
60100040343 3.123555
60200039895 11.265421
60300038768 58.301775
60400008672 9.493477
60500015927 5.648317
60600008214 25.653901
60700015883 38.925057
60800016863 58.447170
60900014887 63.589273
61000015368 56.116951
61100019391 64.800837
61200038320 106.728478
61300037169 174.825025
61400023083 73.442705
61500039839 1.956406
61600038532 7.739702
61700039219 60.140186
61800005082 7.592885
61900041994 4.072536
62000016310 6.191454
62100019778 36.466145
62200009168 66.560446
62300016635 57.139255
62400009627 56.748587
62500014197 63.156990
62600035422 79.283983
62700040220 178.964588
62800018384 116.963660
62900039207 3.399356
63000038891 3.267237
63100040864 59.679662
63200008786 11.871358
63300009173 1.907540
63400014840 2.760365
63500008855 29.636814
63600014364 54.528609
63700017330 56.671235
63800015546 63.903866
63900013858 56.225312
64000038235 65.583908
64100039987 173.580251
64200030615 159.014076
64300040854 27.906620
64400039731 3.147701
64500039894 11.360651
64600037470 78.524141
64700009054 6.349544
64800008567 7.334324
64900016727 24.214799
65000019680 41.471316
65100016030 57.174285
65200014909 64.670106
65300017095 53.390047
65400020484 65.963419
65500039070 142.083409
65600037694 173.900544
65700040364 54.879141
65800039609 2.963191
65900041404 7.749275
66000040144 64.838560
66100008633 9.297118
66200016370 4.954132
66300019014 10.451177
66400018093 36.604828
66500012906 68.734462
66600007948 55.060491
66700013910 59.329225
66800015230 59.614634
66900040074 102.463631
67000038278 178.179712
67100031955 109.414183
67200039703 1.691813
67300039657 3.656431
67400040295 63.038622
67500012573 9.532282
67600010430 4.195913
67700014775 6.682029
67800015964 32.642288
67900008415 56.172940
68000014278 54.245401
68100017553 68.358896
68200013670 53.500647
68300039370 88.618866
68400038025 159.557321
68500013919 130.767482
68600038675 32.710640
68700035699 3.193985
68800040065 11.608185
68900034703 51.165405
69000009251 3.400612
69100016255 2.792221
69200017274 22.305646
69300013541 38.878996
69400017174 61.010479
69500011076 60.589065
69600014542 55.872376
69700038154 71.545620
69800039844 150.452108
69900025349 166.055419
70000038882 55.439281
70100039573 2.938866
70200040398 7.909626
70300040519 68.843279
70400006897 9.872952
70500016892 8.510197
70600015457 6.380572
70700016585 40.737571
70800010994 63.802680
70900012410 55.506730
71000009596 62.663425
71100010822 58.082817
71200035553 127.671237
71300034755 177.841566
71400041828 80.764137
71500040748 2.294901
71600040630 3.967058
71700041090 58.587507
71800015218 7.535533
71900016122 5.194316
72000017138 7.117371
72100010372 28.070859
72200014648 54.589565
72300015005 56.580646
72400016539 63.988946
72500011575 54.238123
72600036332 109.030164
72700039654 151.823664
72800031437 116.111582
72900040039 33.497746
73000040871 3.164611
73100042048 11.768388
73200008438 40.936467
73300008123 4.006737
73400017143 6.190940
73500018171 24.390838
73600017937 42.086225
73700015060 60.980334
73800014284 60.899974
73900013743 53.732226
74000036006 85.328428
74100037480 152.724491
74200024873 153.299192
74300039514 57.215192
74400040466 2.947841
74500039836 8.078032
74600040848 70.436926
74700008564 5.097973
74800019281 9.233157
74900017474 11.220955
75000008833 41.451751
75100015231 64.364423
75200011545 56.173597
75300013092 61.137178
75400033616 60.277483
75500039517 151.224065
75600027910 172.894566
75700039386 82.986953
75800039563 2.609045
75900040689 3.964381
76000039372 61.824177
76100007285 6.798960
76200016618 5.967157
76300009405 7.570216
76400017389 30.952323
76500015952 57.100078
76600016680 53.326898
76700014074 67.858104
76800017592 54.149604
76900039781 133.454272
77000037449 148.578175
77100004327 103.020865
77200036483 39.779594
77300039937 3.188239
77400040308 11.927312
77500008597 27.648438
77600008020 3.429371
77700015335 6.395418
77800015037 25.078671
77900015058 39.845235
78000016579 67.823056
78100010726 54.129727
78200015777 57.217503
78300036996 98.060342
78400039055 150.464722
78500030926 123.841837
78600041138 66.099290
78700037586 2.933458
78800039339 8.680618
78900010317 41.268364
79000009678 3.820841
79100016341 2.798984
79200012142 6.096537
79300019337 48.718522
79400010373 58.476984
79500019353 54.704145
79600011447 66.189051
79700039397 66.622950
79800034316 166.634652
79900030060 151.620140
80000039043 84.348267
80100040276 2.471233
80200038516 5.199017
80300040682 66.933361
80400009159 7.351097
80500018173 7.708810
80600016582 12.528461
80700008167 31.182106
80800016065 55.188881
80900014683 61.433040
81000021769 59.448623
81100027481 56.314412
81200040203 179.765473
81300026669 147.598087
81400039765 85.016950
81500039951 52.539035
81600040980 3.166826
81700039583 13.510577
81800008152 21.896250
81900017188 5.850939
82000021897 8.785380
82100014392 24.855664
82200017196 42.288927
82300020883 64.738076
82400020303 56.370221
82500017151 57.660055
82600038216 120.187528
82700039475 149.705698
82800024464 118.000283
82900320136 66.873271
83000040739 3.041522
83100041490 9.060240
83200009512 30.051015
83300008377 4.560523
83400014685 5.419388
83500014922 11.039770
83600011111 47.530909
83700016835 58.445675
83800009015 56.303473
83900014018 64.272264
84000038495 78.506155
84100038068 174.407514
84200015638 115.394410
84300040096 98.022930
84400040853 2.742486
84500041460 5.178612
84600009605 54.637433
84700008153 2.074562
84800012597 1.088046
84900016518 4.064959
85000013091 29.469306
85100017943 57.094885
85200013797 54.251684
85300016902 66.506532
85400038452 60.556506
85500038926 183.256176
85600011402 141.200125
85700037822 88.692602
85800039937 50.467151
85900039486 3.169000
86000039482 12.618231
86100012735 21.132264
86200016097 6.119242
86300015604 10.659958
86400019283 23.308344
86500009086 40.525474
86600015810 67.770657
86700012312 54.953290
86800010810 57.748052
86900036913 149.766006
87000040017 149.531142
87100038256 89.207184
87200040928 101.409296
87300038968 3.060793
87400040264 8.953465
87500008699 23.580248
87600015497 4.461190
87700014888 8.955759
87800009654 6.982804
87900021001 49.200525
88000018700 59.271463
88100016479 53.038379
88200008872 64.951923
88300039180 95.180661
88400033238 173.449862
88500030954 107.785182
88600039568 115.221868
88700040101 2.701846
88800037917 2.307783
88900038130 41.311470
89000013050 0.095194
89100021319 12.378738
89200022485 10.134559
89300012704 1.360482
89400022645 23.472044
89500021955 0.543809
89600013231 23.302361
89700022786 13.562199
89800020981 1.162872
89900013026 24.521601
90000019433 14.201619
90100021627 1.144535
90200023583 24.092348
90300022503 13.542268
90400022694 1.147645
90500022527 24.607253
90600023749 13.810506
90700022713 1.113382
90800022814 24.496405
90900023004 13.658116
91000021506 1.145750
91100023526 25.012694
91200019856 13.573953
91300217548 1.095832
91400022647 24.390316
91500020342 13.722802
91600021640 1.120034
91700022416 25.131091
91800021166 13.567553
91900022833 1.075775
92000023177 24.040417
92100021534 13.725438
92200019374 1.068267
92300019115 24.139449
92400023148 13.573550
92500022785 1.081024
92600024228 24.192362
92700023402 14.098744
92800019551 1.038138
92900019323 23.944341
93000022299 10.990176
93100021675 3.580764
93200023068 24.412652
93300023996 10.306379
93400022891 5.009955
93500023130 23.883329
93600022361 7.060444
93700022229 7.637112
93800023334 24.481530
93900021614 5.605555
94000023782 9.462206
94100022846 24.553886
94200022183 2.867385
94300022033 12.039319
94400018406 24.984754
94500021142 1.956078
94600021791 12.711022
94700023595 24.347189
94800022073 1.168849
94900020553 13.580362
95000023109 25.314824
95100023347 1.148942
95200022434 13.303286
95300023304 24.557880
95400024121 1.161707
95500022119 13.586190
95600022670 25.048540
95700022819 1.135377
95800002995 13.666807
95900021972 23.979367
96000182587 1.137461
96100002974 15.319196
96200021580 20.871898
96300020895 1.107118
96400002321 15.657361
96500022557 19.798713
96600022307 1.143189
96700003864 17.885264
96800021410 17.217386
96900022898 1.094921
97000003318 18.233879
97100022797 16.671719
97200023193 1.100734
97300002972 21.487746
97400020097 15.227365
97500021858 1.090641
97600013105 23.522059
97700021843 14.197674
97800018625 1.050217
97900012081 23.704693
98000023669 13.838078
98100023464 1.090999
98200011237 24.113740
98300023313 12.950978
98400019480 2.346977
98500003823 15.135103
98600039960 14.361274
98700041022 17.069457
98800037780 42.766662
98900041850 80.668312
99000040376 127.459911
99100014397 31.484847
99200008821 20.344971
99300007538 23.439574
99400011199 24.705780
99500010277 37.035001
99600007910 43.414181
99700011715 58.010597
99800011198 52.909971
99900015674 67.473738
100000012531 56.271106
100100012275 55.373025
100200008731 67.978905
100300032290 77.999725
100400037093 211.598464
100500024511 205.214620
100600039765 91.758948
100700041552 142.328620
100800040015 5.259763
100900041146 10.275894
101000040509 102.214170
101100006652 56.232284
101200011731 21.381412
101300012133 20.232610
101400007815 23.019451
101500013005 35.208400
101600014455 23.896789
101700007198 63.283823
101800011445 58.222628
101900011611 55.410838
102000008167 65.684993
102100011137 55.236193
102200011112 58.396023
102300022516 70.126480
102400034950 187.366117
102500039336 217.937342
102600009761 150.223132
102700040228 118.251295
102800040115 7.185522
102900040783 5.326046
103000039657 17.474569
103100040695 150.235715
103200009744 20.889188
103300008286 19.534683
103400012935 23.071791
103500010478 22.975414
103600011808 39.219846
103700011349 42.993458
103800009647 61.909845
103900010639 64.787233
104000012096 51.900205
104100012106 62.153444
104200013603 62.499702
104300013190 57.814597
104400039138 134.276821
104500035092 203.763348
104600025182 144.229277
104700037305 115.678745
104800040491 94.660592
104900041450 5.279832
105000037601 12.947032
105100036525 125.570682
105200013055 30.696051
105300009598 21.438455
105400006985 21.478092
105500011994 24.691823
105600013293 37.030834
105700009974 40.050593
105800010650 49.913742
105900011143 62.091345
106000006805 64.562407
106100013197 51.783891
106200011168 62.272813
106300044621 62.760634
106400035285 82.471328
106500034370 228.928157
106600028566 179.228515
106700039621 93.438111
106800040898 182.323896
106900041160 5.217254
107000039838 8.662613
107100040109 94.396902
107200004578 44.089802
107300006616 19.436087
107400010639 19.480173
107500015144 21.791854
107600071288 22.301801
107700014711 37.395207
107800011861 58.512495
107900010101 53.423203
108000013323 61.923187
108100006850 62.265294
108200013094 53.299935
108300012134 63.163189
108400025823 70.426473
108500030568 187.035656
108600035351 226.164893
108700004527 113.804786
108800039218 151.957883
108900040114 41.455928
109000042073 5.325595
109100040614 14.654103
109200041105 142.755016
109300004720 22.219044
109400007365 20.767734
109500012101 24.709893
109600012429 22.792863
109700007543 39.421254
109800011093 42.336169
109900010115 61.307297
110000007539 52.891413
110100012415 62.889952
110200009808 62.070006
110300007170 53.260331
110400008259 66.647689
110500037845 149.212134
110600037095 180.809960
110700032775 160.094910
110800039749 122.379669
110900039258 99.151839
111000038159 5.247651
111100041392 11.519905
111200040339 113.713691
111300007852 27.322787
111400008888 20.430361
111500011202 20.528689
111600009550 24.238998
111700012503 36.032422
111800013657 37.004503
111900012026 52.288599
112000013481 62.138613
112100011114 51.902110
112200011431 64.496152
112300011795 62.413028
112400013656 51.574174
112500035647 113.831888
112600035664 228.787567
112700020803 143.303665
112800039866 115.149166
112900040224 193.921910
113000039265 4.994144
113100038915 7.185348
113200040344 85.532861
113300009846 37.322663
113400007548 19.854969
113500013081 22.417574
113600009847 23.423974
113700005398 23.923999
113800010837 38.514008
113900010672 51.703741
114000007854 58.065951
114100010185 64.527250
114200014612 53.972900
114300008082 60.992346
114400011515 64.626340
114500036012 67.410049
114600036690 221.408847
114700026927 212.763660
114800038620 84.452994
114900039967 210.303776
115000040020 75.308662
115100040333 5.250888
115200038981 14.803159
115300007260 93.175684
115400007953 21.605503
115500012776 20.733566
115600007489 23.483326
115700011026 23.023457
115800011964 36.674146
115900012154 43.981452
116000011362 60.870341
116100011210 49.857382
116200010236 67.157256
116300012156 59.625584
116400010003 52.729857
116500019476 68.233268
116600037643 200.928120
116700036775 198.848014
116800016908 156.182995
116900039513 119.403647
117000039192 120.335710
117100040461 5.242735
117200040322 10.762090
117300041501 109.205672
117400010629 22.135066
117500008446 18.373213
117600011145 23.365696
117700012018 21.680117
117800011891 39.347918
117900012575 32.265706
118000007127 52.425415
118100012380 66.526253
118200013840 49.451281
118300007733 63.497994
118400010487 65.966140
118500012689 52.324743
118600037189 128.977275
118700033113 228.899331
118800018544 130.371078
118900037401 122.938647
119000039246 199.979800
119100040428 5.171070
119200039677 5.732979
119300037556 60.982204
119400004943 39.780874
119500008256 21.215402
119600006471 23.432424
119700011999 23.325599
119800012098 23.014918
119900006183 38.797952
120000012568 45.279405
120100014216 61.171419
120200008764 67.168851
120300013212 49.466151
120400010861 62.326091
120500007769 67.383959
120600038628 73.531770
120700036462 229.205490
120800026947 198.695987
120900037880 87.005902
121000031188 214.074104
121100039162 83.826842
121200040626 5.332987
121300040563 14.282052
121400005756 62.406242
121500007251 18.588031
121600010227 20.744945
121700010181 21.943765
121800014557 23.474314
121900011368 36.375380
122000012458 39.684478
122100012315 59.688935
122200012522 55.350250
122300010969 62.059935
122400010924 58.107383
122500011057 58.336482
122600030928 73.928848
122700037259 188.630883
122800024101 216.342519
122900004299 110.379713
123000039556 169.177419
123100038497 152.870200
123200040765 5.306537
123300039477 10.140525
123400033247 106.637003
123500009811 21.194625
123600008089 19.977953
123700013368 25.464366
123800011218 23.081410
123900006424 40.766813
124000010160 22.680287
124100011263 60.565250
124200008067 61.298277
124300014099 54.809674
124400012080 62.248691
124500006753 59.427580
124600008072 60.793128
124700039117 144.241816
124800035148 195.533860
124900031297 153.361852
125000039996 125.960899
125100039655 208.063367
125200039223 8.321737
125300039665 5.338600
125400041216 16.946605
125500010229 46.249044
125600010251 20.189787
125700012930 21.553100
125800011907 24.510951
125900011446 21.612629
126000011775 36.719053
126100011050 46.558180
126200012167 61.790422
126300007853 60.269791
126400010525 55.772864
126500011000 62.507564
126600009483 59.764267
126700035875 94.741960
126800033934 229.134737
126900021300 168.481076
127000040820 103.844253
127100041651 221.359840
127200042290 95.933747
127300039202 5.295476
127400040694 12.944991
127500009242 50.924648
127600007858 19.390330
127700012591 21.619764
127800010011 23.222408
127900007724 25.881007
128000011951 37.636247
128100014013 38.374528
128200007653 51.477075
128300010974 63.175570
128400012054 62.215085
128500008103 53.291428
128600011594 63.506182
128700035897 77.852400
128800039476 187.159362
128900025017 215.175086
129000040893 101.136379
129100038351 191.608044
129200039990 176.587149
129300040508 5.158482
129400041167 9.028495
129500008255 70.159664
129600006850 20.984964
129700012103 21.216082
129800013046 24.304030
129900009564 23.265698
130000014602 28.290811
130100011584 33.153386
130200011972 59.878194
130300012566 51.845981
130400010210 64.721422
130500010922 62.112021
130600011108 50.398522
130700017965 68.177532
130800032998 210.492476
130900036601 181.872292
131000024019 158.877912
131100039445 131.878586
131200039702 210.641985
131300040477 13.695307
131400034844 5.297251
131500041054 15.419711
131600059891 39.046417
131700009681 17.727700
131800012605 21.693866
131900007828 23.156101
132000014119 22.953473
132100011892 36.965771
132200007592 44.170388
132300010915 63.009802
132400011266 50.226147
132500007500 65.295841
132600012320 63.225244
132700014023 51.765762
132800029142 121.399743
132900033131 228.390794
133000020459 138.679153
133100040565 120.999773
133200039269 226.657070
133300039395 100.457643
133400039392 5.314198
133500038983 11.551272
133600015978 43.205685
133700007840 21.069205
133800012448 23.250350
133900010167 23.874520
134000010285 24.138529
134100011030 39.772384
134200011481 36.735568
134300012209 48.224614
134400010403 67.210321
134500010721 51.754681
134600007921 60.475879
134700010925 67.585186
134800035612 67.992345
134900035580 228.569104
135000025678 205.856616
135100038727 86.885331
135200039201 233.912665
135300041397 189.358036
135400039128 5.078337
135500041550 7.493818
135600021246 47.467201
135700007409 21.431779
135800012230 18.953941
135900006952 22.931970
136000011871 22.468686
136100012464 20.309981
136200009587 38.464419
136300012264 61.212881
136400012837 49.813508
136500007352 64.391250
136600011185 62.187961
136700011376 52.938984
136800017388 71.914954
136900036289 204.566215
137000036229 199.303290
137100003392 150.643659
137200039776 126.299823
137300039805 210.028940
137400040720 52.160360
137500040707 5.322702
137600040386 14.540849
137700054909 32.279914
137800007873 20.377226
137900013253 23.603659
138000012344 23.743070
138100011798 26.620469
138200010329 36.101224
138300010885 40.892807
138400011165 66.536277
138500010023 49.501963
138600011150 62.372575
138700010142 66.314190
138800013563 53.996643
138900038538 137.665808
139000035512 217.716578
139100031447 138.997915
139200038767 127.728925
139300041098 219.658270
139400041099 111.421419
139500040050 5.239673
139600040663 11.134013
139700008179 34.210291
139800008295 22.009237
139900007063 22.545521
140000012387 23.746650
140100011228 23.029024
140200007705 36.904517
140300011990 31.398837
140400011715 53.438250
140500008539 65.036078
140600011686 50.952832
140700012171 62.330412
140800007648 65.857829
140900036249 78.102584
141000033886 228.919684
141100026746 193.704938
141200040423 92.471255
141300040488 235.568781
141400039434 203.400419
141500038860 5.163117
141600040639 5.385643
141700010434 19.250477
141800008134 28.858312
141900012879 20.448188
142000012125 22.245321
142100011958 24.920596
142200012342 23.011003
142300011977 36.134306
142400010456 48.318294
142500011994 61.656459
142600011596 62.381738
142700011415 53.540252
142800011778 63.215256
142900034724 75.109539
143000035475 181.863666
143100027246 225.460162
143200004115 106.892087
143300039706 179.362512
143400041092 213.955668
143500040139 90.439329
143600041318 5.235270
143700034130 14.083800
143800012483 28.120731
143900007242 21.278064
144000011939 25.839610
144100081083 22.317436
144200006821 24.006949
144300010292 39.008714
144400011753 39.137940
144500008962 52.677969
144600012412 62.170528
144700012622 62.016180
144800007743 52.402005
144900008208 67.057403
145000037176 160.814721
145100036870 182.354595
145200026930 162.027051
145300040876 131.775196
145400039715 178.371471
145500040784 168.824897
145600040947 5.224607
145700039963 9.919285
145800007752 28.244734
145900008146 19.793822
146000010577 21.305902
146100011051 23.629854
146200010177 22.642115
146300010843 34.752974
146400011050 26.053159
146500011130 60.251347
146600011041 56.068460
146700011827 59.800374
146800011275 62.201997
146900013129 55.721945
147000035511 108.291901
147100036970 227.862583
147200020874 148.593669
147300039529 116.141932
147400040001 237.526537
147500040491 207.119625
147600039320 7.205908
147700038531 5.261895
147800010326 6.469505
147900008050 33.939039
148000012473 23.686222
148100011544 23.681355
148200012595 23.777138
148300012172 25.652913
148400013005 36.448986
148500007409 43.552859
148600013162 66.284496
148700011897 61.915405
148800008150 50.661030
148900010678 66.784170
149000036345 79.757682
149100037025 191.066370
149200028387 210.904402
149300040273 101.610926
149400039247 207.469317
149500036558 219.074505
149600041323 94.869772
149700040134 5.374825
149800008702 9.208369
149900009169 27.182909
150000011916 20.555236
150100014244 25.584034
150200011622 21.493130
150300010333 22.387886
150400011816 38.861864
150500011487 38.173108
150600011358 48.370376
150700012884 67.236845
150800012499 61.365948
150900010799 51.154210
151000018196 68.464049
151100036146 200.356992
151200038768 193.455937
151300029013 159.639409
151400036187 124.204295
151500040694 200.127812
151600042116 185.598245
151700040200 5.122331
151800041856 8.380222
151900008030 23.521287
152000008863 20.147865
152100010643 22.597974
152200007479 23.808073
152300012342 25.284805
152400010919 22.372780
152500007546 38.268772
152600009974 62.270726
152700011198 49.535565
152800007412 64.490971
152900012892 64.976311
153000014537 52.426686
153100034944 125.861950
153200038095 229.481357
153300022236 135.077646
153400038843 125.360395
153500038762 232.551218
153600040764 207.016775
153700039807 28.783745
153800038801 5.301489
153900014837 5.019277
154000008026 31.390485
154100006111 23.946118
154200012725 23.992387
154300010995 22.807549
154400007986 23.357739
154500011951 36.958719
154600010944 41.743435
154700013863 66.566920
154800011735 49.631857
154900010753 62.280743
155000007266 68.165572
155100033479 71.499329
155200034063 229.634090
155300016234 203.697431
155400039575 89.401244
155500041119 242.255480
155600041210 227.874602
155700040774 101.902490
155800040090 5.311906
155900009244 6.013609
156000007018 25.469972
156100011737 19.679267
156200007813 21.588832
156300011084 25.161544
156400013418 21.771471
156500007426 36.822724
156600011765 39.260015
156700011459 48.313794
156800008850 64.047032
156900014069 54.090924
157000011155 61.001223
157100020087 71.903060
157200034285 177.527113
157300034010 228.735310
157400003047 144.663198
157500039122 115.874287
157600039436 232.134842
157700041418 195.330741
157800038791 5.137041
157900040513 6.784691
158000016408 20.139999
158100006868 21.718077
158200011090 24.400554
158300011781 23.139594
158400011133 24.900703
158500012248 22.783681
158600010017 36.657778
158700010997 55.283242
158800011638 55.847565
158900011301 62.172736
159000010163 58.226616
159100016309 62.236044
159200037299 137.395702
159300033309 189.633443
159400031495 160.000979
159500040903 130.117186
159600040547 192.178142
159700038829 212.109494
159800041031 80.849640
159900040530 5.279793
160000008191 4.383961
160100008125 29.296638
160200006962 19.664414
160300009022 24.505658
160400010708 20.462616
160500008200 22.335552
160600014164 38.132655
160700011402 39.991215
160800007435 60.000996
160900011453 55.083737
161000011520 62.318559
161100010569 59.794772
161200035088 91.208107
161300035544 227.813827
161400022223 167.127726
161500040903 107.163853
161600039947 242.680354
161700040561 204.943671
161800039187 135.076677
161900039941 5.315018
162000004263 4.778518
162100007757 23.501333
162200012687 21.627843
162300010250 23.257224
162400011692 26.389310
162500011817 24.134376
162600011702 37.557522
162700011982 29.089740
162800011309 57.291688
162900013012 61.694012
163000010854 54.134455
163100016243 63.319320
163200033506 73.520834
163300036405 192.881443
163400027163 220.044368
163500039669 98.722639
163600041003 212.872168
163700040623 236.100809
163800039769 203.528445
163900040155 4.705177
164000008619 4.441410
164100027197 8.396577
164200011978 29.750727
164300010905 24.886510
164400015963 23.108907
164500011559 22.165372
164600011635 23.517647
164700012993 36.003658
164800012622 44.648906
164900010976 66.860459
165000016380 62.564779
165100008268 50.354003
165200007588 67.630550
165300036899 200.149386
165400037535 182.783301
165500031030 160.300280
165600040490 135.254074
165700036393 190.057206
165800039182 214.186322
165900040127 83.763766
166000037998 5.354243
166100008916 3.634408
166200008673 28.746018
166300012712 20.776836
166400007844 22.683402
166500010512 25.125193
166600010661 24.216557
166700007123 36.903338
166800012251 41.992974
166900011465 55.949878
167000007052 57.225499
167100010715 64.744274
167200011698 57.672035
167300034775 114.562954
167400039088 230.091968
167500020647 144.546441
167600040598 119.723122
167700040645 241.704232
167800040493 195.377698
167900040405 149.255177
168000040942 5.254824
168100009547 3.471126
168200009326 23.130076
168300007482 23.563389
168400011471 25.410626
168500010996 21.988407
168600010885 26.125576
168700011105 36.028372
168800011989 24.876958
168900010729 63.068252
169000010156 60.395362
169100011443 51.262908
169200010126 68.044731
169300038015 83.934204
169400032083 196.485586
169500024976 201.291418
169600040186 102.575684
169700041239 217.507877
169800037614 236.776914
169900037919 204.526164
170000040374 5.124136
170100013145 2.682844
170200007652 5.463935
170300009779 33.165103
170400011748 21.069910
170500011084 24.280899
170600011157 21.995687
170700007765 22.192560
170800012484 38.745647
170900011399 43.535945
171000007735 62.982677
171100012607 65.719574
171200012395 50.268150
171300025096 72.489355
171400037255 225.253326
171500035780 182.078471
171600004513 133.532426
171700040490 159.969115
171800038844 192.629988
171900040211 216.600987
172000040681 91.611273
172100038392 5.280505
172200010400 3.240833
172300007919 27.680908
172400011317 25.587984
172500012010 24.151215
172600007474 24.934192
172700010930 24.304787
172800011740 36.971622
172900007102 42.167654
173000011265 48.904437
173100011339 61.808972
173200012268 67.384083
173300009134 53.096845
173400032783 140.744717
173500038043 228.476429
173600032005 131.062521
173700040598 130.750311
173800041010 244.068985
173900039893 178.882022
174000040840 176.401558
174100040382 5.280684
174200008880 2.841664
174300008284 21.578103
174400007064 22.443827
174500010980 24.105048
174600010351 22.827162
174700008413 21.349305
174800012281 27.922375
174900012429 31.677584
175000007422 61.588929
175100012932 52.353516
175200011644 62.130622
175300006587 65.531274
175400036912 82.027992
175500038378 229.455708
175600011523 197.103797
175700039356 91.922148
175800040096 245.176272
175900039809 239.437690
176000041001 210.915554
176100040277 15.389265
176200010300 2.764400
176300008169 3.362288
176400009993 31.822747
176500007029 22.474975
176600068842 26.035225
176700012987 23.632266
176800008673 24.322629
176900009640 39.924823
177000005388 41.233806
177100006593 63.140830
177200063925 52.082962
177300011287 63.301074
177400030477 71.969750
177500034874 182.290310
177600027194 229.864492
177700004191 120.356826
177800039418 147.320886
177900039084 240.967365
178000039936 227.856652
178100039970 103.673034
178200033398 5.314055
178300009690 2.509996
178400007762 23.993854
178500015480 25.304498
178600011710 23.927406
178700007837 23.573308
178800013214 23.716422
178900011413 35.760654
179000006616 38.749384
179100011306 48.862931
179200010938 62.095007
179300009225 53.461064
179400008258 66.770208
179500038979 146.777231
179600037169 182.406683
179700031052 163.411118
179800040454 132.733359
179900039889 193.999580
180000041754 234.325183
180100040343 192.523429
180200038428 4.886740
180300009895 2.089436
180400009078 18.701549
180500011578 21.988623
180600013453 23.905417
180700010114 23.367745
180800012685 22.505987
180900012348 25.874719
181000011319 36.743864
181100006512 50.380447
181200009762 61.014700
181300011694 62.194217
181400010166 54.280036
181500034738 105.367360
181600035224 229.231250
181700019991 152.719318
181800039944 116.295479
181900039692 244.435892
182000040500 188.292829
182100041449 210.304168
182200039832 84.033783
182300008648 2.127687
182400010203 3.138471
182500011946 32.199365
182600011862 24.691297
182700006228 24.757331
182800011605 23.145943
182900010773 22.942420
183000007354 39.089363
183100013769 41.071040
183200010571 57.663217
183300007813 56.588187
183400011540 64.170879
183500037540 71.898324
183600037393 204.086526
183700027168 217.676934
183800040669 94.412675
183900040793 227.391673
184000039767 242.820925
184100040372 203.080306
184200039932 141.505869
184300008001 4.075859
184400009089 2.280565
184500012238 22.051592
184600011516 24.796454
184700010296 22.550542
184800012168 21.886742
184900011323 23.848229
185000010640 36.576678
185100011893 27.096895
185200011061 61.092830
185300011766 62.116147
185400009570 50.119866
185500005586 67.824461
185600037649 193.944404
185700038075 189.980510
185800023386 160.252223
185900039865 124.239056
186000040509 211.017389
186100041581 236.166420
186200040537 205.247121
186300040621 5.601803
186400008858 1.396941
186500008400 4.379112
186600010395 37.864588
186700006881 25.044003
186800011363 24.272851
186900013294 23.913560
187000006937 25.896394
187100011694 37.507827
187200009364 43.511731
187300006849 65.470164
187400010692 63.538122
187500014273 51.894860
187600031788 121.616406
187700036038 229.185891
187800019975 139.022242
187900040381 135.959379
188000039221 237.775398
188100039568 197.234175
188200039066 217.772782
188300009837 56.472847
188400009706 1.189338
188500011495 3.489235
188600010645 32.878247
188700011898 25.842257
188800011624 24.486926
188900008404 24.321304
189000013875 37.552042
189100012477 36.335021
189200013208 48.245151
189300012463 60.222656
189400040689 86.045567
189500039231 212.308287
189600031471 189.021827
189700017429 76.728864
189800019418 43.607078
189900019924 108.313979
190000020828 40.416534
190100002007 59.222368
190200020701 0.922589
190300021109 2.019781
190400019216 39.114140
190500020526 15.538361
190600001865 1.065377
190700021427 34.889489
190800019445 3.063616
190900020975 34.174062
191000020633 16.060412
191100020944 1.026525
191200021068 39.310570
191300020292 12.226180
191400001896 7.762004
191500019213 20.258024
191600022010 1.045387
191700021285 39.135611
191800020751 15.983637
191900020063 1.005201
192000020148 39.010588
192100019951 2.974470
192200014410 34.222906
192300020472 15.849103
192400020315 1.038148
192500021049 39.481813
192600021245 11.671024
192700001817 7.183595
192800021003 23.346293
192900019493 1.061968
193000021266 39.652406
193100019333 15.640147
193200020375 1.013507
193300019763 39.791521
193400020261 2.835596
193500014806 33.823013
193600021448 16.045398
193700020839 1.030715
193800020117 39.343216
193900021027 11.376550
194000002765 6.563038
194100018847 27.376618
194200022021 1.041345
194300017768 39.282560
194400021271 16.051702
194500022193 0.995868
194600021261 39.907882
194700021776 2.470804
194800001669 29.118665
194900021270 17.578075
195000019453 1.022364
195100021181 39.267947
195200019133 10.571262
195300002279 7.061888
195400021252 32.246584
195500018935 1.048541
195600021127 39.268457
195700020040 15.901959
195800019270 0.998278
195900019843 39.281807
196000019382 2.212810
196100001880 25.256518
196200019577 19.189671
196300021975 1.033731
196400020557 39.688454
196500020346 9.477724
196600017047 7.472093
196700019713 39.075098
196800023474 1.066089
196900022803 44.718137
197000040639 15.495371
197100039629 4.781264
197200039150 76.235434
197300040852 10.173531
197400040745 70.345549
197500040819 76.037401
197600041690 4.084476
197700009574 38.986556
197800007385 35.105713
197900010490 23.240997
198000012526 26.165058
198100006239 23.394766
198200011829 26.327436
198300011006 26.886893
198400011793 42.045862
198500010325 25.062296
198600006864 52.929680
198700010787 78.524380
198800012130 68.310125
198900012816 69.322086
199000010666 77.099003
199100008660 65.596135
199200030307 170.492133
199300033586 238.715374
199400015978 219.166286
199500041272 120.756330
199600040417 258.445670
199700042008 319.280622
199800040166 229.075908
199900039208 166.800623
200000040299 10.519338
200100040456 12.576383
200200007301 15.440884
200300008420 33.596895
200400009271 24.457727
200500012111 27.196263
200600010398 23.463015
200700011987 26.122890
200800007679 27.140007
200900011571 43.632097
201000011170 25.222783
201100010936 49.912887
201200010840 84.252203
201300006727 66.223372
201400012612 74.778441
201500012098 73.046362
201600015896 63.343172
201700040085 216.070053
201800037526 237.691034
201900021429 206.780713
202000041173 122.577733
202100039985 258.493012
202200039697 319.553110
202300040561 228.645193
202400042019 159.843382
202500040381 10.644080
202600027145 13.462659
202700012423 23.595367
202800009008 25.997929
202900010045 24.167441
203000006895 27.485270
203100010576 27.340370
203200011105 27.083064
203300010834 25.429876
203400010127 47.777590
203500007182 23.666048
203600012895 63.196970
203700010108 76.471018
203800010851 60.981559
203900012010 86.133247
204000007573 64.424211
204100009205 76.866234
204200035856 239.050682
204300035470 238.034097
204400027604 219.266231
204500038617 113.699100
204600039309 269.235054
204700193048 306.239955
204800037666 225.569043
204900040403 146.220381
205000040431 10.642109
205100006031 9.812998
205200007537 26.271895
205300009437 25.694878
205400012260 25.243131
205500012091 26.010531
205600011217 28.908235
205700006806 26.247114
205800010546 26.394185
205900012383 47.403327
206000012886 30.115785
206100011189 67.101062
206200007209 65.175454
206300013325 65.268092
206400010643 86.308447
206500011426 61.892536
206600015617 92.455625
206700036673 247.260024
206800035660 236.675775
206900025971 216.141212
207000038401 115.861666
207100039343 296.501023
207200040745 277.130711
207300038919 222.695777
207400040542 140.336393
207500040355 10.612777
207600005767 6.467841
207700009357 29.034802
207800009409 24.897708
207900006235 26.839753
208000013255 29.836632
208100011850 29.204399
208200012981 27.119794
208300013096 27.473012
208400006009 43.034999
208500011127 42.267312
208600011209 60.517439
208700009953 60.723823
208800012605 76.536784
208900009310 72.700513
209000011501 65.542577
209100039013 109.263919
209200031082 239.377542
209300028065 240.156956
209400003845 150.815702
209500040044 158.595352
209600039782 324.567890
209700041582 248.407630
209800040670 246.908070
209900038984 98.706606
210000039701 10.518822
210100026248 5.374590
210200004232 31.536675
210300007665 24.015104
210400010387 27.918776
210500012953 28.769966
210600011375 26.430115
210700011085 29.906020
210800008110 26.667662
210900011747 41.727121
211000016069 47.460300
211100012740 53.063333
211200011552 68.255936
211300007224 85.379179
211400012137 62.349483
211500010540 72.068155
211600038008 122.485993
211700034866 238.272998
211800030561 273.964892
211900040861 99.744737
212000041898 260.639369
212100039598 322.705177
212200040151 246.240637
212300040427 289.707975
212400040307 43.996927
212500040874 10.528600
212600007669 4.874322
212700007197 31.148882
212800011646 23.043002
212900009979 31.874005
213000008593 28.275512
213100010631 25.677064
213200011705 30.263196
213300007436 26.360289
213400010623 44.339608
213500006824 47.907561
213600010259 53.583748
213700011935 68.119369
213800007968 78.105754
213900010157 66.717336
214000007880 74.876293
214100032637 136.807901
214200036801 237.135839
214300017038 258.319412
214400041435 102.571000
214500038421 275.871197
214600041515 308.087369
214700040324 246.150211
214800040150 286.001967
214900040560 34.772308
215000040789 10.499879
215100008983 4.440543
215200010429 30.574023
215300011059 26.153055
215400011608 27.946647
215500011785 24.684226
215600009565 27.072589
215700006105 27.298018
215800009901 23.589625
215900011573 45.869856
216000011679 43.622235
216100012454 61.000332
216200007175 69.070283
216300013326 76.455219
216400011644 68.490647
216500013647 77.712468
216600036706 175.379109
216700034252 237.721627
216800022086 230.091678
216900039264 110.014427
217000039864 308.989675
217100039344 274.172151
217200040186 244.445988
217300040369 276.120831
217400039603 35.553248
217500034402 10.460699
217600009962 3.814002
217700009582 33.490242
217800011692 26.635273
217900006685 24.860507
218000011089 25.032167
218100011579 26.851951
218200012288 25.592589
218300010847 23.976793
218400007732 44.174246
218500012187 48.296005
218600012902 62.467720
218700012023 73.894395
218800013822 71.382232
218900007288 63.604401
219000013714 89.055149
219100036062 206.528632
219200032220 278.864463
219300030142 189.159529
219400040721 114.785458
219500041589 325.837457
219600039031 255.753332
219700040206 283.968868
219800039913 223.618309
219900040631 26.681043
220000006773 6.877173
220100009031 3.867618
220200009636 36.222723
220300009272 26.460147
220400012401 22.533461
220500010820 25.670433
220600007030 24.786976
220700010433 26.257635
220800011676 25.484691
220900010938 42.416565
221000010401 51.250229
221100006167 59.477747
221200012692 80.865576
221300011725 68.942030
221400011523 64.680261
221500025915 92.140754
221600035104 237.435777
221700028101 299.362874
221800031999 172.160259
221900038920 118.774308
222000037961 320.275267
222100039322 255.388825
222200040326 307.471236
222300302889 198.022349
222400039386 19.275125
222500005435 4.549659
222600006974 4.100219
222700009209 38.012230
222800006310 24.753226
222900010451 26.968167
223000010241 26.783918
223100010169 24.152279
223200011323 27.142267
223300007356 30.799889
223400011430 38.247008
223500011683 52.453812
223600013381 57.251708
223700012337 85.919852
223800007119 64.477850
223900012055 78.466165
224000036306 91.532755
224100039538 239.217051
224200013795 286.727183
224300003576 148.735374
224400039762 154.099322
224500041652 286.595793
224600040461 254.132541
224700038863 307.951455
224800039892 193.463728
224900039008 11.342497
225000006535 3.996533
225100009794 4.116064
225200008133 41.319392
225300010826 25.252673
225400010297 27.059253
225500007449 26.811462
225600012060 26.284408
225700012268 29.063544
225800011913 32.473077
225900011307 35.693890
226000006845 50.016761
226100012669 62.684448
226200103494 83.956866
226300008666 61.458373
226400010493 83.716223
226500037052 95.977473
226600036138 239.786621
226700031283 281.803900
226800040344 97.867675
226900039301 310.162190
227000040442 276.379515
227100041699 254.188105
227200041307 307.123687
227300041876 189.631967
227400039939 10.855220
227500008153 3.168294
227600007987 3.941975
227700010123 40.299831
227800010511 27.125922
227900006920 28.587699
228000011468 25.735743
228100012946 29.783891
228200007615 23.926453
228300011288 47.951216
228400010069 25.206510
228500011130 48.602200
228600012685 80.837756
228700005922 65.144067
228800011128 67.410784
228900007565 85.408293
229000036863 116.226084
229100039082 277.938094
229200015295 235.341424
229300039756 99.988893
229400039659 327.414178
229500039886 259.398759
229600038781 290.368700
229700040869 262.994884
229800040038 177.384448
229900038601 10.703809
230000011504 2.998203
230100010604 4.402717
230200012351 44.375559
230300011497 28.525366
230400012221 27.601261
230500010429 29.528249
230600006306 29.764525
230700012238 26.569883
230800013914 46.608541
230900007049 22.779354
231000011550 55.141009
231100007804 83.756596
231200010869 61.632747
231300010242 72.673128
231400009991 73.950480
231500030820 166.500727
231600035611 296.753247
231700021966 187.776066
231800039610 112.856914
231900040239 318.096961
232000038574 258.980198
232100039107 317.934189
232200040671 233.213089
232300040853 167.612252
232400041649 10.578773
232500013798 2.896373
232600009655 13.676097
232700013654 36.178870
232800006738 28.130420
232900013852 27.461759
233000012208 28.356950
233100012628 26.474461
233200011571 27.494578
233300007210 46.012519
233400011633 22.916526
233500010666 57.335715
233600012022 75.340939
233700011293 69.374390
233800008324 80.480024
233900017375 70.200806
234000035873 191.322718
234100034375 295.600076
234200027127 177.711407
234300038726 131.679620
234400040877 283.996512
234500040566 258.668677
234600041518 318.476334
234700036884 227.289841
234800040524 158.739385
234900007719 8.066326
235000009388 2.949044
235100009738 24.449410
235200010798 25.867437
235300011438 26.617373
235400012908 28.632192
235500007602 28.073293
235600013111 28.582320
235700012688 28.669302
235800012336 40.955001
235900012380 25.082123
236000006568 63.429967
236100011314 71.520015
236200011481 68.868134
236300011865 76.046256
236400012692 75.966740
236500034362 246.399756
236600035991 281.481143
236700025004 173.579431
236800040442 145.305944
236900040527 261.413530
237000038592 263.522523
237100040075 312.694598
237200040032 225.088434
237300040549 145.207388
237400006906 4.797748
237500015538 3.467456
237600010252 26.500314
237700006675 24.184118
237800011346 28.046927
237900011227 26.910650
238000011183 23.799929
238100012335 28.065269
238200005990 26.233267
238300011734 41.972597
238400010169 35.876540
238500011211 59.678789
238600013234 68.760116
238700006365 67.167991
238800012881 79.873112
238900032604 84.552029
239000034506 290.189713
239100027526 242.448395
239200025059 171.072420
239300039636 149.139470
239400040960 261.221273
239500039668 304.724640
239600310891 268.635670
239700038247 224.772348
239800041711 137.664960
239900013398 4.008917
240000013816 3.571600
240100009986 27.866548
240200012582 23.819838
240300012975 27.754649
240400006797 23.754627
240500012404 24.980887
240600015723 28.549098
240700011602 22.910859
240800012150 46.805793
240900006720 40.993183
241000012127 57.014723
241100012087 68.919081
241200011340 67.967732
241300010728 79.241923
241400035668 93.389172
241500038761 297.517623
241600030824 225.473964
241700003892 107.020850
241800040444 290.353903
241900039580 261.026626
242000042187 324.051756
242100040677 247.943109
242200041624 244.450068
242300040525 106.836863
242400008095 3.465671
242500006104 3.681071
242600007128 27.549421
242700011763 26.984583
242800014427 24.969716
242900012988 24.597503
243000009685 25.386731
243100009565 25.488868
243200012041 25.859813
243300011634 46.031257
243400010449 41.625260
243500011726 58.815962
243600007325 67.250114
243700007665 73.223133
243800012268 75.052402
243900036607 104.797590
244000033691 298.128335
244100031109 222.153745
244200040418 112.015275
244300036365 294.546029
244400040310 260.945786
244500037697 323.769051
244600041225 248.510999
244700040373 262.665381
244800040269 80.841479
244900015425 2.899750
245000011045 3.488529
245100010559 30.592731
245200010692 29.089828
245300006919 24.470176
245400011596 27.207662
245500012982 24.044324
245600010828 24.251356
245700012260 28.600239
245800007227 43.003276
245900011889 45.028531
246000013908 59.858310
246100011424 61.565622
246200010802 85.502447
246300006893 64.989031
246400036257 151.143590
246500035325 278.320268
246600016900 202.161063
246700040089 130.179269
246800041071 262.235004
246900040358 270.388629
247000038435 312.723853
247100041376 246.324242
247200039328 287.342722
247300040141 42.871780
247400009398 2.625624
247500008522 3.653067
247600012169 32.988029
247700010037 29.001518
247800011186 24.526508
247900012732 28.094477
248000006727 27.065078
248100011205 27.561061
248200016780 26.758507
248300012770 40.384885
248400012174 48.493414
248500006017 58.194163
248600012336 64.014755
248700009950 83.667942
248800015692 64.075748
248900034050 201.219999
249000034256 264.523022
249100028217 178.732320
249200038918 140.693905
249300038979 262.352906
249400037840 285.224544
249500036748 297.739674
249600035681 245.704153
249700040800 283.146072
249800040563 34.205918
249900012134 2.412698
250000008399 3.820737
250100011263 35.859676
250200006924 28.146481
250300012047 25.789482
250400012210 29.494980
250500010703 26.256929
250600010392 29.908357
250700006596 26.474543
250800011106 42.143124
250900010856 48.473997
251000065062 54.178155
251100011969 69.089601
251200007398 82.138044
251300015976 67.443995
251400033628 224.660489
251500032725 256.887969
251600031466 176.770316
251700039210 141.954959
251800039059 262.862277
251900041194 293.064206
252000040460 289.668140
252100040361 245.264025
252200039548 280.727247
252300008283 23.669979
252400007336 2.325305
252500009787 3.959667
252600011592 36.339199
252700013415 26.081082
252800011595 30.071787
252900007000 27.203721
253000010804 28.472511
253100011320 28.595412
253200011690 23.998527
253300010823 46.322300
253400007708 47.282611
253500010870 58.737349
253600011762 78.928184
253700011398 68.647844
253800026134 77.205698
253900031511 296.506220
254000034576 235.450198
254100030093 189.425013
254200041046 134.485725
254300036256 262.100430
254400038951 326.214883
254500039824 255.513581
254600040934 265.390295
254700040324 245.555637
254800014502 13.322251
254900008639 2.459637
255000008224 3.885237
255100006780 35.977462
255200011215 28.521677
255300007255 30.167363
255400010526 25.323249
255500012567 30.577911
255600005410 27.130992
255700011410 26.023633
255800010259 47.031482
255900012021 45.933525
256000011782 64.005041
256100007589 78.973881
256200011428 66.002213
256300033124 93.716862
256400038928 284.225853
256500029743 226.473158
256600004478 149.647475
256700039836 175.110381
256800040588 265.423214
256900038362 322.506756
257000041755 254.661022
257100040264 305.926430
257200041675 200.330569
257300010391 5.429408
257400008156 2.472099
257500006362 3.778849
257600011469 40.246868
257700012777 29.115460
257800011191 26.294608
257900011339 28.619667
258000006919 29.214565
258100010861 27.946724
258200011476 39.253384
258300011981 30.199934
258400012417 53.391721
258500006824 67.238229
258600010569 74.847526
258700012492 68.896267
258800033853 128.867217
258900035545 239.140697
259000031125 224.692502
259100038534 122.939683
259200034838 262.827105
259300040818 316.378273
259400037845 271.275677
259500040338 254.445300
259600039347 306.298805
259700040551 189.045904
259800006968 2.968690
259900009254 2.310960
260000010753 3.962702
260100016892 44.494349
260200007252 27.852358
260300012168 26.495606
260400015533 26.019485
260500011289 24.856541
260600013508 27.707823
260700020040 42.397407
260800012359 24.314371
260900010396 54.673875
261000012902 71.927850
261100010597 71.730737
261200007707 65.033983
261300032766 178.529766
261400035881 237.112839
261500017846 228.892029
261600038686 115.342589
261700039711 262.839971
261800040056 327.131594
261900041238 259.495979
262000040299 287.219785
262100039798 267.100507
262200039537 177.268963
262300011149 2.506452
262400010229 2.512331
262500009620 4.701045
262600005694 46.292595
262700009968 25.710292
262800013888 26.005684
262900005985 22.472301
263000010782 27.240433
263100012835 27.324447
263200011403 41.377122
263300012582 25.001614
263400008503 51.188664
263500011129 83.428774
263600012143 67.977522
263700017720 73.364796
263800033869 208.923479
263900033949 237.708205
264000031576 222.461449
264100040238 113.788166
264200040116 282.789832
264300040045 305.867883
264400041009 258.586361
264500040293 319.676373
264600038104 229.019290
264700009229 147.216456
264800008054 2.297876
264900010405 2.864292
265000015705 20.210340
265100006958 30.052852
265200012077 25.924145
265300007311 26.986768
265400011225 21.805245
265500012434 27.242073
265600009004 24.474797
265700010127 46.821704
265800011638 25.296948
265900010967 52.091574
266000010474 85.020557
266100005985 62.876734
266200013624 89.128226
266300035841 226.327958
266400034431 236.933375
266500031703 217.875568
266600039779 115.333841
266700038030 308.001066
266800039840 281.250141
266900040266 258.180951
267000040041 318.585305
267100040047 227.166678
267200007371 80.803179
267300009798 2.413740
267400009628 3.123774
267500006770 27.007313
267600011751 26.735295
267700009998 26.325951
267800011206 25.668331
267900011387 27.114320
268000007077 27.269945
268100011580 25.024777
268200011490 46.902558
268300011443 25.962367
268400012655 67.994117
268500006402 73.029004
268600011798 61.757971
268700034591 102.618706
268800034531 240.742469
268900025011 262.150815
269000023728 192.117650
269100040006 119.037204
269200039068 328.346760
269300039060 261.810578
269400042088 280.858583
269500039191 293.913925
269600039983 224.172024
269700007739 56.243886
269800007558 2.490860
269900009075 3.347866
270000012474 27.722015
270100012368 29.927311
270200006817 25.257638
270300010829 26.191760
270400012794 27.629337
270500012337 25.165038
270600012057 26.926880
270700008203 46.562327
270800012691 33.134235
270900011953 67.428581
271000011256 62.068786
271100013454 70.570857
271200037301 110.850591
271300031932 238.469939
271400030694 276.591616
271500003431 120.157010
271600040828 181.640974
271700042345 327.991941
271800041548 261.556667
271900040819 305.974223
272000041003 267.185798
272100040827 226.289788
272200009476 46.403820
272300010516 2.498664
272400007236 3.372357
272500011694 29.108317
272600009974 29.385566
272700026928 24.408961
272800015036 29.488216
272900006224 29.007201
273000012247 25.623123
273100010581 27.476648
273200007267 42.958206
273300011991 40.334468
273400010827 63.907087
273500009742 61.854081
273600011684 74.503566
273700039602 116.101265
273800036402 237.740712
273900030151 278.462320
274000039220 98.862433
274100042720 271.401588
274200041462 320.391161
274300038780 261.196067
274400040705 319.400267
274500040741 252.950692
274600039990 238.831622
274700009982 33.040298
274800007376 2.338740
274900010944 3.429392
275000089529 32.814958
275100006171 27.633825
275200014586 27.919549
275300011340 29.514329
275400011937 26.291073
275500011655 29.947165
275600008094 25.675034
275700012327 43.469354
275800010980 47.810106
275900012374 53.779499
276000011258 68.616727
276100008056 82.003208
276200033673 131.477719
276300034272 237.285496
276400015565 255.661668
276500039435 103.376812
276600039787 313.171788
276700041091 278.083675
276800040063 261.167786
276900040635 323.088176
277000040261 246.824481
277100040340 279.915118
277200004576 14.818683
277300009306 2.316977
277400012353 3.769135
277500012231 35.356988
277600009751 24.370441
277700013567 31.912676
277800006319 28.643948
277900011668 25.782283
278000010254 30.454824
278100011596 25.067143
278200013317 46.194188
278300007164 47.686102
278400011168 54.438486
278500013533 67.300332
278600014123 79.242359
278700037477 168.632514
278800033128 249.706465
278900019019 222.685209
279000039553 110.026892
279100039801 325.786357
279200040392 265.427118
279300040176 260.949334
279400038275 322.748494
279500039657 246.531026
279600035111 289.412996
279700008955 9.017399
279800009821 2.316126
279900012252 3.970435
280000007068 33.201115
280100012783 25.875370
280200011424 30.625902
280300010952 23.716755
280400011483 30.257080
280500007406 26.982087
280600011432 25.440289
280700011623 46.227720
280800013072 44.180710
280900013101 62.222137
281000009595 65.875774
281100016022 86.131212
281200038305 198.094439
281300032770 286.934269
281400030880 183.548630
281500041425 124.327400
281600039464 327.267990
281700039024 261.747361
281800038564 303.986077
281900041560 277.550542
282000041250 244.148015
282100004513 68.219455
282200010879 8.224254
282300006478 2.716923
282400012602 4.395467
282500007527 39.403958
282600012519 27.601851
282700007248 29.405602
282800010677 26.359636
282900008169 28.745048
283000012806 25.013410
283100007620 46.113596
283200016734 44.353099
283300007164 58.600620
283400037427 93.600038
283500035032 221.128100
283600031489 259.500718
283700024384 120.833954
283800022802 177.291699
283900023803 37.223987
284000001910 104.089405
284100023904 44.348836
284200001707 47.326387
284300023319 109.671460
284400024381 39.115446
284500020745 4.958414
284600022765 1.234663
284700024022 47.872145
284800023228 0.818020
284900023778 62.582489
285000022838 0.886267
285100001806 39.566627
285200022591 3.329069
285300001569 15.642068
285400022965 39.588468
285500023976 5.208195
285600022326 63.789034
285700022839 0.863446
285800022603 63.727790
285900024513 0.880592
286000022025 63.780496
286100023627 0.885625
286200001815 39.268541
286300022484 2.495977
286400001813 16.416667
286500022414 32.266033
286600023073 7.340906
286700023328 63.860076
286800023861 0.854461
286900023943 63.754810
287000023804 0.879990
287100021038 63.649685
287200021987 0.889950
287300001987 39.260783
287400023910 1.653927
287500001679 17.313109
287600022642 24.728955
287700023357 9.688920
287800024046 63.858481
287900022345 0.854678
288000022649 63.631346
288100022694 0.874044
288200022873 63.487349
288300023993 0.882516
288400001416 41.039630
288500024000 1.040489
288600001535 17.933418
288700024323 17.646154
288800022996 11.898649
288900021678 58.742122
289000023611 2.178998
289100024756 63.745422
289200022753 0.871106
289300023859 63.710037
289400023525 0.881736
289500002793 40.681924
289600023119 1.044279
289700001762 18.055681
289800021989 10.125893
289900022276 14.373785
290000023325 50.862400
290064472811 5.407260
