100826496 1069513.000000
200804867 182377
300802992 126563
400201731 190760
500194817 1049189
600342872 1213622
700337628 1157744
800321492 1391998
900342193 1155503
1000313401 1385081
1100329248 1109502
1200741884 1190546
1300787901 27360
1400622620 47363
1500807564 495134
1600823909 331909
1700839069 311221
1800826138 262513
1900205582 691940
2000344122 1188336
2100212085 1327943
2200342578 1224194
2300360250 1157758
2400351334 1388024
2500352328 1132752
2600406392 1244925
2700778975 400408
2800797106 31562
2900363103 112635
3000818170 545379
3100826918 252932
3200843315 284542
3300236894 576980
3400231397 896746
3500367357 1397769
3600375889 1160537
3700264395 1360171
3800346154 1190214
3900228746 1201784
4000357063 1259493
4100799981 780215
4200820799 30877
4300341072 71524
4400849638 522987
4500857393 223603
4600873930 216516
4700779693 297754
4800254735 1058252
4900388119 1229392
5000382600 1172502
5100379592 1409417
5200392417 1171584
5300246769 1380848
5400383128 1150009
5500849197 1190129
5600845638 25855
5700885042 48117
5800891092 470188
5900875023 209748
6000855489 272421
6100886998 260773
6200255065 704745
6300402124 1184118
6400274866 1266639
6500398172 1288275
6600411859 1159159
6700406860 1390359
6800400196 1134265
6900496392 1254643
7000855423 405849
7100878755 31848
7200475913 100105
7300889579 596475
7400726745 303947
7500889763 277044
7600273827 593697
7700375215 881048
7800405762 1400859
7900423650 1162486
8000293548 1270554
8100440789 1280652
8200433733 1146023
8300423188 1318733
8400883325 792426
8500838562 31260
8600398091 68096
8700932106 473983
8801063833 242729
8900918959 236297
9000929416 212424
9100306235 1005095
9200452930 1240076
9300527856 1160502
9400426931 1397551
9500454138 1159993
9600316397 1266091
9700460397 1242025
9800810616 1223386
9900882754 27573
10000671530 41617
10100959626 473048
10200948256 223352
10300941719 189939
10400761347 206653
10500339093 691933
10600456162 1189075
10700333801 1183579
10800466423 1391224
10900483284 1168388
11000444770 1403425
11100481240 1146924
11200538096 1279146
11300922959 407396
11400927592 32150
11500761148 90459
11600964785 624471
11700908748 260285
11800958347 301431
11900334435 621242
12000365974 882535
12100472672 1401941
12200484803 1158020
12300359248 1230116
12400498382 1317100
12500482866 1142680
12600473442 1319348
12700946405 798607
12800934422 31054
12900467851 67161
13000971744 545326
13100964381 295335
13200966936 270824
13300999843 274596
13400370991 1014926
13500517127 1231977
13600495254 1158950
13700481961 1394033
13800509987 1157524
13900379908 1268199
14000524322 1233805
14100966931 1184288
14200967385 26962
14300815446 45002
14401346359 457488
14501003094 247138
14600983295 249427
14700993331 231251
14800406545 684257
14900545936 1185629
15000397174 1248603
15100538419 1315867
15200535812 1163442
15300539020 1397478
15400539607 1144502
15500585547 1266507
15601003008 378842
15700983746 31829
15800601275 105675
15901032360 450380
16001029090 109909
16101025198 163937
16200403241 508025
16300428122 884220
16400548077 1411776
16500558908 1166925
16600429558 1239947
16700548316 1327129
16800555542 1154379
16900519489 1330407
17001017623 803261
17101014512 30938
17200525765 66893
17301043581 562548
17401020749 277344
17501060545 342923
17601036285 243032
17700439813 969706
17800592512 1273196
17900566913 1159605
18000551874 1393633
18100564494 1159885
18200445314 1228524
18300571864 1279874
18401042872 1197302
18501029969 26483
18600812845 43818
18701065971 460256
18801065971 245373
18901063091 272081
19001074625 296727
19100468130 686210
19200597105 1182940
19300461869 1228432
19400645030 1329358
19500590476 1158008
19600584482 1390776
19700615189 1135464
19800654660 1267210
19901005552 380141
20001322610 32512
20100650720 103975
20201092948 573791
20301050653 228798
20401106838 240778
20500497212 638767
20600491124 899213
20700598862 1412499
20800620556 1171127
20900485517 1309057
21000741712 1272352
21100635962 1157591
21200588131 1331712
21301067379 761226
21401077540 31274
21500586149 72798
21601294490 512578
21701090623 199953
21801119426 234467
21901005453 268644
22000502934 1042441
22100636618 1216787
22200635447 1157230
22300636508 1390838
22400654637 1155441
22500500025 1375327
22600640109 1119645
22701063322 1193133
22800958129 27129
22900956183 46394
23001127364 485096
23101120826 329612
23201141372 301594
23301083512 228827
23400525539 697727
23500659126 1187987
23600513856 1312643
23700660014 1243145
23800657689 1159017
23900659204 1390118
24000647204 1133798
24100717379 1247894
24201086605 394866
24301097466 31385
24400724412 112217
24501164879 513157
24601167529 217260
24701151615 221873
24800571068 586022
24900549018 892815
25000666885 1397872
25100694545 1163258
25200548348 1367627
25300686292 1185221
25400548655 1210918
25500793633 1253035
25601128742 770412
25701141130 30603
25800654103 71938
25901164060 518620
26001172710 237375
26101168697 190541
26200637867 258832
26300573901 1052245
26400699345 1228257
26500705344 1170074
26600689825 1406046
26700719119 1169974
26800576138 1391261
26900704110 1134117
27001147982 1194443
27101158016 26516
27200979323 47667
27301181823 519482
27401190403 258039
27501210248 272027
27601179122 303777
27700577416 701205
27800718657 1192898
27900580619 1351293
28000725152 1203117
28100590182 1167910
28200723582 1380968
28300730206 1133374
28400788201 1243305
28501151564 390997
28601179795 31098
28700532544 156643
28801200895 531443
28900735333 312190
29001193735 279631
29100605486 626411
29200611022 901981
29300732096 1394811
29400734917 1158637
29500727892 1393693
29600748266 1157033
29700626843 1257600
29800740255 1192094
29901198793 744390
30001176694 30925
30100847174 75924
30201229494 504610
30301233887 254784
30401235542 261271
30500636331 260751
30600636252 1065352
30700900881 1214794
30800628456 1217782
30900773618 1339811
31000778370 1159189
31100756270 1391915
31200769006 1115755
31301217293 1158208
31401234309 26566
31500717634 51317
31601252851 447388
31701250194 152263
31801208367 135171
31901257861 183100
32000641488 677058
32100720339 1205467
32200705634 1403901
32300777512 1169239
32400647213 1262177
32500789790 1304347
32600737921 1143233
32700681283 1290733
32801223829 308320
32901215313 31105
33000579280 398289
33101277948 360125
33201289667 304863
33301274874 277272
33400658184 632541
33500663911 1028597
33600810722 1270704
33700812825 1157697
33800804275 1391706
33900827160 1154159
34000795046 1377690
34100784903 1059429
34201262474 721899
34301253978 31601
34400905960 79844
34501303729 551481
34601296764 239266
34701293625 272364
34800690900 417280
34900695276 962302
35000823049 1204544
35100683435 1353882
35200839653 1204739
35300700515 1169340
35400836092 1375309
35500718096 1113585
35601284331 1134881
35701285429 28196
35801146314 54027
35900794052 498648
36001330164 244670
36101302369 240265
36201325016 262159
36300720574 726180
36400847110 1212342
36500846404 1408968
36600851578 1173995
36700713578 1324950
36800854371 1254030
36900721347 1201984
37000745244 1293252
37101313995 260462
37201290983 31127
37300652698 411000
37401347730 166934
37501343151 237669
37601347849 225404
37700729092 611248
37800736992 1036549
37900863474 1268122
38000883751 1159837
38100878777 1393773
38200876520 1155946
38300859696 1379510
38400849200 1062479
38501331440 712185
38601312605 31949
38701164367 80900
38801319006 605044
38901369861 318929
39001364413 281226
39100749688 331585
39200753871 1004458
39300894708 1203903
39400754880 1312529
39500901958 1243428
39600903279 1157307
39700974393 1386697
39800878143 1104800
39901340118 1125031
40001374044 26369
40101219130 54547
40201381546 467166
40301561244 247543
40401385388 229421
40501397264 231417
40600777197 701113
40700914172 1201096
40800911683 1394685
40900934941 1162578
41000776061 1339404
41100920698 1208110
41200797061 1217089
41300808012 1284874
41401373229 204491
41501368996 31755
41601407199 442927
41701410799 253881
41801411192 231368
41901400851 210662
42000790228 638758
42100800005 1109727
42200937043 1220019
42300937201 1171170
42400927709 1406927
42500945825 1167701
42600921598 1392574
42700922335 1068976
42801369901 744473
42901373685 32228
43001046295 79865
43101432274 545768
43201421208 275444
43301421051 262046
43400819052 419210
43500828300 972660
43600950705 1203432
43700824350 1330455
43800959465 1219714
43901065003 1161766
44001055767 1380578
44101184075 1100773
44201507743 1099013
44301677341 19223
44401285807 49673
44501458026 428429
44601454451 163524
44701453521 168784
44801416805 242708
44900867042 672016
45001072035 1195231
45101053622 1391424
45201077453 1157463
45300902060 1383894
45401092423 1159008
45500921475 1259895
45600927719 1264601
45701447695 157746
45801433981 23930
45901481627 446389
46001448155 134229
46101488488 143868
46201483806 165368
46300868438 568766
46400923660 1095965
46501089629 1205287
46600942060 1169750
46701081449 1386811
46801104048 1156814
46901050532 1383399
47000925855 1070539
47101442539 691279
47201458286 22990
47301300335 79055
47401498750 393054
47501491922 83844
47601480454 40034
47701027363 305612
47800896881 932031
47901114473 1201493
48000958544 1368553
48101119557 1197130
48200957259 1180208
48301122627 1377145
48400954329 1124833
48501478551 1114132
48601481037 20313
48701466884 49368
48801505482 489227
48901520957 187347
49001514234 229334
49101523958 170895
49200923782 685688
49301122918 1193017
49401120081 1391415
49501127834 1158174
49600971533 1352758
49701155676 1190132
49800994324 1229767
49900995700 1263689
50001515290 183662
50101488966 23456
50201489739 432257
50301532650 186103
50401540086 111656
50501540292 207813
50600955898 578093
50700997265 1048743
50801161279 1239335
50901157845 1157229
51001143301 1392038
51101156629 1153140
51201114486 1378708
51301095782 1050318
51401500875 693223
51501507993 22831
51601389484 78503
51701567182 473309
51801560922 153254
51901555016 84941
52001024312 461337
52100959416 910472
52201174439 1205144
52301011538 1386629
52401188392 1185660
52501013937 1199822
52601197183 1367077
52701020335 1142947
52801563077 1088801
52901546810 20616
53001325933 49714
53101586382 416153
53201578985 138341
53301578048 121834
53401568291 114771
53500989252 694077
53601210623 1195961
53701064504 1388164
53801117705 1154458
53901199090 1388092
54001196882 1149045
54101034756 1286370
54201042924 1259942
54301568280 122702
54401565791 23876
54501597321 448871
54601594921 229701
54701601297 217323
54801609054 205435
54900942915 534798
55001204476 1140405
55101231787 1158538
55201065591 1216664
55301227159 1329657
55401215789 1152679
55501197482 1375791
55601038012 1108696
55701582417 611112
55801593889 22995
55901422654 81125
56001934065 432133
56101612378 149317
56201615463 167021
56301082239 391918
56401080835 837359
56501246986 1188007
56601212533 1391876
56701247607 1158288
56801077375 1293301
56901253739 1244355
57001102831 1237858
57101609917 927278
57201613669 21214
57301456376 54068
57401615407 480751
57501642253 154500
57601637870 133567
57701656350 166018
57801051786 718175
57901106199 1372180
58001240918 1253797
58101268275 1170337
58201261458 1405259
58301272132 1164760
58401376789 1381713
58501243175 1233614
58601642990 39539
58701638002 23848
58801661616 439638
58901679279 222293
59001670904 255980
59101678200 242497
59201100441 658335
59301266610 1147942
59401280361 1156519
59501128131 1361978
59601280469 1184338
59701120589 1181964
59801260223 1342962
59901112975 1254275
60001654072 437747
60101645324 23078
60201478110 83182
60301680268 430037
60401698151 213197
60501682959 165189
60601114538 530161
60701098773 835959
60801127723 1193906
60901484172 1378804
61001305445 1154530
61101275256 1390115
61201313157 1146172
61301204251 1335859
61401676940 823535
61501674934 21551
61601545935 57010
61701703851 443335
61801713086 117710
61901711309 128993
62001714162 136693
62101089343 745934
62201215190 1428245
62301320510 1177009
62401156268 1186274
62501326865 1361266
62601343747 1150553
62701227138 1363639
62801763786 1231845
62901691262 40702
63001675168 24109
63101713160 439405
63201726489 102008
63301719271 61089
63401774894 67691
63501163703 625111
63601326705 1162415
63701344332 1166935
63801320835 1400959
63901340388 1166070
64001181460 1225161
64101344358 1322683
64201182342 1297779
64301709932 395435
64401708415 23230
64501523967 84127
64601747320 579740
64701739342 171475
64801739647 198901
64901133313 517835
65001217957 848620
65101257959 1241240
65201379668 1325015
65301357189 1154013
65401350389 1386618
65501371373 1142783
65601284733 1330870
65701731585 811114
65801561230 21827
65901463703 57207
66001765729 478058
66101770289 188865
66201761808 151710
66301767818 214103
66401219713 792934
66501341066 1409047
66601387308 1159825
66701214258 1257097
66801391743 1293882
66901402485 1152867
67001362650 1360269
67101774447 1206853
67201777060 19062
67301450666 26931
67401794418 464374
67501787220 134619
67601797198 133437
67701802635 152128
67801203077 674805
67901402963 1170188
68001411127 1171036
68101390323 1408605
68201419738 1173396
68301241481 1352720
68401411349 1203664
68501403642 1288368
68601787101 417774
68701782650 23527
68801606262 85328
68901815774 377168
69001810181 106691
69101594957 71017
69201201164 455627
69301224968 849148
69401266961 1256333
69501418426 1310165
69601436126 1157111
69701398960 1389794
69801424513 1145647
69901410435 1332555
70001802651 797682
70101786113 21734
70201305875 58444
70301831734 508066
70401845214 247652
70501826548 236271
70601830696 138398
70701281247 832456
70801428264 1356233
70901552171 1158384
71001302801 1307112
71101459306 1240332
71201437526 1150198
71301428597 1358171
71401800656 1199602
71501821839 16918
71601571925 29279
71701850623 431842
71801854360 140063
71901840153 163347
72001867362 146104
72101251949 586928
72201454549 1161883
72301481122 1158070
72401487225 1392280
72501486645 1155968
72601325391 1366458
72701479034 1156677
72801612236 1272050
72901883342 384002
73001845001 23328
73101666610 86812
73201868692 486456
73301868741 127251
73401874505 141419
73501301627 533224
73601294542 864545
73701321216 1330601
73801502391 1260340
73901495182 1168122
74001489911 1403174
74101492711 1156678
74201422593 1342723
74302175229 803508
74401835614 21699
74501378791 59544
74601886548 518892
74701891848 151266
74801901637 244189
74901423985 229553
75001353858 883762
75101460716 1334333
75201514398 1156202
75301357201 1322414
75401506931 1219531
75501425267 1152718
75601497921 1347728
75701810597 1208632
75801891262 19289
75901643136 29274
76001912489 456085
76101899096 158173
76201922105 172089
76301922661 159784
76401356199 648796
76501537919 1165344
76601530148 1158357
76701517310 1392554
76801537671 1155956
76901522303 1387657
77001540535 1135348
77101518442 1261731
77201904250 396660
77301906584 23486
77401782755 87969
77501921510 463742
77601932070 108491
77701934704 137155
77801335239 513988
77901350866 867819
78001382875 1391213
78101557951 1173039
78201397533 1197033
78301558225 1353613
78401567435 1146233
78501486754 1328210
78601931982 766505
78701932514 21616
78801427017 63915
78901960913 426275
79001965683 121727
79101953740 66300
79201958294 133476
79301419051 1005415
79401714379 1233324
79501580627 1166232
79601465953 1401782
79701580588 1167329
79801425763 1267745
79901552313 1256364
80002175694 1178078
80101953983 18224
80201576792 38422
80301969470 494317
80401984067 210640
80501981011 207536
80601978004 256772
80701379707 648748
80801601798 1174469
80901438565 1256164
81001594130 1292279
81101589975 1156402
81201584101 1387521
81301600599 1132193
81401603887 1246090
81502292630 387841
81601996229 23403
81701569621 99662
81801998859 471825
81901995820 174249
82001918717 179564
82101405694 539666
82201412747 863434
82301583992 1401028
82401613700 1157543
82501464092 1246692
82601645987 1299252
82701620712 1143250
82801562053 1315592
82901994927 744313
83001988171 22346
83101493413 66762
83201997754 450605
83302008282 144504
83402013164 120686
83501938227 226695
83601393854 1014213
83701659862 1225587
83801645040 1161535
83901615889 1396537
84001640809 1160485
84101490302 1315306
84201626119 1202982
84302041789 1195781
84402013239 20199
84501758400 38049
84602054890 409020
84702039573 66142
84802040593 27385
84902045243 83416
85001448365 642330
85101663844 1170835
85201501692 1181233
85301658962 1376579
85401678455 1159908
85501646764 1392593
85601751014 1139604
85701649805 1260775
85802045885 373291
85902037462 23410
86001729256 93104
86102076096 539544
86202057918 168548
86302077270 231949
86401475891 477832
86501478415 870338
86601666732 1400214
86701679766 1156454
86801520871 1231588
86901676796 1310697
87001694176 1142355
87101641320 1313553
87202047647 747751
87302067779 22594
87401563209 66037
87502088303 452432
87602093803 138997
87702092528 183677
87801990371 148037
87901496421 1030750
88001698362 1214727
88101697437 1158225
88201673342 1393962
88301710167 1156913
88401551195 1323427
88501696627 1177659
88602069451 1183932
88702079592 19826
88801930206 38967
88902095409 319832
89002113128 959
89101508070 192624
89202068563 237790
89302066444 18165
89401738436 540677
89501742390 12812
89601772732 318699
89701774472 318698
89801759784 27165
89901755495 319139
90001776813 330182
90101770535 26969
90201776368 318304
90301782550 319160
90401780567 26724
90501775146 319186
90601786961 327918
90701783459 26535
90801793453 318512
90901766844 319097
91001764672 26763
91101780189 326680
91201786451 321519
91301800833 26185
91401799525 318129
91501799316 318832
91601782480 26124
91701792066 327733
91801804466 320738
91901798238 25677
92001802153 316819
92101799937 321099
92201773545 25205
92301787163 326814
92401988937 321410
92501887283 25316
92601809155 317118
92701727449 329401
92801813040 24388
92901814201 320963
93001454629 261771
93101820850 83592
93201815460 316447
93301434091 239903
93401817166 117555
93501816511 318874
93601435338 167321
93701835783 177749
93801819235 317347
93901444319 131755
94001819508 224855
94101833101 319097
94201650593 67338
94301832096 280614
94401845552 323987
94501626989 46069
94601841615 304658
94701838067 319390
94801739205 27312
94901837172 317320
95001849560 329842
95101834453 27181
95201849316 318438
95301856332 318458
95401839561 27027
95501816024 317214
95601862952 330085
95701853495 26742
95801862314 318363
95901853548 318688
96001873234 26574
96101870021 321638
96201866987 326204
96301857284 26419
96401868234 318602
96501859045 319591
96602023389 26740
96701871693 328759
96801865779 320074
96901869255 26177
97001876822 316664
97101867469 319318
97201856105 25769
97301886503 328116
97401889014 322900
97501867025 25719
97601880698 317702
97701892130 323342
97801888323 24700
97901894142 326235
98001814684 320828
98101885206 25419
98201882725 317146
98301533961 300116
98401889125 56059
98501899948 318778
98601513605 221261
98701905043 125884
98801853799 315780
98902029338 597124
99002201862 942804
99102225146 691720
99202234518 687812
99302223819 709683
99402074324 715604
99501594780 1087070
99601609663 1176732
99701660118 1699191
99801703325 1552575
99901714037 1824715
100001605545 1654602
100101705407 1620886
100201759907 1823113
100301614729 1585900
100401707563 1675461
100501708383 1788826
100601634411 1495623
100702200113 1051594
100802204119 38855
100902050287 75992
101002288077 754732
101102220657 734099
101202100841 697846
101302378961 687251
101402110295 651925
101501601342 993970
101601690349 704782
101701737641 1781848
101801632332 1653667
101901734216 1633738
102001736476 1829796
102101640573 1591268
102201741386 1695536
102301836354 1828832
102401643418 1520093
102501744472 1741101
102601737038 1759063
102701872592 1536035
102802235554 52961
102902245652 39364
103001870881 129086
103102315479 1109445
103202302197 646311
103302288736 659198
103402298667 680875
103502317200 674993
103601704052 1062939
103701709121 1262048
103801758782 1813872
103901656973 1755881
104001793093 1522772
104101761152 1824155
104201671571 1689879
104301768902 1585915
104401773901 1820162
104501674813 1614995
104601775947 1596519
104701815623 1627510
104802261385 699733
104902267524 39059
105001945832 95694
105102336843 928460
105202305925 711905
105302306083 724269
105402341159 661852
105502316050 696343
105601742771 1091274
105701733630 1126535
105801787386 1423504
105901792606 1829680
106001690900 1794654
106101795488 1489909
106201801272 1828261
106301698663 1729296
106401799604 1551000
106501803794 1821546
106601712664 1650727
106701804371 1487268
106802296228 1346770
106902289844 38536
107002036235 63965
107102348773 696909
107202365748 666040
107302348993 647036
107402338984 636826
107502344530 642262
107601751173 607109
107701772678 1098262
107801822211 1721763
107901821779 1453007
108001833189 1824274
108101724964 1818451
108201833132 1457401
108301834384 1822562
108401730982 1749219
108501826731 1516803
108601831301 1805519
108701748877 1659929
108801754195 1542911
108902277566 306399
109002321694 39315
109102187442 108510
109202384997 1055941
109302402749 727289
109402381976 716634
109502370531 704300
109602389382 672560
109701785920 1099889
109801796489 1218448
109901847438 1809074
110001813908 1455971
110101852631 1829792
110201849682 1829262
110301866880 1455810
110401859510 1828067
110501858636 1826096
110601857055 1443382
110701857265 1791309
110801862203 1694797
110902367408 733623
111002372676 38794
111102034561 85120
111202395070 840508
111302412966 715826
111402432912 690037
111502385532 636349
111602416612 659045
111701813441 1060170
111801824765 1090612
111901885316 1421556
112001881926 1827431
112101787003 1528404
112201884673 1757227
112301883496 1827633
112401805850 1463220
112501850039 1818173
112601894250 1820536
112701889469 1430286
112801906223 1731095
112902384324 1432104
113002391820 36913
113102189505 53139
113202406007 632804
113302441006 689666
113402425315 671909
113502450851 693780
113602446440 688614
113702360002 679483
113801852096 1077912
113901814215 1519733
114001908857 1629430
114101917865 1822699
114201813792 1581850
114301920574 1696099
114401923492 1823606
114501815100 1514230
114601925608 1756508
114701915561 1808699
114801836495 1416834
114901856958 1554987
115002418503 557455
115102423162 38787
115202286528 111240
115302469455 1016643
115402474760 722737
115502424562 712569
115602475069 641146
115702488679 674808
115801866870 1081016
115901881690 1196322
116001815794 1794431
116101945112 1469085
116201940939 1828811
116301848612 1754489
116402022115 1531010
116501907224 1825922
116601827256 1685733
116701963692 1584035
116801957117 1793853
116901875470 1583970
117002461648 887975
117102481797 38729
117202026187 79479
117302512175 806470
117402488359 657793
117502506149 620978
117602498235 698136
117702519683 637652
117801917275 1067220
117901866897 948898
118001973254 1525615
118101967744 1821379
118201968633 1452706
118301977762 1823327
118401977527 1821491
118501980736 1450605
118601986257 1820250
118701887548 1815889
118801978438 1425112
118901972699 1736121
119002404891 1478230
119102502484 38276
119202281927 42423
119301850289 451318
119402555226 889775
119502526078 717867
119602543266 714008
119702562040 673978
119802540028 680429
119901953841 1068934
120001902718 1321563
120101997593 1804245
120202015140 1828422
120302009249 1457260
120402004538 1831689
120502007293 1827651
120602002701 1454984
120702012533 1824367
120802007335 1815939
120902019306 1400895
121002066454 1580644
121102504382 619695
121202495007 39399
121302387502 105559
121402550997 971278
121502546485 617070
121602533744 673736
121702585775 643466
121802575704 637002
121901982420 1070801
122001983210 1163535
122101928700 1622290
122202038790 1628370
122302049096 1823115
122401937481 1582009
122502038904 1693855
122602044652 1821034
122701940739 1512721
122802048596 1748787
122902038832 1794650
123001970822 1416944
123102547472 1129949
123202525434 39235
123302361983 75056
123402609858 788278
123502590538 693593
123602593087 682321
123702604334 729396
123802582401 680533
123901964529 1133278
124002010669 654303
124102068282 1786600
124201964780 1684844
124302071741 1600673
124402067930 1829996
124501973221 1622001
124602063590 1663162
124702075143 1826711
124802034496 1554932
124902071363 1705164
125002062710 1753857
125102679497 1538306
125202550257 61499
125302568722 39452
125402199746 125274
125502614421 1161640
125602634946 682808
125702603004 673032
125802587402 665759
125902652090 635889
126002097387 1083310
126102036753 1266583
126202086770 1817931
126301995336 1759519
126402099115 1529925
126502098215 1830531
126602062590 1697455
126702175905 1588710
126802103288 1825254
126902009149 1621453
127002164093 1605389
127102164741 1634640
127202610516 708755
127302598537 39096
127402275604 95716
127502581559 898738
127602661840 657308
127702652752 674769
127802654317 681752
127902668113 722630
128002051023 1075024
128102141535 1127189
128202123736 1420060
128302126611 1823626
128402130125 1823991
128502135286 1453740
128602133273 1824334
128702032914 1788940
128802129218 1483024
128902140566 1815996
129002045373 1708499
129102148257 1416158
129202653140 1306686
129302631939 38121
129402448527 66829
129502710733 720432
129602689201 705391
129702697735 734685
129802668929 661884
129902683330 685877
130002049343 833905
130102065567 901855
130202154369 1764896
130302054427 1522476
130402159382 1763040
130502162758 1828385
130602071525 1459674
130702163747 1823936
130802162739 1825929
130902161897 1449318
131002158991 1808168
131102150634 1765234
131202303174 1553933
131302675156 101223
131402647330 39168
131502532859 113726
131602708730 1097437
131702660844 598826
131802710418 660125
131902725339 652708
132002729220 652031
132102121098 1087098
132202129681 1230250
132302189813 1807483
132402115132 1475731
132502187176 1800459
132602196902 1822472
132702195936 1451307
132802195847 1822016
132902184552 1818284
133002200036 1439744
133102193877 1781330
133202242162 1674897
133302698786 743176
133402724220 39329
133502347421 85559
133602747891 879066
133702740748 710201
133802740231 709551
133902742518 705748
134002756812 710855
134102149325 1084070
134202159870 1084403
134302219711 1422098
134402210408 1828088
134502116904 1524504
134602223100 1762195
134702216867 1828958
134802132351 1459260
134902219654 1823503
135002223370 1822258
135102225273 1430841
135202236319 1727390
135302724854 1399879
135402725186 37467
135502504546 55418
135602723602 662703
135702772193 699099
135802956339 636320
135902778933 665597
136002735528 621610
136102187238 598358
136202152390 1104055
136302149555 1705822
136402248471 1469198
136502251879 1828640
136602153132 1752367
136702250875 1531771
136802247189 1827730
136902156712 1686042
137002257221 1590492
137102255544 1812047
137202168392 1591654
137302186658 1551229
137402754095 385574
137502769416 39354
137602619938 107574
137702821928 1002105
137802799818 687480
137902808314 694688
138002795102 696356
138102813514 720642
138202233416 1058858
138302221529 1198645
138402285866 1801553
138502280460 1452238
138602287226 1823371
138702178994 1794313
138802285890 1478841
138902286236 1822368
139002190259 1727207
139102284228 1532819
139202290410 1787060
139302211316 1623310
139402796968 824242
139502758784 38676
139602466275 82249
139702817959 808114
139802862969 742975
139902853000 698809
140002875109 665418
140102839840 678936
140202237812 1048834
140302204239 888581
140402309424 1576975
140502303871 1826661
140602309879 1456000
140702304983 1828191
140802320353 1828406
140902314024 1454671
141002314873 1825411
141102215973 1785122
141202307684 1469769
141302317018 1740833
141402655620 1501218
141502807623 38140
141602827218 39787
141702180413 307538
141803215001 974085
141902887976 651588
142002826045 653373
142102873063 675522
142202875260 675071
142302258599 1060332
142402245990 1309992
142502333955 1809043
142602337796 1823295
142702342333 1453843
142802346021 1824014
142902341688 1822958
143002340054 1450824
143102350025 1818216
143202341996 1809042
143302387436 1395173
143402407433 1583712
143502835842 669172
143602852745 38706
143702711587 104407
143802924591 945667
143902908721 734755
144002901120 724513
144102894176 658772
144202890506 682084
144302302421 1104004
144402318488 1155679
144502265306 1482563
144602375283 1776690
144702362031 1828762
144802233851 1455777
144902376236 1830409
145002379916 1827022
145102374451 1453616
145202375866 1819845
145302368772 1800527
145402377953 1319159
145502850744 1248468
145602882144 38660
145702684171 73286
145802925801 753539
145902918055 666580
146002925604 659529
146102955122 644231
146202959237 667909
146302303655 1023876
146402352785 709172
146502393955 1775123
146602299505 1649050
146702401184 1627821
146802400763 1823516
146902308579 1583313
147002401486 1693692
147102410639 1819604
147202308855 1513142
147302405209 1737578
147402410133 1754572
147502560187 1530372
147602902530 53256
147702895898 38911
147802530358 129048
147902959978 1148554
148002956676 726582
148102929127 699602
148202962556 702311
148302956761 699323
148402373822 1075945
148502373737 1271807
148602424499 1820203
148702327259 1825614
148802428755 1460529
148902437467 1829982
149002330580 1760444
149102439533 1523779
149202438673 1825890
149302340888 1687027
149402432689 1535516
149502490311 1618196
149602930970 700627
149702509060 39685
149802529291 97321
149902808267 908123
150002821876 708500
150102980441 696211
150203017355 633793
150303015788 660538
150402430772 1057972
150502405123 1125566
150602459257 1423930
150702462850 1827331
150802361558 1806104
150902460324 1479623
151002477220 1828178
151102372205 1740418
151202425073 1540956
151302465234 1821088
151402464066 1665579
151502481919 1477924
151602963502 1371607
151702955022 37844
151802770355 61955
151902993646 686725
152002991744 679755
152103012659 680043
152203023562 690280
152303028116 696695
152402426049 657584
152502444280 1096418
152602480613 1730935
152702489920 1452436
152802496646 1826459
152902491894 1823438
153002498331 1452921
153102505862 1824074
153202399026 1821015
153302497089 1447434
153402502684 1806505
153502409654 1720622
153602431625 1531207
153703018465 212773
153803022260 39194
153902868764 110304
154003018016 1067554
154103063839 726243
154203073771 696619
154303053209 672674
154403031275 637129
154502483387 1086540
154602465458 1230700
154702520945 1810666
154802483770 1459966
154902518727 1825767
155002528878 1828166
155102528257 1456213
155202531632 1826239
155302532912 1824377
155402533388 1443750
155502532837 1788711
155602590244 1683694
155703046179 754470
155803035602 39199
155902706394 84472
156003088861 836668
156103070792 655917
156203093614 627892
156303069132 689845
156403096879 639377
156502485244 1059466
156602511204 1085087
156702547583 1418348
156802554922 1822771
156902450870 1517936
157002552514 1762443
157102549727 1823187
157202528063 1453411
157302504887 1820200
157402561255 1816603
157502554341 1425458
157602564770 1727811
157703037671 1442910
157803085603 38016
157902827795 50195
158003092883 637065
158103114920 732934
158203120765 717744
158303123788 682049
158403100143 677585
158503035245 671793
158602535460 1079382
158702477957 1503643
158802583325 1646095
158902585435 1829483
159002483348 1578519
159102584114 1707646
159202590065 1828114
159302488471 1511157
159402594978 1768159
159502591649 1814702
159602508277 1419740
159702516121 1567103
159803083604 596682
159903097639 38995
160002968457 105690
160103143351 993058
160203149712 615588
160303134900 672324
160403135303 602766
160503045263 645849
160602556576 1058234
160702556129 1177747
160802509694 1713084
160902607131 1541584
161002607183 1825595
161102519592 1671967
161202616665 1605220
161302613851 1821490
161402517077 1601815
161502614090 1660799
161602627204 1791638
161702547450 1513919
161803108315 999161
161903105061 39330
162002938229 78486
162103109841 796413
162203200517 685344
162303176287 684701
162403182402 717060
162503167204 710960
162602569533 1106801
162702537851 786600
162802643995 1676625
162902539827 1813679
163002645787 1472059
163102671377 1830065
163202550701 1751854
163302651532 1532809
163402648007 1827715
163502550998 1682035
163602656557 1573407
163702514303 1745951
163803098357 1502917
163903162929 34778
164003144738 39491
164102516733 284375
164203182773 1034662
164303195042 678006
164403204354 681444
164503222207 652595
164603193927 639724
164702621170 1061907
164802581375 1314443
164902672560 1807774
165002671875 1828005
165102661288 1456748
165202682208 1829631
165302667586 1827870
165402673060 1455382
165502779106 1825070
165602635476 1814644
165702686874 1400741
165802726896 1582333
165903191457 617883
166003156011 39551
166103050721 104385
166203246061 975129
166303223382 625630
166403237582 651808
166503229295 696075
166603258445 711149
166702602465 1048566
166802722194 1176214
166902601308 1642528
167002718465 1609310
167102704633 1824288
167202609726 1601977
167302710154 1674554
167402709871 1822516
167502608024 1533722
167602706285 1728739
167702718820 1789077
167802632581 1445335
167903198165 1104476
168003208521 38853
168103022823 75248
168203252388 784696
168303264056 710957
168403267738 746349
168503270052 648412
168603269886 710607
168702655308 1061345
168802620247 733564
168902733909 1715746
169002639216 1783397
169102738770 1503489
169202743478 1829699
169302636721 1721788
169402738171 1564438
169502741537 1827059
169602638830 1650237
169702693478 1608156
169802746809 1748710
169903088597 1512663
170003222430 37838
170103227249 39288
170202582351 179254
170303337277 1097838
170403276998 620383
170503302333 660759
170603315667 647307
170703307599 646738
170802721338 1064925
170902712491 1283436
171002761127 1818064
171102716456 1824262
171202717742 1454963
171302721702 1825969
171402786091 1825992
171502766312 1452702
171602773815 1820304
171702676241 1787390
171802778654 1424847
171902851736 1601051
172003265956 677940
172103273172 39027
172202966907 105013
172303335252 944568
172402865765 738093
172503313190 712168
172603325477 688125
172703331985 707778
172802724958 1090384
172902739016 1147954
173002701824 1436881
173102790757 1819304
173202797342 1829046
173302798203 1456851
173402798357 1831095
173502802941 1827612
173602802360 1452713
173702796974 1820998
173802795453 1803406
173902802644 1321824
174003473085 1301284
174103305449 39022
174203130151 69137
174303357938 727679
174403371106 700983
174503308803 662256
174603362697 672220
174703336340 615620
174802729557 774269
174902772557 933126
175002823431 1753144
175102732511 1468555
175202832814 1817386
175302826712 1827397
175402826222 1456871
175502823951 1827240
175602825752 1826098
175702835126 1450208
175802852148 1809023
175902828671 1767636
176002964269 1558175
176103536718 113902
176203318397 39150
176303183023 111358
176403388165 1051418
176503278975 656089
176603401060 709348
176703377492 691804
176803383697 702163
176902784619 1097580
177002799819 1210346
177102847407 1803255
177202863766 1453554
177302851337 1824487
177402863197 1824151
177502861253 1451538
177602870250 1823662
177702769963 1777607
177802867280 1482753
177902869596 1785415
178002789193 1684733
178103382111 766966
178203373524 39234
178303040336 82138
178403434394 820737
178503426891 725058
178603408546 705872
178703443547 653622
178803418905 685541
178902827502 1053287
179002786362 1062539
179102887414 1426370
179202886929 1826918
179302890802 1457232
179402886812 1828921
179502896450 1827599
179602891566 1455344
179702987457 1826676
179802891388 1820287
179902892174 1431883
180002894218 1731434
180103411241 1424208
180203392001 36124
180303200211 52803
180403389328 631345
180503451463 685132
180603431336 647671
180703459507 686972
180803437891 662098
180903345068 701975
181002861191 1079728
181102821347 1469157
181202922173 1662300
181302909992 1822491
181402822494 1543814
181502919850 1731033
181602919888 1821327
181702834069 1477853
181802927137 1793346
181902925802 1807577
182002928471 1391967
182102983343 1553654
182203240078 621369
182303447100 38717
182403278699 105776
182503350666 1002250
182603467126 728121
182703510032 696780
182803472120 660020
182903487935 675841
183002896165 1088496
183102897403 1181836
183202848982 1699474
183302948388 1562579
183402958229 1830002
183502860364 1661921
183602954538 1624683
183702958762 1827802
183802861496 1592424
183902949396 1679212
184002959186 1796313
184102880819 1500891
184203433576 1044368
184303428680 38620
184403273411 76846
184503506794 769024
184603502236 674918
184703510680 660585
184803512640 643837
184903498468 649145
185002914471 1076288
185102878538 795776
185202975476 1660263
185302878544 1823516
185402981874 1454745
185502989531 1824645
185602881399 1757603
185702987641 1518532
185802985302 1824025
185902891198 1687716
186002991841 1560026
186102990393 1743233
186203237274 1517028
186303498550 41476
186403421577 39430
186502874594 148222
186603526246 1154883
186703529445 710813
186803562772 688579
186903542251 705916
187003551914 727777
187102937224 1071997
187202955134 1281191
187303008064 1821789
187402994625 1829179
187503014089 1457572
187603006329 1830430
187703081628 1830148
187803017506 1453160
187903012619 1825239
188002916630 1759665
188103021975 1460188
188203067634 1610714
188303518488 682675
188403521716 39542
188502959899 100008
188603606548 869454
188703536359 682313
188803577943 644207
188903575979 636112
189002988999 932845
189102985029 957409
189203173958 1262578
189303066591 1558209
189403068739 1559517
189503069668 1559251
189603069189 1560584
189702955528 1264788
189803061448 1538237
189903057900 1534973
190003061300 1439408
190103607598 1039454
190203577782 29201
190303393350 71995
190403227717 556074
190503240407 548758
190603232348 35796
190703244320 563413
190802872548 109139
190903232164 482967
191003243758 564337
191103258209 36585
191203249165 556663
191302878467 430026
191403243287 170270
191503246391 563340
191603244126 37149
191703247350 555245
191803250134 565079
191903268407 35790
192003256862 553850
192103103649 104605
192203262110 495752
192303261711 560545
192403245671 36510
192503478641 559200
192602914027 414901
192703271547 186443
192803254801 555387
192903261478 37380
193003273548 562982
193103271338 556074
193203273400 35614
193303279147 562963
193403114248 101071
193503271318 499940
193603277169 556205
193703285755 36613
193803280405 562317
193902917686 404711
194003292635 188539
194103281419 563383
194203279572 37111
194303278746 556132
194403286854 564018
194503256076 35438
194603469791 562629
194703137263 87809
194803297149 505813
194903300331 564080
195003313550 36447
195103304331 554924
195202934028 371573
195303286227 228637
195403305036 561174
195503312119 36974
195603303478 557233
195703298341 565617
195803316229 35632
195903280785 556060
196003165622 77809
196103308190 522752
196203326491 555812
196303322486 36307
196403321794 562578
196502953695 337725
196603326748 263822
196703336202 555463
196803332136 37071
196903336704 562868
197003246421 556885
197103237984 35281
197203339657 562197
197303177302 75165
197403322875 518843
197503395946 561420
197603394670 30154
197703009549 1026744
197803708094 1183419
197903725198 752075
198003747459 751214
198103701011 716563
198203719899 793493
198303735140 769868
198403114385 1352554
198503112463 718615
198603142530 1595076
198703263342 2397208
198803185964 1941438
198903075400 2176603
199003198545 2182778
199103201871 1939923
199203190813 2419928
199303200463 1940479
199403085023 2085770
199503185958 2254319
199603193577 1907286
199703190876 2355729
199803201301 1691306
199903673621 1229672
200003703320 77601
200103552601 92828
200203040485 452269
200303747659 1132618
200403751428 777711
200503739364 781901
200603756329 757576
200703876009 752201
200803756031 818265
200903190058 1348320
201003112414 725402
201103164758 1609740
201203208360 2414633
201303271119 1948367
201403114312 2288509
201503213311 2081386
201603223575 1945086
201703275223 2427135
201803217829 1942901
201903120923 2199992
202003236628 2150920
202103237553 1908069
202203220312 2357619
202303235827 1687321
202403738647 1179748
202503672699 78641
202603672048 99743
202703076277 791550
202803785555 869389
202903777649 746817
203003786459 858758
203103786274 820209
203203801322 778697
203303811576 820000
203403224253 1374064
203503082769 725491
203603144342 1907865
203703262333 2185733
203803260310 1945301
203903248321 2426743
204003254976 1946957
204103148655 2099710
204203269043 2271419
204303267094 1942818
204403265704 2421554
204503264779 1930066
204603160026 1987479
204703254043 2262438
204803258089 1662051
204903714155 1079628
205003714747 78500
205103651552 107227
205203822389 876563
205303772842 861999
205403813589 763210
205503715660 839883
205603831634 832400
205703798305 815269
205803832600 789582
205903247061 1365186
206003181148 970451
206103176936 1925452
206203289459 1986859
206303294068 1946721
206403294028 2426446
206503306159 1947067
206603194935 2300308
206703302205 2071808
206803298012 1943913
206903312087 2420952
207003296686 1929542
207103200715 2189502
207203302617 2046186
207303310727 1644598
207403798695 1036721
207503782465 78313
207603692255 110402
207703854526 909088
207803863397 822405
207903797485 872197
208003889735 871551
208103859171 839714
208203875213 872967
208303821418 788647
208403286717 1346819
208503217469 1248934
208603322616 1733953
208703323617 1947011
208803220935 2161272
208903331202 2213976
209003330299 1946171
209103339767 2427617
209203338340 1945924
209303229587 2074205
209403334106 2291463
209503340326 1926362
209603343128 2394902
209703315802 1833763
209803256428 1823607
209903811644 728922
210003798725 77662
210103264759 116890
210203885566 985163
210303891515 809765
210403880728 869151
210503897297 826527
210603891286 853534
210703898696 859930
210803919872 784025
210903310344 1317552
211003323209 1356982
211103365641 1705810
211203314392 1943960
211303417001 2427898
211403367836 1946568
211503260516 2018109
211603364266 2351927
211703371980 1943032
211803266887 2397217
211903370274 1963066
212003381414 1924286
212103393073 2383236
212203382198 1818121
212303355311 2140342
212403803580 324720
212503823334 77696
212603481129 121060
212703928119 1017872
212803454705 779117
212903939997 918951
213003937729 829464
213103931326 815080
213203793454 870259
213303921196 848229
213403343531 1276782
213503367784 1381363
213603452340 1716274
213703402185 1942903
213803397762 2426577
213903402708 1947969
214003304873 2139029
214103410374 2235041
214203410516 1945068
214303405599 2424430
214403408779 1939960
214503308290 2034849
214603407463 2274356
214703397107 1815991
214803514951 2112554
214903889114 256832
215003832781 77454
215103601752 127669
215203985152 1030322
215304267747 834608
215403962909 805758
215504103345 797724
215603965880 779845
215703967182 809410
215803978352 738027
215903399544 1319099
216003400074 1405340
216103436165 1746653
216203331087 1998905
216303438606 2375231
216403448653 1947695
216503339373 2383338
216603443609 1994142
216703451644 1946211
216803508212 2425856
216903447442 1936763
217003347226 2279428
217103462227 2023214
217203426049 1804429
217303585063 2038084
217403919898 262432
217503879391 77560
217603824137 128177
217704013995 1123818
217803978603 821619
217903999398 775379
218004013169 743585
218104012416 770710
218204025470 823668
218303401295 687635
218403427387 1357000
218503439464 1453862
218603472757 1786373
218703371714 2356168
218803480701 2014341
218903482028 1945297
219003484264 2424651
219103481005 1944814
219203379104 2271222
219303487902 2094851
219403488113 1934901
219503495025 2404975
219603485700 1886867
219703398853 2096839
219803546191 1649956
219904287022 197098
220003960522 76479
220103851093 128868
220204066588 1205698
220304065249 799243
220404058742 727370
220504056460 736538
220604067936 766695
220703995655 785768
220803426963 731248
220903364164 1364012
221003471128 1467436
221103515266 1805358
221203508506 2422501
221303511348 1945153
221403405999 2063830
221503512437 2302474
221603511796 1941318
221703537391 2424607
221803526819 1938764
221903413708 1968678
222003534461 2362367
222103526511 1883100
222203436652 2270730
222303583703 1463904
222404020189 141926
222503993425 77289
222604123400 128695
222704091965 1257698
222803620527 800720
222904069272 789249
223004035247 770929
223104228004 776452
223204067408 781268
223303443787 963576
223403497740 1133400
223503514720 1504780
223603558218 1836324
223703551717 2424485
223803562081 1945976
223903443631 2308538
224003558261 2060890
224103560135 1944283
224203558839 2424065
224303554564 1940851
224403456724 2216691
224503574783 2115841
224603564741 1876024
224703563182 2273030
224803753186 1427025
224903894492 83728
225004021748 78444
225103934628 129251
225204075135 1358120
225304093105 819757
225404121411 778608
225504120688 826839
225604137999 793577
225704112414 836498
225803480486 1047925
225903568536 1024069
226003553574 1514298
226103478222 1904542
226203586743 2366385
226303582017 1945855
226403486056 2388465
226503592381 1985576
226603588793 1945472
226703595542 2426044
226803602352 1941611
226903491079 2292752
227003602574 2041654
227103603074 1876400
227203604886 2267235
227303948852 1399221
227404044796 80142
227504056730 77505
227603969246 128886
227704160645 1375197
227804150535 781261
227904158402 833426
228004164492 820779
228104176098 855604
228204145561 765542
228303584763 1390472
228403555471 723414
228503589385 1558376
228603511845 2301505
228703628189 2014484
228803632251 1946290
228903632912 2426227
229003629486 1946638
229103503218 2274977
229203630553 2096175
229303627133 1939859
229403700090 2417552
229503680784 1914970
229603564551 2144164
229703639211 1942681
229804107069 1308885
229904126060 78919
230003922209 84453
230103768244 148508
230204169984 1418705
230304196076 821366
230404250219 890585
230504194831 849134
230604210036 865706
230704226236 844882
230803642840 1338672
230903581747 726600
231003625577 1587424
231103649662 2391151
231203526913 1945555
231303559902 2099624
231403668849 2274702
231503672394 1945118
231603678646 2426296
231703678757 1944026
231803563803 2007372
231903673362 2347140
232003679792 1911626
232103574264 2346219
232203680731 1721400
232304164297 1237065
232404156161 78056
232504056547 93506
232603519392 458156
232704215980 1128869
232804167537 841396
232904238243 849924
233004252763 815236
233104222062 853797
233204422432 789967
233303647237 1357217
233403644803 718055
233503590826 1635146
233603705751 2406275
233703703627 1946409
233803590372 2346575
233903709280 2029164
234003706561 1946015
234103704640 2426363
234203708213 1944874
234303605734 2256044
234403711386 2096897
234503713731 1909838
234603707374 2351272
234703715635 1677611
234804209609 1172846
234904169221 77621
235004008715 98589
235104229939 815036
235204262266 789256
235304269003 859469
235404286217 824183
235504312184 836563
235604095196 891312
235704275752 824826
235803718911 1318650
235903709208 719741
236003625009 1853607
236103739532 2229091
236203735455 1945105
236303746835 2425482
236403739745 1946018
236503630603 2057830
236603749185 2312596
236703746900 1941774
236803753062 2422888
236903748920 1927678
237003648176 1943953
237103740781 2306996
237203768549 1662638
237304204998 1071499
237404232060 77918
237504127727 107871
237604313456 877334
237704251967 768457
237804296264 846060
237904327566 774460
238004304452 767608
238104311774 806652
238204257565 799859
238303713745 1279840
238403664321 1028577
238503822325 1915255
238603768839 1944278
238703665730 1978454
238803762519 2397599
238903774311 1945845
239003674726 2359847
239103781289 2015019
239203768157 1943701
239303790071 2422298
239403787084 1929056
239503691288 2247347
239603785218 1987439
239703697574 1654276
239804285016 1014761
239904261912 77315
240004424021 111399
240104327648 920538
240204281490 772108
240304505352 795934
240404335906 722558
240504351504 758488
240604372834 818153
240704353099 735706
240803727304 1339904
240903701163 1226052
241003814410 1747869
241103804308 1941376
241203702193 2131277
241303822871 2231970
241403813779 1941130
241503828065 2421359
241603822236 1941349
241703710058 2042117
241803816129 2311880
241903816022 1925226
242003829729 2391434
242103818984 1830088
242203736001 1802530
242304314233 788186
242404305129 77024
242503934643 115402
242604360073 937398
242704379292 824356
242804381962 713781
242904379587 791082
243004387291 724587
243104376599 763874
243204408807 801318
243303775718 1319218
243403803834 1336830
243503849862 1680405
243603862718 1944933
243703746656 2275211
243803859270 2095605
243903843071 1943520
244003862812 2425552
244103721218 1942222
244203747761 2187968
244303856254 2172502
244403857128 1924946
244503860818 2389692
244603847924 1833113
244703775973 1937101
244804337654 596798
244904340763 77176
245003967598 118277
245104228727 990124
245204413699 841866
245304408375 762127
245404423703 818776
245504436585 694474
245604420327 785148
245704409671 823759
245803842679 1316800
245903844873 1368378
246003748968 1709746
246103888515 1945369
246203874794 2426624
246303893992 1947450
246403785824 2097811
246503901004 2273904
246603891649 1942520
246703901001 2423534
246803891481 1936353
246903791561 1995478
247003895673 2309505
247103899535 1818770
247203986177 2122526
247304394678 316261
247404329314 77448
247504017062 123304
247604458770 1047497
247704458977 837262
247804359661 792753
247904448636 810283
248004463038 824669
248104464262 845527
248204411024 770885
248303879494 1303384
248403882645 1391548
248503928939 1725341
248603924712 1944765
248703933645 2427625
248803928436 1945774
248903819870 2208193
249003928386 2162902
249103926650 1943529
249203930725 2424694
249303943415 1936863
249403826647 2105483
249503939442 2198594
249603911895 1814989
249704040027 2091274
249804373348 252599
249904382881 77605
250004125067 128389
250104473176 1119909
250204504729 841997
250304497960 805846
250404496257 849612
250504491489 847717
250604650309 862729
250704490676 780100
250803886996 1327439
250903908080 1386230
251003958705 1731523
251103953919 1943751
251203968808 2426724
251303962384 1946082
251403860821 2269766
251503974243 2102512
251603960780 1943100
251703973678 2423634
251804027768 1938283
251903864207 2163104
252003978899 2137682
252103966547 1810066
252204087019 2073408
252304483677 262712
252404435822 76879
252504349456 131791
252604506856 1100842
252704536474 842002
252804498764 863938
252904481794 839520
253004544048 857384
253104538302 821193
253204414421 772291
253303912174 1326897
253403957355 1428413
253503995286 1770490
253603890621 2211546
253704011225 2158337
253803999892 1945060
253904000369 2426758
254004012109 1946655
254103896957 2127209
254204009545 2239778
254304004851 1934636
254404015059 2408156
254504011933 1887411
254603922408 1960296
254704143206 1812293
254804497802 232186
254904484031 76736
255004369780 128496
255104617223 1175101
255204554828 825822
255304564950 869075
255404570006 816563
255504553595 878239
255604556934 857717
255703950755 763978
255803987881 1351218
255903998275 1471127
256004038034 1807403
256104036980 2424955
256204035948 1947223
256303935234 2053532
256404039235 2318646
256504047154 1945462
256604059111 2428871
256704043725 1940632
256803936261 1959511
256904055920 2380564
257003911805 1880502
257103951073 2258811
257204102629 1480153
257304521966 121152
257404502544 77428
257504422225 128643
257604584676 1235640
257704608013 839229
257804596438 849273
257904602937 823644
258004607121 876065
258104612030 867787
258203962343 1127396
258304034589 971312
258404027582 1525138
258503953257 1948864
258604060698 2327421
258704077780 1945649
258803970404 2428609
258904080532 1946004
259003967917 1961501
259104080638 2410115
259204084485 1939726
259303989927 2333380
259404095326 2002691
259504092308 1877888
259604098399 2259552
259704453192 1393591
259804563218 79294
259904543921 78347
260004445962 128074
260104640411 1283097
260204645799 869700
260304641903 794459
260404638315 750527
260504631701 802762
260604604446 798147
260704040099 1302739
260804058572 733524
260904061328 1560387
261004001791 2270965
261104113733 2037406
261204113546 1944662
261304069324 2427646
261404109657 1943648
261504011017 2248942
261604120404 2118373
261704120437 1938462
261804083927 2415052
261904143089 1914850
262004019911 2118779
262104131362 1971853
262204559912 1308226
262304599988 78264
262404421616 84455
262504244712 147339
262604689265 1346419
262704670205 817945
262804696019 747337
262904693685 716527
263004690341 791397
263104689059 784530
263204102843 1329694
263304087462 716670
263404101998 1597104
263504153317 2396902
263604157675 1941287
263704044974 2178248
263804162932 2181898
263904154968 1939185
264004154257 2419972
264104162857 1939535
264204056520 2088436
264304162407 2257394
264404167980 1908722
264504156263 2356744
264604180806 1690973
264704633349 1205976
264804641695 77626
264904402090 95779
265004008075 620381
265104731247 969263
265204725835 747790
265304732240 778075
265404723683 698459
265504720181 779949
265604744640 775643
265704127954 1365101
265804142020 721881
265904126687 1659456
266004182893 2382555
266104195514 1943009
266204081963 2362662
266304191981 2006860
266404195129 1942354
266504199033 2423732
266604209315 1941556
266704096593 2272641
266804209763 2074765
266904207720 1906596
267004204087 2352438
267104172635 1676993
267204655229 1137525
267304646531 77607
267404571618 104227
267504732816 838497
267604741774 832893
267704747686 758031
267804734477 829197
267904731863 780956
268004767921 803716
268104758392 787290
268204159706 1346462
268304111186 834869
268404114676 1922162
268504225075 2097691
268604217066 1947070
268704227850 2429459
268804234010 1948406
268904116802 2189092
269004224141 2183404
269104227547 1942852
269204183660 2422067
269304239067 1931690
269404152059 2074581
269504219869 2169097
269604244272 1653210
269704729164 1043259
269804670320 78001
269904631348 110277
270004799774 906873
270104793978 862229
270204806981 752846
270304772936 817240
270404324288 794097
270504811131 810606
270604823173 773689
270704205067 1356752
270804149294 1040092
270904269358 1897365
271004262585 1947234
271104153538 1994118
271204279268 2382270
271304260338 1946527
271404160603 2375107
271504270718 2000481
271604269106 1944512
271704280463 2421585
271804280011 1930420
271904167116 2262104
272004271676 1971339
272104178410 1670343
272204737059 984375
272304765532 78302
272404665426 112664
272504846313 920457
272604849568 845758
272704830714 787133
272804800291 847297
272904848676 839148
273004819716 820868
273104856869 788617
273204260664 1362870
273304193339 1167324
273404297899 1797549
273504352434 1949023
273604189160 2089026
273704301186 2286152
273804299532 1946864
273904310988 2428476
274004304848 1946985
274104199611 2003071
274204319759 2363174
274304371855 1928972
274404206064 2357717
274504298988 1868367
274604218077 1762249
274704784184 849815
274804798620 78063
274904408533 113166
275004849378 943151
275104862664 834883
275204859797 857521
275304857840 848426
275404881142 847864
275504853915 859699
275604878027 764689
275704272275 1348793
275804296471 1360449
275904333819 1694378
276004332054 1945537
276104226663 2398416
276204331503 1978334
276304335022 1947438
276404343515 2428232
276504348316 1945845
276604244182 2312029
276704350132 2054534
276804347350 1928463
276904355380 2388667
277004345382 1822786
277104255586 2064912
277204695429 420725
277304834127 78376
277404452767 120424
277504939602 1017603
277604898030 785810
277704885907 917003
277805053116 842977
277904910110 812751
278004932119 874538
278104914347 807296
278204283751 1323252
278304335277 1369667
278404383258 1703932
278504365590 1944200
278604379495 2427085
278704372246 1945700
278804266374 2025274
278904379938 2346598
279004384721 1942680
279104276439 2401830
279204391180 1960335
279304384348 1925951
279404387091 2384095
279504370576 1818963
279604337837 2140840
279704852920 299843
279804848481 77568
279904488574 123115
280004926113 1025066
280104921579 781157
280204934475 880473
280304934334 764825
280404950335 869256
280504936611 816672
280604934850 774079
280704351868 1320216
280804368201 1407394
280904403650 1743282
281004301551 1966756
281104416643 2403112
281204413497 1945397
281304308651 2349877
281404419803 2021381
281504412455 1943576
281604415878 2422776
281704409946 1936160
281804308628 2247755
281904414273 2053414
282004421787 1806159
282104548116 2047048
282204883887 267727
282304868965 78222
282404760051 128403
282504980569 1054357
282604979043 802112
282704964582 789098
282804997344 763098
282904975329 772247
283004991270 722903
283104443719 1248771
283204407236 1286906
283304452438 1616347
283404460948 2173133
283504463634 1747126
283604447830 2173145
283704465923 1746431
283804461938 2174161
283904475034 1742816
284004462581 2169799
284104464886 1729877
284204458931 2140580
284304459620 1611654
284404743092 1858497
284504944502 61814
284604929026 58552
284704594774 597531
284804686607 38788
284904699073 780892
285004690177 42067
285104702960 795214
285204515477 132532
285304708094 703795
285404276408 590517
285504700774 245834
285604704783 795603
285704710481 40944
285804708196 794686
285904710466 41665
286004706584 795562
286104714575 41986
286204719943 794118
286304546677 98878
286404703168 736672
286504293016 485176
286604726399 348016
286704726042 796376
286804728707 40554
286904732304 794183
287004728931 41666
287104735372 794318
287204720975 42046
287304737350 794187
287404563620 65509
287504737790 771608
287604309600 376350
287704735626 460054
287804723750 796836
287904735486 40548
288004747531 793999
288104720335 41436
288204749708 791521
288304742312 41863
288404743535 795031
288504750233 42090
288604761717 793227
288704326188 274380
288804762860 562111
288904344343 733301
289004759414 103323
289104770814 795058
289204757866 41296
289304763805 794404
289404773883 41838
289504764311 794651
289604763486 42064
289704782919 793149
289804339254 160890
289904780672 672157
290004344801 633739
290104780215 204015
290204789758 794839
290304783107 41004
290404787932 794344
290504789439 41918
290604773375 794347
290704786582 42003
290804689215 794611
290904620487 110294
291004794461 723909
291104366239 591802
291109401052 342553
