100101117 54935157
200028175 26735592
300028421 26705979
400008065 27958606
500006240 108124255
600013581 78050969
700008021 60726086
800012637 63183206
900015640 60577910
1000011846 63817337
1100016575 69210401
1200038615 68903150
1300034317 27710589
1400029478 29396962
1500037924 52482581
1600040050 26882522
1700040789 26886937
1800041461 26823854
1900010877 92746827
2000013745 100050186
2100015330 79013465
2200031650 74430521
2300008307 77851276
2400016799 75267882
2500011319 76528344
2600008567 77427123
2700037974 32587502
2800035590 27800973
2900040200 53626499
3000040891 26823664
3100039771 26829715
3200036171 26834676
3300009127 67683436
3400014858 114542170
3500017011 74686994
3600009169 76455778
3700015620 77036348
3800016928 74577385
3900014859 79052322
4000009880 77532893
4100038040 45455939
4200036179 27728765
4300031809 39587108
4400039932 41679836
4500039454 26830465
4600033778 26809083
4700009443 42463221
4800009721 116240871
4900016473 83201049
5000014972 79533715
5100014813 73329023
5200014194 79558691
5300016435 75428412
5400011030 79109414
5500040967 59710262
5600038563 27477220
5700012844 32435492
5800039437 50182440
5900039381 26782593
6000040621 26773879
6100040698 26805356
6200010479 105908474
6300014671 96947013
6400015893 74309435
6500007482 76579507
6600016293 76196714
6700016006 74431071
6800013668 78950885
6900026915 74213913
7000039152 27989172
7100025395 28057627
7200038873 53461961
7300040021 26893029
7400040324 26875091
7500039504 26826037
7600010280 80822716
7700015540 106941762
7800008160 74767413
7900013333 78795738
8000019015 74486907
8100015824 78927952
8200016877 74713406
8300019007 78139372
8400038502 39176957
8500037792 27797493
8600019119 40359274
8700033464 40023233
8800040387 26784572
8900040152 26812929
9000058704 54339763
9100009668 115035642
9200015386 81453801
9300015983 74306510
9400009884 77560009
9500015876 76189967
9600009418 75129967
9700013799 79407456
9800036011 53784664
9900039935 27771769
10000014021 36480737
10100038323 44673533
10200041683 26788727
10300038745 27040475
10400006787 29038395
10500008726 116656017
10600015136 90839461
10700009025 75017689
10800054706 79229338
10900015865 74765491
11000011144 79660584
11100016413 75476576
11200039324 69580173
11300037874 27648293
11400028722 29766295
11500041042 52150546
11600040055 26813915
11700040294 26895018
11800039972 26859894
11900008226 94444593
12000012996 99233981
12100014893 78698115
12200017160 74282798
12300014575 78568929
12400019706 74475717
12500009578 77253361
12600009855 77356097
12700040213 31179721
12800036503 27826876
12900039680 53560237
13000039814 26823593
13100040476 26878196
13200040380 26806306
13300012447 69744885
13400015717 113632504
13500017378 74554704
13600009767 77354519
13700016960 76365758
13800013236 74597005
13900016081 79261629
14000010795 78132685
14100037001 43657635
14200034280 27756226
14300031531 39710042
14400040461 41395230
14500039746 26830640
14600039389 26789395
14700007820 45804375
14800007683 115721505
14900007351 82834468
15000015164 77725899
15100015906 74391219
15200016823 79319208
15300014898 74842478
15400015513 79123648
15500038665 56891834
15600039310 27499226
15700012934 35164474
15800039265 47419316
15900042108 26759446
16000039654 26724875
16100040535 26742773
16200008222 110251056
16300017252 94909031
16400016755 74552894
16500012751 78968702
16600013558 74852175
16700008191 76520590
16800014777 77867248
16900038319 73217848
17000038033 27746649
17100025596 28424586
17200039521 52775486
17300040701 26884697
17400039674 26851603
17500039652 26829296
17600011374 83920114
17700014513 105273349
17800009445 76488219
17900016975 77072249
18000014861 74460628
18100014393 79150703
18200016149 74680946
18300020331 77802839
18400042467 37664685
18500038508 27790906
18600004798 45456283
18700040221 35046847
18800040567 26821221
18900039318 26810233
19000009169 60661225
19100009183 114973488
19200014734 78054975
19300016338 74182631
19400016138 79070753
19500018601 74217986
19600009255 78406942
19700014659 75982725
19800037505 50023077
19900038735 27749084
20000029513 39117964
20100040386 42138215
20200039093 26825430
20300040478 26783724
20400009128 37634666
20500008922 116262795
20600014921 85676152
20700014308 79391013
20800016540 75901738
20900010525 76974597
21000015430 77474117
21100012343 76961594
21200037088 63124440
21300032927 27456261
21400026367 31277242
21500040023 51335238
21600037339 26757655
21700039858 26779459
21800040479 26815200
21900007194 103893407
22000017094 98318440
22100016822 74483244
22200008411 75491317
22300015943 77594243
22400013381 74371316
22500015882 78894010
22600015694 74783451
22700037589 28462435
22800040181 27820168
22900039177 53697909
23000036523 26873650
23100041491 26834748
23200042314 26821577
23300009943 79033368
23400015975 108496789
23500014245 74440940
23600015552 78975479
23700015336 74455939
23800013479 78903556
23900016635 74751270
24000017917 78160013
24100038591 39552491
24200037407 27799488
24300023821 40512729
24400040060 40172619
24500040637 26775908
24600040095 26811350
24700008247 55549112
24800008683 114912122
24900015769 80840896
25000014571 74439470
25100009952 77744077
25200016255 75415925
25300009172 75563091
25400014514 78673596
25500041832 52960782
25600040132 27740457
25700021508 37399422
25800040245 43841668
25900040487 26815866
26000039705 26766439
26100008213 30013812
26200009136 116206153
26300017210 90219893
26400009765 75877459
26500020885 78568710
26600076712 74794111
26700016620 79329659
26800017357 75352193
26900038914 69325541
27000039737 27584393
27100029528 29810450
27200040979 52543720
27300040349 26792278
27400040077 26853142
27500041286 26835257
27600006496 95778984
27700010122 98717548
27800016041 78972977
27900016094 74291944
28000013607 78866894
28100019034 74497027
28200010655 78013317
28300014569 77297863
28400037037 29905889
28500038593 27788888
28600040748 53926102
28700040835 26860736
28800040052 26863487
28900041413 26810670
29000007904 72021721
29100015206 112371667
29200016275 74077553
29300009279 78575843
29400016904 74375953
29500009038 75361883
29600014995 77603465
29700015040 78720525
29800037623 41758114
29900036661 27746073
30000031627 40119196
30100038859 41128130
30200040304 26838036
30300040938 26782724
30400005326 48402443
30500009775 115643463
30600008767 82746135
30700018269 75807773
30800015315 74260548
30900016981 79104162
31000015739 74408114
31100017035 79407283
31200039706 55931606
31300037288 27564535
31400012437 36470900
31500037568 46751600
31600039893 26785565
31700040039 26749954
31800035716 26807127
31900008993 114711070
32000015222 92585437
32100014263 74651800
32200017854 79462242
32300014482 74766487
32400010557 78979290
32500016423 75843785
32600037292 70842798
32700038672 27676041
32800030130 29168870
32900041146 52043308
33000041083 26856996
33100041338 26885019
33200040120 26848697
33300010023 92208646
33400015823 100572262
33500017679 79205191
33600019457 74535020
33700008554 78115827
33800017253 75223217
33900009588 76464463
34000010955 77618176
34100038141 32309094
34200037223 27795033
34300039914 53862602
34400041261 26816260
34500034490 26846467
34600040245 26814843
34700012947 69112634
34800015254 113556312
34900015098 74784001
35000008766 77210521
35100015331 76493964
35200017839 74545351
35300016319 79330610
35400008042 78046571
35500038444 44588675
35600040030 27733185
35700026784 39871667
35800040417 41571105
35900040270 26803381
36000038871 26790284
36100010371 42628164
36200009593 115830629
36300013495 83130510
36400010854 79666749
36500020469 74785370
36600014641 79416935
36700014631 75186602
36800011896 79029403
36900040158 59627084
37000035470 27418258
37100019636 31919863
37200030696 50268420
37300037700 26776687
37400040635 26781273
37500040386 26815319
37600009277 108315652
37700018681 96000824
37800016117 74439909
37900008620 77988890
38000018944 74857613
38100012074 75472484
38200014314 78113222
38300038214 72840756
38400038771 27682276
38500013705 28651950
38600208521 52902024
38700039759 26854657
38800037954 26857796
38900040224 27092063
39000007938 84277727
39100019323 105360493
39200010549 76252892
39300016345 77056043
39400016168 74423876
39500014545 79104788
39600015391 74667963
39700018480 77906535
39800036843 37750704
39900038654 27792966
40000004823 44306112
40100039691 35886163
40200039296 26803431
40300039570 26804897
40400007364 58499766
40500010309 115051737
40600016897 78783976
40700014893 74088179
40800017996 78527863
40900014479 74239870
41000008577 77215938
41100015754 76974339
41200038196 50901401
41300038716 27721416
41400021644 38711515
41500038143 42438103
41600040415 26829178
41700039767 26784545
41800010543 35876211
41900009442 116173252
42000016499 86978885
42100010413 79210154
42200017282 75278574
42300007795 75978176
42400014977 78681485
42500011010 76152519
42600038113 65845288
42700035667 27564206
42800029248 30337116
42900038690 52122511
43000040979 26788922
43100040373 26840075
43200041326 26801599
43300007752 99247267
43400009308 98252817
43500014872 76669439
43600015952 74276970
43700014690 78745314
43800015358 74416030
43900012854 78779266
44000020214 76186343
44100039599 28505095
44200039744 27800886
44300038109 53449551
44400036584 26839959
44500036782 26870955
44600040732 26819646
44700008642 75009175
44800015923 110250994
44900015072 74270444
45000014626 78958533
45100017920 74394651
45200010889 77040119
45300014265 76278692
45400017441 78923164
45500039480 40870658
45600038234 27778677
45700030733 40049562
45800039188 40770986
45900039785 26788341
46000039773 26791622
46100010627 51159794
46200008685 115468733
46300008314 82865610
46400013314 74727574
46500009756 75487933
46600015636 78091818
46700017056 74604327
46800014592 79501529
46900037442 55089701
47000039217 27677496
47100013248 35993480
47200039036 45547649
47300040730 26814060
47400039134 26760788
47500034846 26843799
47600009850 115620544
47700018036 92024969
47800017940 74641633
47900015019 79340963
48000017436 74677688
48100014495 79414273
48200015208 75262530
48300037854 70917099
48400039396 27700206
48500028776 29046440
48600038718 52145546
48700035064 26849995
48800041020 26889175
48900036852 26862123
49000011941 90329063
49100019062 101691705
49200015223 78867513
49300018977 74499312
49400009631 76774328
49500014197 76548350
49600010087 75171767
49700011709 78006703
49800042232 34136802
49900038453 27804395
50000040680 53593759
50100330669 26897099
50200039961 26754552
50300039261 26841451
50400010459 65663302
50500009579 114710968
50600017365 74941678
50700009672 74804090
50800016090 77997674
50900018532 74339399
51000012397 79094571
51100008872 76471240
51200038771 46868890
51300037218 27742275
51400031877 39438180
51500039676 41655532
51600040995 26810996
51700039940 26802930
51800008574 42678284
51900009091 115787492
52000016369 83150482
52100015455 79537226
52200014191 74767685
52300015733 79298308
52400016354 75119909
52500013200 78844956
52600042611 59937944
52700035602 27422217
52800011835 31826424
52900039441 50535171
53000040888 26788935
53100039508 26732629
53200041975 26785450
53300009569 107432426
53400014501 96404515
53500013303 74523932
53600008333 77739739
53700016622 75747403
53800010648 74810955
53900016235 78883158
54000035908 73641827
54100038566 27765697
54200026832 28272220
54300039576 53257387
54400036744 26899515
54500040413 26874259
54600041472 26856153
54700007119 84380616
54800016796 104997592
54900010284 76696999
55000015085 76615407
55100014859 74238369
55200017930 78986665
55300014918 74698103
55400020220 77334164
55500035163 37284904
55600039634 27777286
55700005572 47518829
55800039868 32922727
55900037081 26817829
56000040989 26827547
56100006389 60582530
56200009979 115385934
56300017348 77889544
56400015317 74277473
56500017085 79300147
56600016453 74616062
56700064255 78805390
56800014551 76058916
56900040063 49881981
57000039444 27760308
57100030927 39160899
57200040300 42130972
57300039919 26803588
57400038971 26776883
57500009822 38707050
57600009206 116061296
57700017508 85452398
57800013736 79627501
57900016571 75146818
58000007800 77474886
58100015578 76970423
58200010267 77460747
58300038772 62857274
58400037964 27551616
58500025556 31071171
58600039434 51237140
58700039832 26797115
58800040460 26804666
58900040477 26840833
59000010450 104231905
59100015384 97911110
59200015020 74578070
59300008802 75884578
59400015699 77161624
59500015042 74425190
59600016323 79056858
59700037815 74969608
59800036992 27743076
59900025647 28076073
60000039188 53160751
60100040343 26866825
60200039895 26850307
60300038768 26822012
60400008672 81662582
60500015927 106348001
60600008214 75148733
60700015883 78094963
60800016863 74280352
60900014887 78847147
61000015368 74813240
61100019391 78007691
61200038320 39051416
61300037169 27785891
61400023083 40775632
61500039839 40056744
61600038532 26785152
61700039219 26806157
61800005082 56373350
61900041994 115177728
62000016310 80282506
62100019778 74383713
62200009168 78028597
62300016635 74905295
62400009627 76014644
62500014197 78377044
62600035422 52770168
62700040220 27707645
62800018384 38297676
62900039207 43539796
63000038891 26832792
63100040864 26773549
63200008786 31246482
63300009173 116454581
63400014840 89172676
63500008855 76699571
63600014364 77518274
63700017330 74877493
63800015546 79719690
63900013858 75415403
64000038235 67930245
64100039987 27709122
64200030615 29677853
64300040854 51527038
64400039731 26836325
64500039894 26927715
64600037470 26847100
64700009054 98203194
64800008567 98615278
64900016727 77763865
65000019680 74410248
65100016030 78944582
65200014909 74504847
65300017095 78599124
65400020484 76440054
65500039070 29247430
65600037694 27829282
65700040364 53745474
65800039609 26785617
65900041404 26844505
66000040144 26811094
66100008633 73870396
66200016370 111356077
66300019014 74494609
66400018093 78770931
66500012906 74544954
66600007948 76598399
66700013910 77049073
66800015230 78924001
66900040074 40914455
67000038278 27760920
67100031955 40109575
67200039703 40971656
67300039657 26783197
67400040295 26787272
67500012573 51354298
67600010430 115642390
67700014775 82788139
67800015964 75173541
67900008415 75752295
68000014278 78500898
68100017553 74930994
68200013670 79754073
68300039370 55507163
68400038025 27431897
68500013919 35826755
68600038675 46442936
68700035699 26785577
68800040065 26729729
68900034703 26805612
69000009251 114087494
69100016255 92486819
69200017274 74278300
69300013541 79421055
69400017174 74880311
69500011076 78631950
69600014542 75308707
69700038154 70637397
69800039844 27689802
69900025349 29180948
70000038882 52321418
70100039573 26892257
70200040398 26868987
70300040519 26836501
70400006897 91214130
70500016892 100957386
70600015457 78874667
70700016585 74307639
70800010994 77297010
70900012410 75888193
71000009596 75851815
71100010822 77652883
71200035553 32760223
71300034755 27770806
71400041828 54011462
71500040748 26807254
71600040630 26838299
71700041090 26803232
71800015218 67589116
71900016122 114353662
72000017138 74646559
72100010372 76032002
72200014648 77396277
72300015005 74427634
72400016539 79120484
72500011575 77501207
72600036332 45573977
72700039654 27703838
72800031437 39837855
72900040039 41685519
73000040871 26805534
73100042048 26824404
73200008438 43211616
73300008123 115488219
73400017143 83065077
73500018171 79496914
73600017937 74699025
73700015060 79346058
73800014284 75255444
73900013743 79053423
74000036006 59797784
74100037480 27540454
74200024873 31850325
74300039514 51067683
74400040466 26767202
74500039836 26804009
74600040848 26788222
74700008564 107897438
74800019281 96170789
74900017474 74391009
75000008833 77528208
75100015231 75385124
75200011545 74846033
75300013092 78655547
75400033616 73570726
75500039517 27718484
75600027910 28345767
75700039386 52960439
75800039563 26884093
75900040689 26851838
76000039372 26825928
76100007285 84597429
76200016618 104870410
76300009405 76752462
76400017389 76222329
76500015952 74213813
76600016680 78988418
76700014074 74623846
76800017592 77627093
76900039781 37810895
77000037449 27786976
77100004327 44535762
77200036483 36259797
77300039937 26787091
77400040308 26819729
77500008597 60992037
77600008020 115039377
77700015335 77984805
77800015037 74527364
77900015058 79199067
78000016579 74590510
78100010726 78803212
78200015777 76075450
78300036996 50195920
78400039055 27701643
78500030926 39000185
78600041138 42168243
78700037586 26795553
78800039339 26774381
78900010317 37561240
79000009678 115849793
79100016341 86135139
79200012142 79613600
79300019337 75044447
79400010373 76693670
79500019353 77523259
79600011447 77012573
79700039397 63714272
79800034316 27665205
79900030060 30131857
80000039043 50788477
80100040276 26816200
80200038516 26873610
80300040682 26855313
80400009159 104197186
80500018173 97897908
80600016582 74527618
80700008167 75655044
80800016065 77385087
80900014683 74355251
81000021769 79046345
81100027481 74671794
81200040203 28067297
81300026669 27893759
81400039765 53298035
81500039951 26843487
81600040980 26872906
81700039583 26823967
81800008152 78357129
81900017188 108295909
82000021897 74323478
82100014392 78952701
82200017196 74245440
82300020883 78696304
82400020303 74671470
82500017151 78623328
82600038216 39309842
82700039475 27769636
82800024464 40542029
82900320136 40473461
83000040739 26716290
83100041490 26795196
83200009512 54526067
83300008377 115221224
83400014685 80979284
83500014922 74670531
83600011111 77592609
83700016835 76253375
83800009015 75017817
83900014018 79012564
84000038495 53753052
84100038068 27423881
84200015638 37908942
84300040096 44359973
84400040853 26782597
84500041460 26717584
84600009605 27222096
84700008153 115935945
84800012597 91523575
84900016518 74620904
85000013091 79260279
85100017943 74570284
85200013797 79175289
85300016902 75266920
85400038452 69651431
85500038926 27633309
85600011402 29348519
85700037822 51691305
85800039937 26897136
85900039486 26862501
86000039482 26831019
86100012735 92842782
86200016097 100159766
86300015604 79123285
86400019283 74547164
86500009086 78095704
86600015810 75131148
86700012312 76524759
86800010810 77552431
86900036913 31824117
87000040017 27780288
87100038256 53544526
87200040928 26813070
87300038968 26842713
87400040264 26820291
87500008699 69770566
87600015497 113297941
87700014888 74579539
87800009654 77091718
87900021001 76181744
88000018700 74524718
88100016479 79409049
88200008872 78041611
88300039180 44199697
88400033238 27745550
88500030954 39730845
88600039568 37364498
88700040101 26683436
88800037917 61400136
88900038130 28152604
89000013050 36633213
89100021319 56585003
89200022485 85321020
89300012704 48552308
89400022645 83763397
89500021955 85671780
89600013231 49733392
89700022786 85450876
89800020981 84946433
89900013026 47325844
90000019433 84544011
90100021627 85684693
90200023583 48043017
90300022503 85700700
90400022694 84676181
90500022527 47168060
90600023749 86342173
90700022713 86664688
90800022814 47281446
90900023004 84957013
91000021506 84940006
91100023526 47492976
91200019856 86132610
91300217548 86891229
91400022647 47430002
91500020342 84486324
91600021640 84815607
91700022416 47421593
91800021166 85963916
91900022833 86794101
92000023177 47922175
92100021534 85070709
92200019374 85797404
92300019115 49231221
92400023148 86105963
92500022785 85158352
92600024228 47666133
92700023402 84959472
92800019551 85425691
92900019323 48743801
93000022299 86613225
93100021675 84889959
93200023068 47136066
93300023996 84644137
93400022891 85324660
93500023130 48550259
93600022361 86175881
93700022229 84634086
93800023334 47137131
93900021614 85470410
94000023782 86412674
94100022846 47257397
94200022183 85396791
94300022033 84756832
94400018406 47154139
94500021142 85642605
94600021791 87156431
94700023595 47702352
94800022073 84969388
94900020553 84967610
95000023109 47380360
95100023347 86026970
95200022434 87042885
95300023304 47155092
95400024121 84599622
95500022119 84902791
95600022670 47919323
95700022819 85648794
95800002995 84707686
95900021972 48327609
96000182587 84954745
96100002974 76348182
96200021580 56832222
96300020895 86774058
96400002321 73994126
96500022557 58698213
96600022307 85057120
96700003864 66842026
96800021410 67600592
96900022898 86936940
97000003318 63151973
97100022797 69648270
97200023193 85129941
97300002972 55526955
97400020097 77109979
97500021858 85751061
97600013105 49114749
97700021843 82815617
97800018625 85523443
97900012081 50045326
98000023669 84307031
98100023464 84722982
98200011237 47825770
98300023313 84266290
98400019480 86856806
98500003823 76589683
98600039960 56024656
98700041022 26817490
98800037780 26850141
98900041850 26917137
99000040376 26897698
99100014397 79890669
99200008821 122936258
99300007538 110098649
99400011199 105327431
99500010277 106736376
99600007910 98562852
99700011715 106512891
99800011198 106704410
99900015674 98339405
100000012531 106924049
100100012275 106444083
100200008731 97522928
100300032290 73934993
100400037093 28793146
100500024511 31697653
100600039765 59270831
100700041552 26867247
100800040015 26862601
100900041146 26891534
101000040509 26850289
101100006652 47471856
101200011731 118683548
101300012133 123518147
101400007815 102984052
101500013005 102658354
101600014455 107246360
101700007198 102387103
101800011445 103281744
101900011611 107214864
102000008167 101298688
102100011137 104757928
102200011112 105582284
102300022516 94832910
102400034950 29501657
102500039336 29050902
102600009761 42580611
102700040228 47234847
102800040115 26801875
102900040783 26875815
103000039657 26862101
103100040695 26853438
103200009744 112509009
103300008286 122709115
103400012935 107313261
103500010478 106832458
103600011808 98552980
103700011349 106743344
103800009647 106540377
103900010639 98553705
104000012096 106692309
104100012106 106724431
104200013603 98320701
104300013190 99749267
104400039138 49291984
104500035092 28821224
104600025182 40252047
104700037305 51160809
104800040491 26880073
104900041450 26900995
105000037601 26877062
105100036525 26886994
105200013055 84334805
105300009598 122849595
105400006985 112055321
105500011994 102550400
105600013293 107161213
105700009974 102282903
105800010650 103706473
105900011143 107154738
106000006805 101080720
106100013197 104624253
106200011168 106759620
106300044621 100195754
106400035285 68387404
106500034370 28933984
106600028566 33491566
106700039621 57880529
106800040898 26860689
106900041160 26859133
107000039838 26851021
107100040109 26846374
107200004578 54932513
107300006616 121056167
107400010639 118876298
107500015144 107172993
107600071288 98990619
107700014711 106796574
107800011861 107002040
107900010101 98902004
108000013323 107128265
108100006850 106199596
108200013094 99430516
108300012134 104926593
108400025823 90318258
108500030568 29489817
108600035351 29029809
108700004527 53039118
108800039218 36921977
108900040114 26876209
109000042073 26844632
109100040614 26926372
109200041105 26897727
109300004720 119027953
109400007365 125480315
109500012101 103646380
109600012429 107299935
109700007543 101457868
109800011093 104655667
109900010115 107302903
110000007539 100100181
110100012415 105800511
110200009808 107167088
110300007170 99395825
110400008259 99741138
110500037845 44502742
110600037095 29028610
110700032775 40687433
110800039749 50358840
110900039258 26905401
111000038159 26882331
111100041392 26868909
111200040339 26877966
111300007852 95268598
111400008888 122818458
111500011202 112720124
111600009550 98870723
111700012503 106991521
111800013657 107172410
111900012026 98860834
112000013481 106941615
112100011114 107082982
112200011431 99074382
112300011795 106483188
112400013656 103167915
112500035647 58081600
112600035664 28935711
112700020803 36293838
112800039866 54667273
112900040224 26854371
113000039265 26877296
113100038915 26892606
113200040344 26903174
113300009846 67194464
113400007548 123057629
113500013081 112538329
113600009847 106901198
113700005398 103279025
113800010837 101772840
113900010672 106883984
114000007854 102042589
114100010185 102716238
114200014612 106575370
114300008082 101121422
114400011515 102609780
114500036012 81683532
114600036690 28848449
114700026927 30912644
114800038620 61005814
114900039967 26887288
115000040020 26917343
115100040333 26860909
115200038981 27325862
115300007260 39676485
115400007953 121641906
115500012776 124974158
115600007489 99280656
115700011026 106580312
115800011964 107186335
115900012154 98911283
116000011362 107198408
116100011210 107148170
116200010236 99024621
116300012156 107000377
116400010003 105581721
116500019476 97309078
116600037643 30508115
116700036775 28967487
116800016908 41765762
116900039513 48238819
117000039192 26833265
117100040461 26862456
117200040322 26854871
117300041501 26854083
117400010629 108062682
117500008446 122901850
117600011145 108649720
117700012018 106952125
117800011891 98627835
117900012575 106941352
118000007127 105820638
118100012380 99557634
118200013840 106823668
118300007733 104417157
118400010487 100409144
118500012689 100811337
118600037189 51319823
118700033113 28847759
118800018544 39749809
118900037401 51352178
119000039246 26879624
119100040428 26916181
119200039677 26908426
119300037556 26912054
119400004943 81334197
119500008256 123043885
119600006471 110803419
119700011999 105070362
119800012098 107507978
119900006183 100186545
120000012568 106133983
120100014216 107254188
120200008764 98986468
120300013212 107126331
120400010861 106868362
120500007769 98628869
120600038628 71953265
120700036462 28943730
120800026947 33233759
120900037880 58549633
121000031188 26849564
121100039162 26882038
121200040626 26864698
121300040563 26876453
121400005756 56595621
121500007251 120716977
121600010227 118098606
121700010181 106630580
121800014557 98676832
121900011368 107045529
122000012458 106616908
122100012315 98832997
122200012522 106979561
122300010969 106824300
122400010924 99002221
122500011057 105585261
122600030928 89571825
122700037259 29161734
122800024101 29394247
122900004299 59123183
123000039556 30456332
123100038497 26878394
123200040765 26886221
123300039477 26914871
123400033247 26880589
123500009811 118999809
123600008089 124195271
123700013368 104159245
123800011218 107214655
123900006424 101087394
124000010160 104905358
124100011263 107268232
124200008067 99949064
124300014099 106197112
124400012080 106902343
124500006753 99249969
124600008072 99482655
124700039117 46051732
124800035148 28917233
124900031297 40431152
125000039996 50632076
125100039655 26885271
125200039223 26873322
125300039665 26872553
125400041216 26881008
125500010229 91334763
125600010251 122979908
125700012930 113551605
125800011907 98769802
125900011446 106989464
126000011775 107282426
126100011050 98924750
126200012167 106985160
126300007853 106160164
126400010525 99750367
126500011000 106490734
126600009483 103281843
126700035875 60977494
126800033934 28966744
126900021300 34996172
127000040820 56216671
127100041651 26852863
127200042290 26865321
127300039202 26846930
127400040694 26887480
127500009242 64175960
127600007858 123268189
127700012591 113493627
127800010011 106754569
127900007724 101531807
128000011951 103867374
128100014013 106812234
128200007653 100313675
128300010974 104967273
128400012054 106609106
128500008103 99196577
128600011594 104461355
128700035897 83558585
128800039476 28814025
128900025017 30689528
129000040893 61429168
129100038351 26876040
129200039990 26907878
129300040508 26872597
129400041167 26916395
129500008255 37339870
129600006850 122233144
129700012103 125922486
129800013046 99030937
129900009564 107200662
130000014602 107186106
130100011584 98918185
130200011972 107180982
130300012566 106783134
130400010210 99056144
130500010922 107043252
130600011108 105318672
130700017965 97282702
130800032998 31543844
130900036601 28977736
131000024019 41384962
131100039445 48673806
131200039702 26825922
131300040477 26876625
131400034844 26887360
131500041054 26819509
131600059891 102203488
131700009681 122833140
131800012605 110651301
131900007828 102499276
132000014119 103296865
132100011892 106939028
132200007592 101281347
132300010915 104311794
132400011266 106842649
132500007500 100268617
132600012320 104818432
132700014023 101949239
132800029142 54576003
132900033131 28950124
133000020459 37752125
133100040565 53533684
133200039269 26871143
133300039395 26901469
133400039392 26911782
133500038983 26934146
133600015978 73985719
133700007840 122574589
133800012448 110974047
133900010167 107493526
134000010285 107087192
134100011030 99115828
134200011481 107342390
134300012209 107232904
134400010403 98907320
134500010721 107114000
134600007921 105959301
134700010925 98405534
134800035612 78044080
134900035580 29010570
135000025678 32189360
135100038727 59884196
135200039201 26853690
135300041397 26882773
135400039128 26828394
135500041550 26891499
135600021246 50768300
135700007409 118617227
135800012230 122079675
135900006952 105544911
136000011871 100602233
136100012464 107131923
136200009587 104375564
136300012264 101334703
136400012837 107250791
136500007352 103268689
136600011185 102467480
136700011376 105216910
136800017388 92418761
136900036289 29971038
137000036229 29019126
137100003392 43740718
137200039776 45826135
137300039805 26857407
137400040720 26880322
137500040707 26885867
137600040386 26902018
137700054909 112888102
137800007873 122682416
137900013253 107023160
138000012344 106650221
138100011798 98439901
138200010329 106655463
138300010885 106588650
138400011165 98459098
138500010023 106679920
138600011150 106303772
138700010142 98391830
138800013563 99591444
138900038538 48136809
139000035512 28848298
139100031447 40100510
139200038767 50876495
139300041098 26873313
139400041099 26900067
139500040050 26841372
139600040663 26862487
139700008179 85898022
139800008295 122754244
139900007063 112710795
140000012387 101896553
140100011228 107206373
140200007705 103346205
140300011990 102908387
140400011715 107309924
140500008539 102134136
140600011686 103910719
140700012171 106656880
140800007648 100956093
140900036249 67727756
141000033886 28996450
141100026746 33511550
141200040423 57797578
141300040488 26872414
141400039434 26838561
141500038860 26861859
141600040639 26864014
141700010434 58093105
141800008134 122742013
141900012879 115873881
142000012125 106804562
142100011958 98570823
142200012342 106679559
142300011977 106706152
142400010456 98588069
142500011994 106693416
142600011596 106283728
142700011415 98742566
142800011778 104923694
142900034724 88256941
143000035475 29009223
143100027246 29325334
143200004115 61541829
143300039706 28285489
143400041092 26916570
143500040139 26905913
143600041318 26884784
143700034130 26957342
143800012483 122286619
143900007242 125567646
144000011939 101959462
144100081083 107339145
144200006821 103316148
144300010292 102914441
144400011753 107375839
144500008962 102341420
144600012412 103918868
144700012622 107230784
144800007743 101021603
144900008208 99258731
145000037176 41312862
145100036870 28986801
145200026930 40842675
145300040876 49685913
145400039715 26892988
145500040784 26891079
145600040947 26907633
145700039963 26866306
145800007752 97014256
145900008146 122458779
146000010577 112564458
146100011051 99139766
146200010177 107267365
146300010843 107132860
146400011050 98982519
146500011130 107134414
146600011041 106950421
146700011827 98985151
146800011275 106603769
146900013129 103325572
147000035511 56872951
147100036970 29038299
147200020874 37029401
147300039529 54402965
147400040001 26861259
147500040491 26868478
147600039320 26874918
147700038531 26890416
147800010326 72534987
147900008050 123060643
148000012473 111546553
148100011544 107426594
148200012595 107408140
148300012172 99130757
148400013005 107342554
148500007409 106187122
148600013162 99856232
148700011897 107220430
148800008150 104834318
148900010678 99641576
149000036345 80263297
149100037025 29000470
149200028387 31481562
149300040273 60373858
149400039247 26913351
149500036558 26860036
149600041323 26855072
149700040134 26849077
149800008702 38431837
149900009169 121483150
150000011916 125338556
150100014244 98955325
150200011622 107229695
150300010333 107288216
150400011816 98996047
150500011487 107221222
150600011358 107047489
150700012884 98827361
150800012499 107024353
150900010799 105180928
151000018196 97100888
151100036146 31587581
151200038768 28965130
151300029013 41481851
151400036187 48763619
151500040694 26854184
151600042116 26873432
151700040200 26865611
151800041856 26883646
151900008030 106166889
152000008863 122684781
152100010643 109429439
152200007479 105431004
152300012342 100196003
152400010919 106880527
152500007546 104183499
152600009974 101079745
152700011198 106622089
152800007412 102986031
152900012892 102047708
153000014537 100775951
153100034944 52700569
153200038095 28855820
153300022236 38965710
153400038843 52401790
153500038762 26905072
153600040764 26896494
153700039807 26880449
153800038801 26883698
153900014837 79912989
154000008026 123668512
154100006111 110284417
154200012725 105581826
154300010995 107249020
154400007986 99189085
154500011951 106904533
154600010944 107209018
154700013863 98911592
154800011735 106966929
154900010753 106600410
155000007266 97525425
155100033479 74061115
155200034063 28919352
155300016234 32568394
155400039575 58724015
155500041119 26849356
155600041210 26867951
155700040774 26923064
155800040090 26834400
155900009244 51079296
156000007018 119451606
156100011737 121201299
156200007813 105760405
156300011084 99696875
156400013418 106791463
156500007426 104625709
156600011765 100503551
156700011459 106752723
156800008850 103490481
156900014069 102046089
157000011155 105061559
157100020087 92204294
157200034285 29770838
157300034010 28936980
157400003047 45663508
157500039122 44733683
157600039436 27065946
157700041418 26861852
157800038791 26910432
157900040513 26902814
158000016408 115024833
158100006868 122718717
158200011090 106963892
158300011781 107183304
158400011133 98950840
158500012248 107220760
158600010017 107072105
158700010997 98905066
158800011638 107181038
158900011301 107002938
159000010163 98581533
159100016309 99775330
159200037299 48383517
159300033309 28977570
159400031495 40185186
159500040903 50715179
159600040547 26864090
159700038829 26866107
159800041031 26836888
159900040530 26857112
160000008191 87666674
160100008125 123260561
160200006962 113835168
160300009022 99765310
160400010708 107116138
160500008200 105148141
160600014164 100914129
160700011402 107091429
160800007435 103821549
160900011453 101767968
161000011520 106525686
161100010569 101679124
161200035088 63998298
161300035544 29074618
161400022223 34852277
161500040903 56355468
161600039947 26846208
161700040561 26861820
161800039187 26898150
161900039941 26908317
162000004263 59726390
162100007757 123229064
162200012687 115229245
162300010250 107055846
162400011692 98808604
162500011817 107121437
162600011702 107161779
162700011982 98328952
162800011309 106417150
162900013012 106901726
163000010854 98882345
163100016243 105098757
163200033506 86647251
163300036405 28897808
163400027163 30204074
163500039669 61956315
163600041003 26877539
163700040623 26890686
163800039769 26852034
163900040155 26877937
164000008619 32332893
164100027197 123156244
164200011978 126464383
164300010905 99068788
164400015963 107230437
164500011559 107062164
164600011635 98915893
164700012993 107252436
164800012622 107052852
164900010976 98320050
165000016380 106246534
165100008268 105200484
165200007588 98375714
165300036899 33209195
165400037535 28953948
165500031030 41401164
165600040490 48787480
165700036393 26800371
165800039182 26864172
165900040127 26823618
166000037998 26861280
166100008916 104441173
166200008673 123353559
166300012712 109497819
166400007844 104490982
166500010512 100742783
166600010661 106786292
166700007123 103323101
166800012251 101853748
166900011465 106753210
167000007052 102262741
167100010715 102461177
167200011698 101008590
167300034775 53152324
167400039088 28802965
167500020647 38583938
167600040598 52507181
167700040645 26916097
167800040493 26900530
167900040405 26908791
168000040942 26886464
168100009547 78830056
168200009326 123364919
168300007482 109716738
168400011471 106805569
168500010996 107232046
168600010885 98907884
168700011105 107122141
168800011989 107227962
168900010729 98925786
169000010156 107377119
169100011443 106650850
169200010126 97780546
169300038015 74594706
169400032083 28953093
169500024976 33006131
169600040186 58501797
169700041239 26885647
169800037614 26856273
169900037919 26894323
170000040374 26851888
170100013145 53251501
170200007652 119297306
170300009779 120371652
170400011748 107069188
170500011084 98956796
170600011157 107013871
170700007765 105971303
170800012484 99945537
170900011399 107199694
171000007735 104967621
171100012607 100939181
171200012395 105251030
171300025096 91598101
171400037255 29477793
171500035780 29012506
171600004513 49570636
171700040490 40630343
171800038844 26897483
171900040211 26878934
172000040681 26909749
172100038392 26875527
172200010400 117829417
172300007919 124085263
172400011317 104891990
172500012010 107228633
172600007474 100355074
172700010930 105894292
172800011740 107245302
172900007102 98994792
173000011265 106841467
173100011339 107033828
173200012268 98703968
173300009134 99773160
173400032783 47309252
173500038043 29087735
173600032005 40305899
173700040598 50644705
173800041010 26868797
173900039893 26870407
174000040840 26824830
174100040382 26871174
174200008880 88471856
174300008284 122629199
174400007064 113573726
174500010980 99904535
174600010351 107084551
174700008413 104856723
174800012281 100833958
174900012429 107116296
175000007422 103509984
175100012932 102002701
175200011644 106367458
175300006587 101403186
175400036912 64584206
175500038378 28957698
175600011523 33689642
175700039356 57369021
175800040096 26830759
175900039809 26845261
176000041001 26864263
176100040277 26914156
176200010300 51498933
176300008169 120435291
176400009993 120144818
176500007029 106152653
176600068842 99075282
176700012987 106449839
176800008673 104977139
176900009640 99967883
177000005388 106739073
177100006593 103851833
177200063925 101485221
177300011287 104808619
177400030477 92167562
177500034874 28955571
177600027194 28849598
177700004191 53707178
177800039418 36599217
177900039084 26943143
178000039936 26886649
178100039970 26901569
178200033398 26847501
178300009690 118997635
178400007762 124385942
178500015480 104193908
178600011710 107274782
178700007837 100826207
178800013214 105111822
178900011413 107104712
179000006616 99711990
179100011306 106149998
179200010938 106986673
179300009225 99119342
179400008258 99604630
179500038979 45278239
179600037169 29012972
179700031052 40648753
179800040454 49868590
179900039889 26839477
180000041754 26869172
180100040343 26900301
180200038428 26880906
180300009895 91896050
180400009078 122759883
180500011578 113303551
180600013453 98520234
180700010114 106902912
180800012685 106977274
180900012348 98653684
181000011319 106855492
181100006512 106040923
181200009762 99070016
181300011694 106557174
181400010166 103424197
181500034738 59740184
181600035224 28892253
181700019991 35188809
181800039944 56074907
181900039692 26890516
182000040500 26882055
182100041449 26864189
182200039832 26888277
182300008648 66170011
182400010203 122556502
182500011946 113186873
182600011862 107232631
182700006228 102343241
182800011605 103693019
182900010773 107120507
183000007354 101259446
183100013769 104637854
183200010571 107172402
183300007813 100411513
183400011540 103700508
183500037540 84054102
183600037393 28948203
183700027168 30534024
183800040669 61333213
183900040793 26853338
184000039767 26900677
184100040372 26875011
184200039932 26837769
184300008001 34455647
184400009089 122531054
184500012238 126814016
184600011516 98975736
184700010296 106521931
184800012168 106970032
184900011323 98981240
185000010640 107001914
185100011893 106791975
185200011061 98822072
185300011766 106751104
185400009570 105546607
185500005586 97827136
185600037649 32954205
185700038075 29065795
185800023386 41389867
185900039865 49397905
186000040509 26883196
186100041581 26841365
186200040537 26877188
186300040621 26923798
186400008858 102639868
186500008400 123081820
186600010395 110910347
186700006881 103209319
186800011363 103157376
186900013294 107343587
187000006937 102194220
187100011694 103929531
187200009364 107071732
187300006849 101186356
187400010692 104686128
187500014273 102134621
187600031788 54730355
187700036038 29037929
187800019975 38009876
187900040381 48817763
188000039221 26911034
188100039568 26921169
188200039066 26895656
188300009837 43958374
188400009706 120898408
188500011495 104224967
188600010645 96162393
188700011898 96010892
188800011624 95666188
188900008404 95107340
189000013875 90332334
189100012477 95816301
189200013208 95163818
189300012463 94087756
189400040689 65906602
189500039231 26706464
189600031471 30022199
189700017429 59941316
189800019418 128272503
189900019924 51532776
190000020828 129506673
190100002007 63824410
190200020701 115095040
190300021109 129618004
190400019216 51697092
190500020526 128423044
190600001865 122179540
190700021427 58721827
190800019445 129542710
190900020975 51391129
191000020633 127775962
191100020944 129598718
191200021068 51493252
191300020292 127900199
191400001896 79768528
191500019213 101120876
191600022010 129222201
191700021285 51591700
191800020751 128558520
191900020063 129472094
192000020148 51627009
192100019951 127882203
192200014410 52676255
192300020472 128609514
192400020315 127885073
192500021049 51503576
192600021245 129271509
192700001817 94378167
192800021003 86505771
192900019493 127995617
193000021266 51628829
193100019333 129288253
193200020375 127779525
193300019763 51446593
193400020261 129613277
193500014806 53749311
193600021448 126052571
193700020839 129170663
193800020117 51973105
193900021027 129360512
194000002765 104463257
194100018847 74832670
194200022021 129591111
194300017768 51480814
194400021271 127773025
194500022193 129400154
194600021261 51266154
194700021776 129231410
194800001669 63166357
194900021270 116690822
195000019453 129635360
195100021181 51388107
195200019133 127815819
195300002279 117731589
195400021252 63282136
195500018935 128226641
195600021127 51601259
195700020040 129341868
195800019270 129794371
195900019843 51475136
196000019382 127865375
196100001880 75264388
196200019577 105324087
196300021975 127717413
196400020557 51544920
196500020346 129576568
196600017047 128391427
196700019713 51691884
196800023474 126446875
196900022803 45770975
197000040639 130686533
197100039629 26832766
197200039150 26816306
197300040852 26866511
197400040745 26820486
197500040819 26848988
197600041690 26845769
197700009574 95766720
197800007385 122582379
197900010490 117672152
198000012526 104402112
198100006239 111378912
198200011829 109597801
198300011006 104122107
198400011793 116976509
198500010325 104266005
198600006864 109584572
198700010787 111011638
198800012130 103348875
198900012816 114176021
199000010666 102950418
199100008660 107540871
199200030307 51613749
199300033586 29559417
199400015978 34606683
199500041272 67884836
199600040417 26835758
199700042008 26829963
199800040166 26847885
199900039208 26807661
200000040299 26825401
200100040456 26840496
200200007301 106510388
200300008420 122589034
200400009271 115629714
200500012111 104546584
200600010398 117411248
200700011987 104708030
200800007679 109635532
200900011571 112370988
201000011170 104581061
201100010936 117276327
201200010840 104216665
201300006727 106985958
201400012612 111286767
201500012098 103614693
201600015896 111662232
201700040085 40847611
201800037526 29723858
201900021429 38688187
202000041173 63808712
202100039985 26841858
202200039697 26828592
202300040561 26835083
202400042019 26838726
202500040381 26866320
202600027145 26941321
202700012423 121988510
202800009008 121602551
202900010045 112370117
203000006895 113615635
203100010576 109090628
203200011105 104553363
203300010834 117256495
203400010127 104580335
203500007182 111474001
203600012895 109778853
203700010108 103936370
203800010851 115999360
203900012010 102451960
204000007573 109894145
204100009205 99332421
204200035856 34552110
204300035470 29679751
204400027604 40159631
204500038617 61728033
204600039309 26843445
204700193048 26864709
204800037666 26793667
204900040403 26849335
205000040431 26823119
205100006031 39734682
205200007537 121327442
205300009437 121990919
205400012260 109943142
205500012091 117418594
205600011217 104707503
205700006806 112950117
205800010546 108781814
205900012383 104724986
206000012886 117178174
206100011189 104344751
206200007209 110853724
206300013325 108460126
206400010643 102231477
206500011426 114395759
206600015617 90473201
206700036673 30469330
206800035660 29866912
206900025971 40730140
207000038401 60559429
207100039343 26852607
207200040745 26848978
207300038919 26854377
207400040542 26863271
207500040355 26833179
207600005767 62070449
207700009357 113855592
207800009409 120114013
207900006235 118168949
208000013255 106220981
208100011850 104556353
208200012981 117051974
208300013096 104386342
208400006009 113803270
208500011127 107448947
208600011209 104189531
208700009953 116594108
208800012605 102684885
208900009310 110739546
209000011501 107975392
209100039013 80792436
209200031082 29560364
209300028065 31406809
209400003845 55250167
209500040044 44168714
209600039782 26831781
209700041582 26843898
209800040670 26857357
209900038984 26853577
210000039701 26847803
210100026248 79085943
210200004232 113595075
210300007665 122614500
210400010387 113205146
210500012953 104468415
210600011375 117432709
210700011085 104561497
210800008110 106908510
210900011747 114819765
211000016069 103970686
211100012740 116897020
211200011552 103565285
211300007224 103406007
211400012137 113528272
211500010540 101828307
211600038008 69823999
211700034866 29653259
211800030561 31818503
211900040861 71566902
212000041898 26847071
212100039598 26855202
212200040151 26849139
212300040427 26865197
212400040307 26838238
212500040874 26834612
212600007669 90313721
212700007197 118827787
212800011646 122950676
212900009979 104839036
213000008593 106672965
213100010631 115430928
213200011705 104568538
213300007436 117011960
213400010623 104710975
213500006824 104850635
213600010259 116471814
213700011935 103716489
213800007968 112973961
213900010157 106172160
214000007880 103881843
214100032637 59407547
214200036801 29826679
214300017038 34128713
214400041435 68775775
214500038421 26822122
214600041515 26844286
214700040324 26827536
214800040150 26860006
214900040560 26858572
215000040789 26824205
215100008983 104548236
215200010429 122542768
215300011059 116045263
215400011608 104843673
215500011785 117516932
215600009565 104748018
215700006105 107821349
215800009901 113767581
215900011573 104572460
216000011679 117149597
216100012454 104121817
216200007175 105236943
216300013326 112970752
216400011644 103408678
216500013647 111522435
216600036706 41347145
216700034252 29770665
216800022086 38338173
216900039264 64016827
217000039864 26825586
217100039344 26834023
217200040186 26842576
217300040369 26840476
217400039603 26841378
217500034402 26961523
217600009962 122207121
217700009582 122023929
217800011692 112171011
217900006685 113415223
218000011089 108018833
218100011579 104371629
218200012288 117032175
218300010847 104287964
218400007732 111706388
218500012187 109466009
218600012902 103988137
218700012023 115947680
218800013822 102614840
218900007288 111215689
219000013714 99005087
219100036062 34242472
219200032220 29616499
219300030142 40270982
219400040721 61296995
219500041589 26839651
219600039031 26827938
219700040206 26851074
219800039913 26830719
219900040631 26862518
220000006773 40438923
220100009031 121162667
220200009636 121038841
220300009272 109838322
220400012401 117380184
220500010820 104334821
220600007030 112477691
220700010433 108819329
220800011676 104340429
220900010938 116936477
221000010401 104119162
221100006167 110376376
221200012692 108935038
221300011725 102597554
221400011523 116029779
221500025915 90867856
221600035104 29731569
221700028101 29451724
221800031999 40950513
221900038920 60272539
222000037961 26822007
222100039322 26812592
222200040326 26855195
222300302889 26882255
222400039386 26775159
222500005435 61774058
222600006974 114135823
222700009209 120315152
222800006310 117629478
222900010451 106421633
223000010241 104666471
223100010169 116902503
223200011323 104669759
223300007356 113763812
223400011430 107758875
223500011683 104318962
223600013381 116634806
223700012337 102610851
223800007119 109747399
223900012055 106984758
224000036306 81873920
224100039538 29555251
224200013795 30742749
224300003576 47450985
224400039762 52308436
224500041652 26846058
224600040461 26843888
224700038863 26840476
224800039892 26822505
224900039008 26842894
225000006535 71374590
225100009794 114187636
225200008133 119523013
225300010826 118044318
225400010297 104633408
225500007449 112141862
225600012060 109788834
225700012268 104660703
225800011913 117347559
225900011307 104328423
226000006845 110093858
226100012669 110483661
226200103494 102493540
226300008666 115132179
226400010493 103747242
226500037052 75228865
226600036138 29503079
226700031283 31305380
226800040344 72142346
226900039301 26880388
227000040442 26862325
227100041699 26843399
227200041307 26844204
227300041876 26831322
227400039939 26846572
227500008153 88955244
227600007987 118893782
227700010123 124087775
227800010511 104731889
227900006920 106012031
228000011468 115972985
228100012946 104462082
228200007615 116347756
228300011288 105445956
228400010069 104361786
228500011130 116595993
228600012685 103529706
228700005922 112449172
228800011128 104989406
228900007565 103299613
229000036863 60904432
229100039082 29764339
229200015295 32388920
229300039756 70548163
229400039659 26850084
229500039886 26844875
229600038781 26851930
229700040869 26860958
229800040038 26832013
229900038601 26810847
230000011504 102428640
230100010604 122658140
230200012351 116256051
230300011497 104706296
230400012221 117331266
230500010429 104569696
230600006306 105764222
230700012238 115630850
230800013914 104442192
230900007049 115990200
231000011550 104685260
231100007804 103813848
231200010869 114788742
231300010242 105059415
231400009991 111853820
231500030820 42481234
231600035611 29731417
231700021966 37646893
231800039610 64679551
231900040239 26831613
232000038574 26841308
232100039107 26834816
232200040671 26840845
232300040853 26838242
232400041649 26831090
232500013798 117395740
232600009655 121819980
232700013654 113463415
232800006738 108765593
232900013852 112543145
233000012208 104542079
233100012628 117272128
233200011571 104479045
233300007210 107260690
233400011633 113940006
233500010666 103704741
233600012022 116139924
233700011293 102023973
233800008324 106026310
233900017375 105109593
234000035873 36986816
234100034375 29848227
234200027127 39796371
234300038726 62301185
234400040877 26849203
234500040566 26848498
234600041518 26846830
234700036884 26839755
234800040524 26867274
234900007719 34992160
235000009388 121566687
235100009738 121220403
235200010798 110951146
235300011438 117417367
235400012908 104673408
235500007602 108360899
235600013111 113396484
235700012688 104619475
235800012336 117081938
235900012380 104346829
236000006568 106265057
236100011314 113335903
236200011481 102705108
236300011865 115981180
236400012692 93151675
236500034362 30369422
236600035991 29875678
236700025004 40678762
236800040442 60634146
236900040527 26814749
237000038592 26824728
237100040075 26828338
237200040032 26860360
237300040549 26833070
237400006906 59056496
237500015538 113125647
237600010252 120387458
237700006675 115546456
237800011346 109694078
237900011227 104650694
238000011183 117281938
238100012335 104516367
238200005990 110873653
238300011734 110881002
238400010169 104254202
238500011211 116700821
238600013234 102822715
238700006365 107110218
238800012881 109154903
238900032604 83685750
239000034506 29571213
239100027526 30222274
239200025059 41315857
239300039636 59061202
239400040960 26853667
239500039668 26818215
239600310891 26902797
239700038247 26762852
239800041711 26804497
239900013398 70130031
240000013816 113418997
240100009986 120122912
240200012582 117870886
240300012975 104281827
240400006797 110609340
240500012404 110409940
240600015723 104210011
240700011602 116769718
240800012150 104097760
240900006720 108758836
241000012127 111478000
241100012087 102432432
241200011340 114026141
241300010728 102423746
241400035668 75583222
241500038761 29594690
241600030824 31309384
241700003892 69387227
241800040444 28953757
241900039580 26820336
242000042187 26835601
242100040677 26840292
242200041624 26813879
242300040525 26827172
242400008095 80817629
242500006104 114000424
242600007128 123731094
242700011763 111087810
242800014427 103948610
242900012988 116949341
243000009685 103788938
243100009565 108977914
243200012041 112679996
243300011634 104215194
243400010449 116784855
243500011726 103892948
243600007325 105166864
243700007665 112990174
243800012268 101534149
243900036607 67438053
244000033691 29585209
244100031109 31791611
244200040418 71028235
244300036365 26820960
244400040310 26824743
244500037697 26839468
244600041225 26823221
244700040373 26817404
244800040269 26844815
244900015425 96780762
245000011045 123289264
245100010559 117689753
245200010692 105237162
245300006919 113255045
245400011596 109431206
245500012982 105029362
245600010828 117728827
245700012260 104736443
245800007227 111348810
245900011889 110505938
246000013908 103866250
246100011424 114902910
246200010802 103202746
246300006893 108966641
246400036257 50471235
246500035325 29709449
246600016900 34940997
246700040089 67697806
246800041071 26851044
246900040358 26836497
247000038435 26855003
247100041376 26849607
247200039328 26860873
247300040141 26825105
247400009398 107261775
247500008522 122740192
247600012169 115468555
247700010037 104980335
247800011186 117535616
247900012732 104877681
248000006727 110799473
248100011205 111557519
248200016780 104759886
248300012770 117360201
248400012174 104347666
248500006017 107810937
248600012336 110472543
248700009950 105509076
248800015692 110424646
248900034050 39905540
249000034256 29733133
249100028217 39541691
249200038918 62668451
249300038979 26846046
249400037840 26843068
249500036748 26851938
249600035681 26861410
249700040800 26857631
249800040563 26853301
249900012134 116964484
250000008399 122193464
250100011263 113564785
250200006924 108781176
250300012047 113625746
250400012210 104746575
250500010703 117401670
250600010392 104893637
250700006596 107149245
250800011106 114539467
250900010856 103990525
251000065062 116217454
251100011969 102304621
251200007398 107434393
251300015976 104926493
251400033628 36738523
251500032725 29761994
251600031466 39971746
251700039210 62084584
251800039059 26813668
251900041194 26839964
252000040460 26835499
252100040361 26836623
252200039548 26857619
252300008283 40359832
252400007336 120225078
252500009787 121030393
252600011592 110158228
252700013415 117396412
252800011595 104469772
252900007000 112219944
253000010804 109500703
253100011320 104427813
253200011690 117020969
253300010823 104163222
253400007708 109854954
253500010870 109609057
253600011762 101889908
253700011398 114329857
253800026134 91611703
253900031511 29761853
254000034576 30064725
254100030093 40835713
254200041046 60561426
254300036256 26841009
254400038951 26844057
254500039824 26860853
254600040934 26859871
254700040324 26837732
254800014502 63376130
254900008639 113447630
255000008224 120265027
255100006780 118771428
255200011215 105287957
255300007255 104758005
255400010526 117256674
255500012567 104441286
255600005410 114959708
255700011410 106753035
255800010259 104473000
255900012021 116462927
256000011782 102685264
256100007589 111657400
256200011428 107281417
256300033124 79680315
256400038928 29664578
256500029743 31237288
256600004478 59020429
256700039836 40299402
256800040588 26845785
256900038362 26841597
257000041755 26852123
257100040264 26849129
257200041675 26867465
257300010391 81141939
257400008156 113893632
257500006362 123792398
257600011469 111641888
257700012777 104815168
257800011191 117448621
257900011339 104650733
258000006919 109044613
258100010861 112914456
258200011476 104439959
258300011981 116955341
258400012417 103872965
258500006824 105398049
258600010569 113074533
258700012492 102691882
258800033853 68530272
258900035545 29590857
259000031125 31744410
259100038534 71287434
259200034838 26837221
259300040818 26819219
259400037845 26845432
259500040338 26837531
259600039347 26825285
259700040551 26806207
259800006968 97127640
259900009254 123281322
260000010753 117526793
260100016892 104862918
260200007252 113546775
260300012168 109034753
260400015533 104890205
260500011289 117439291
260600013508 104748492
260700020040 111734020
260800012359 109703025
260900010396 103781460
261000012902 114810252
261100010597 103285557
261200007707 108735432
261300032766 49447237
261400035881 29807795
261500017846 35728509
261600038686 66785171
261700039711 26818420
261800040056 26845488
261900041238 26833136
262000040299 26824931
262100039798 26845230
262200039537 26835975
262300011149 113545491
262400010229 122240675
262500009620 113970014
262600005694 105763549
262700009968 115686957
262800013888 104499813
262900005985 115945082
263000010782 105644698
263100012835 104406007
263200011403 116858077
263300012582 104236179
263400008503 113455801
263500011129 104472436
263600012143 103846466
263700017720 107965976
263800033869 37976462
263900033949 29664865
264000031576 39556958
264100040238 61982320
264200040116 26854971
264300040045 26837422
264400041009 26841351
264500040293 26808294
264600038104 26849235
264700009229 29788567
264800008054 122842303
264900010405 121596286
265000015705 111622610
265100006958 117279808
265200012077 104892038
265300007311 104842628
265400011225 116478900
265500012434 104110217
265600009004 115241813
265700010127 106019287
265800011638 103768321
265900010967 115841872
266000010474 101902842
266100005985 112370456
266200013624 96394807
266300035841 32243797
266400034431 29810513
266500031703 40452314
266600039779 61215369
266700038030 26831560
266800039840 26825231
266900040266 26853555
267000040041 26850956
267100040047 26844414
267200007371 51191730
267300009798 116917005
267400009628 121329933
267500006770 112898309
267600011751 113284774
267700009998 104705672
267800011206 117470114
267900011387 104735802
268000007077 107173065
268100011580 114401527
268200011490 104391437
268300011443 116934148
268400012655 102798305
268500006402 104451202
268600011798 114645194
268700034591 86089532
268800034531 29430257
268900025011 30365477
269000023728 41327025
269100040006 59350490
269200039068 26823826
269300039060 26829807
269400042088 26860247
269500039191 26836515
269600039983 26817230
269700007739 67450338
269800007558 113872336
269900009075 119779963
270000012474 118956723
270100012368 104766451
270200006817 108387879
270300010829 113462472
270400012794 104513020
270500012337 117133070
270600012057 104483495
270700008203 105957842
270800012691 114146373
270900011953 102323214
271000011256 114080706
271100013454 102752588
271200037301 78148433
271300031932 29682064
271400030694 31225649
271500003431 60541423
271600040828 38928181
271700042345 26847500
271800041548 26838196
271900040819 26884071
272000041003 26829665
272100040827 26841576
272200009476 77139025
272300010516 113954713
272400007236 121483948
272500011694 114988316
272600009974 104659671
272700026928 117264386
272800015036 104485126
272900006224 105196197
273000012247 116495345
273100010581 104368560
273200007267 115365408
273300011991 105240376
273400010827 102281956
273500009742 114581872
273600011684 101961001
273700039602 71603699
273800036402 29778263
273900030151 31712807
274000039220 71614113
274100042720 26838069
274200041462 26821464
274300038780 26855089
274400040705 26842546
274500040741 26859234
274600039990 26831364
274700009982 93529313
274800007376 121375365
274900010944 119995816
275000089529 104514534
275100006171 109863118
275200014586 111687268
275300011340 104531782
275400011937 117269531
275500011655 104389786
275600008094 108303158
275700012327 112831256
275800010980 103473674
275900012374 114567347
276000011258 103104305
276100008056 106355751
276200033673 54716053
276300034272 29844187
276400015565 34537577
276500039435 68446684
276600039787 26845899
276700041091 26866132
276800040063 26850910
276900040635 26884493
277000040261 26854357
277100040340 26825171
277200004576 103241904
277300009306 123006686
277400012353 116181940
277500012231 104657516
277600009751 117252329
277700013567 104490026
277800006319 107016355
277900011668 114631360
278000010254 104421491
278100011596 117110349
278200013317 104165170
278300007164 104445679
278400011168 113818676
278500013533 105048786
278600014123 111376841
278700037477 41956753
278800033128 29493160
278900019019 38319041
279000039553 64205130
279100039801 26808757
279200040392 26856679
279300040176 26838383
279400038275 26861276
279500039657 26829933
279600035111 26898836
279700008955 120914931
279800009821 121783275
279900012252 112756149
280000007068 112270709
280100012783 109778950
280200011424 104542880
280300010952 117266540
280400011483 104469132
280500007406 110062514
280600011432 110644684
280700011623 103850795
280800013072 115837803
280900013101 101880257
281000009595 108565556
281100016022 101456706
281200038305 35711103
281300032770 29780365
281400030880 40046479
281500041425 56846271
281600039464 26920123
281700039024 26898387
281800038564 26888253
281900041560 26903064
282000041250 26901103
282100004513 109115661
282200010879 118375813
282300006478 104693307
282400012602 106227629
282500007527 97300516
282600012519 105673017
282700007248 97581653
282800010677 105270869
282900008169 97692338
283000012806 105093157
283100007620 98473895
283200016734 105509158
283300007164 100299715
283400037427 84426267
283500035032 28730792
283600031489 30452114
283700024384 52556901
283800022802 44593402
283900023803 170253463
284000001910 75801934
284100023904 141840518
284200001707 164473305
284300023319 53437421
284400024381 172774994
284500020745 45332679
284600022765 172449005
284700024022 45388399
284800023228 172425189
284900023778 45373831
285000022838 172601375
285100001806 73083998
285200022591 144765545
285300001569 163613563
285400022965 54241415
285500023976 171641373
285600022326 45354219
285700022839 172433777
285800022603 45345481
285900024513 172053714
286000022025 45357953
286100023627 172393980
286200001815 73537284
286300022484 144054356
286400001813 163176073
286500022414 54679061
286600023073 172391900
286700023328 45347781
286800023861 172587176
286900023943 45297573
287000023804 172175531
287100021038 45380100
287200021987 171801222
287300001987 73558205
287400023910 144029694
287500001679 162064895
287600022642 55341823
287700023357 172663577
287800024046 45375108
287900022345 172517834
288000022649 45374949
288100022694 172389915
288200022873 45335933
288300023993 172494437
288400001416 70444636
288500024000 147098682
288600001535 160842839
288700024323 56541807
288800022996 171787565
288900021678 45394157
289000023611 172427862
289100024756 45354159
289200022753 172386989
289300023859 45342021
289400023525 172543954
289500002793 71030072
289600023119 146474246
289700001762 159737988
289800021989 57778070
289900022276 170046184
290000023325 45308626
290064472811 137199378
