100826496 1069513
200804867 1251890
300802992 1378453
400201731 1569213
500194817 2618402
600342872 3832024
700337628 4989768
800321492 6381766
900342193 7537269
1000313401 8922350
1100329248 10031852
1200741884 11222398
1300787901 11249758
1400622620 11297121
1500807564 11792255
1600823909 12124164
1700839069 12435385
1800826138 12697898
1900205582 13389838
2000344122 14578174
2100212085 15906117
2200342578 17130311
2300360250 18288069
2400351334 19676093
2500352328 20808845
2600406392 22053770
2700778975 22454178
2800797106 22485740
2900363103 22598375
3000818170 23143754
3100826918 23396686
3200843315 23681228
3300236894 24258208
3400231397 25154954
3500367357 26552723
3600375889 27713260
3700264395 29073431
3800346154 30263645
3900228746 31465429
4000357063 32724922
4100799981 33505137
4200820799 33536014
4300341072 33607538
4400849638 34130525
4500857393 34354128
4600873930 34570644
4700779693 34868398
4800254735 35926650
4900388119 37156042
5000382600 38328544
5100379592 39737961
5200392417 40909545
5300246769 42290393
5400383128 43440402
5500849197 44630531
5600845638 44656386
5700885042 44704503
5800891092 45174691
5900875023 45384439
6000855489 45656860
6100886998 45917633
6200255065 46622378
6300402124 47806496
6400274866 49073135
6500398172 50361410
6600411859 51520569
6700406860 52910928
6800400196 54045193
6900496392 55299836
7000855423 55705685
7100878755 55737533
7200475913 55837638
7300889579 56434113
7400726745 56738060
7500889763 57015104
7600273827 57608801
7700375215 58489849
7800405762 59890708
7900423650 61053194
8000293548 62323748
8100440789 63604400
8200433733 64750423
8300423188 66069156
8400883325 66861582
8500838562 66892842
8600398091 66960938
8700932106 67434921
8801063833 67677650
8900918959 67913947
9000929416 68126371
9100306235 69131466
9200452930 70371542
9300527856 71532044
9400426931 72929595
9500454138 74089588
9600316397 75355679
9700460397 76597704
9800810616 77821090
9900882754 77848663
10000671530 77890280
10100959626 78363328
10200948256 78586680
10300941719 78776619
10400761347 78983272
10500339093 79675205
10600456162 80864280
10700333801 82047859
10800466423 83439083
10900483284 84607471
11000444770 86010896
11100481240 87157820
11200538096 88436966
11300922959 88844362
11400927592 88876512
11500761148 88966971
11600964785 89591442
11700908748 89851727
11800958347 90153158
11900334435 90774400
12000365974 91656935
12100472672 93058876
12200484803 94216896
12300359248 95447012
12400498382 96764112
12500482866 97906792
12600473442 99226140
12700946405 100024747
12800934422 100055801
12900467851 100122962
13000971744 100668288
13100964381 100963623
13200966936 101234447
13300999843 101509043
13400370991 102523969
13500517127 103755946
13600495254 104914896
13700481961 106308929
13800509987 107466453
13900379908 108734652
14000524322 109968457
14100966931 111152745
14200967385 111179707
14300815446 111224709
14401346359 111682197
14501003094 111929335
14600983295 112178762
14700993331 112410013
14800406545 113094270
14900545936 114279899
15000397174 115528502
15100538419 116844369
15200535812 118007811
15300539020 119405289
15400539607 120549791
15500585547 121816298
15601003008 122195140
15700983746 122226969
15800601275 122332644
15901032360 122783024
16001029090 122892933
16101025198 123056870
16200403241 123564895
16300428122 124449115
16400548077 125860891
16500558908 127027816
16600429558 128267763
16700548316 129594892
16800555542 130749271
16900519489 132079678
17001017623 132882939
17101014512 132913877
17200525765 132980770
17301043581 133543318
17401020749 133820662
17501060545 134163585
17601036285 134406617
17700439813 135376323
17800592512 136649519
17900566913 137809124
18000551874 139202757
18100564494 140362642
18200445314 141591166
18300571864 142871040
18401042872 144068342
18501029969 144094825
18600812845 144138643
18701065971 144598899
18801065971 144844272
18901063091 145116353
19001074625 145413080
19100468130 146099290
19200597105 147282230
19300461869 148510662
19400645030 149840020
19500590476 150998028
19600584482 152388804
19700615189 153524268
19800654660 154791478
19901005552 155171619
20001322610 155204131
20100650720 155308106
20201092948 155881897
20301050653 156110695
20401106838 156351473
20500497212 156990240
20600491124 157889453
20700598862 159301952
20800620556 160473079
20900485517 161782136
21000741712 163054488
21100635962 164212079
21200588131 165543791
21301067379 166305017
21401077540 166336291
21500586149 166409089
21601294490 166921667
21701090623 167121620
21801119426 167356087
21901005453 167624731
22000502934 168667172
22100636618 169883959
22200635447 171041189
22300636508 172432027
22400654637 173587468
22500500025 174962795
22600640109 176082440
22701063322 177275573
22800958129 177302702
22900956183 177349096
23001127364 177834192
23101120826 178163804
23201141372 178465398
23301083512 178694225
23400525539 179391952
23500659126 180579939
23600513856 181892582
23700660014 183135727
23800657689 184294744
23900659204 185684862
24000647204 186818660
24100717379 188066554
24201086605 188461420
24301097466 188492805
24400724412 188605022
24501164879 189118179
24601167529 189335439
24701151615 189557312
24800571068 190143334
24900549018 191036149
25000666885 192434021
25100694545 193597279
25200548348 194964906
25300686292 196150127
25400548655 197361045
25500793633 198614080
25601128742 199384492
25701141130 199415095
25800654103 199487033
25901164060 200005653
26001172710 200243028
26101168697 200433569
26200637867 200692401
26300573901 201744646
26400699345 202972903
26500705344 204142977
26600689825 205549023
26700719119 206718997
26800576138 208110258
26900704110 209244375
27001147982 210438818
27101158016 210465334
27200979323 210513001
27301181823 211032483
27401190403 211290522
27501210248 211562549
27601179122 211866326
27700577416 212567531
27800718657 213760429
27900580619 215111722
28000725152 216314839
28100590182 217482749
28200723582 218863717
28300730206 219997091
28400788201 221240396
28501151564 221631393
28601179795 221662491
28700532544 221819134
28801200895 222350577
28900735333 222662767
29001193735 222942398
29100605486 223568809
29200611022 224470790
29300732096 225865601
29400734917 227024238
29500727892 228417931
29600748266 229574964
29700626843 230832564
29800740255 232024658
29901198793 232769048
30001176694 232799973
30100847174 232875897
30201229494 233380507
30301233887 233635291
30401235542 233896562
30500636331 234157313
30600636252 235222665
30700900881 236437459
30800628456 237655241
30900773618 238995052
31000778370 240154241
31100756270 241546156
31200769006 242661911
31301217293 243820119
31401234309 243846685
31500717634 243898002
31601252851 244345390
31701250194 244497653
31801208367 244632824
31901257861 244815924
32000641488 245492982
32100720339 246698449
32200705634 248102350
32300777512 249271589
32400647213 250533766
32500789790 251838113
32600737921 252981346
32700681283 254272079
32801223829 254580399
32901215313 254611504
33000579280 255009793
33101277948 255369918
33201289667 255674781
33301274874 255952053
33400658184 256584594
33500663911 257613191
33600810722 258883895
33700812825 260041592
33800804275 261433298
33900827160 262587457
34000795046 263965147
34100784903 265024576
34201262474 265746475
34301253978 265778076
34400905960 265857920
34501303729 266409401
34601296764 266648667
34701293625 266921031
34800690900 267338311
34900695276 268300613
35000823049 269505157
35100683435 270859039
35200839653 272063778
35300700515 273233118
35400836092 274608427
35500718096 275722012
35601284331 276856893
35701285429 276885089
35801146314 276939116
35900794052 277437764
36001330164 277682434
36101302369 277922699
36201325016 278184858
36300720574 278911038
36400847110 280123380
36500846404 281532348
36600851578 282706343
36700713578 284031293
36800854371 285285323
36900721347 286487307
37000745244 287780559
37101313995 288041021
37201290983 288072148
37300652698 288483148
37401347730 288650082
37501343151 288887751
37601347849 289113155
37700729092 289724403
37800736992 290760952
37900863474 292029074
38000883751 293188911
38100878777 294582684
38200876520 295738630
38300859696 297118140
38400849200 298180619
38501331440 298892804
38601312605 298924753
38701164367 299005653
38801319006 299610697
38901369861 299929626
39001364413 300210852
39100749688 300542437
39200753871 301546895
39300894708 302750798
39400754880 304063327
39500901958 305306755
39600903279 306464062
39700974393 307850759
39800878143 308955559
39901340118 310080590
40001374044 310106959
40101219130 310161506
40201381546 310628672
40301561244 310876215
40401385388 311105636
40501397264 311337053
40600777197 312038166
40700914172 313239262
40800911683 314633947
40900934941 315796525
41000776061 317135929
41100920698 318344039
41200797061 319561128
41300808012 320846002
41401373229 321050493
41501368996 321082248
41601407199 321525175
41701410799 321779056
41801411192 322010424
41901400851 322221086
42000790228 322859844
42100800005 323969571
42200937043 325189590
42300937201 326360760
42400927709 327767687
42500945825 328935388
42600921598 330327962
42700922335 331396938
42801369901 332141411
42901373685 332173639
43001046295 332253504
43101432274 332799272
43201421208 333074716
43301421051 333336762
43400819052 333755972
43500828300 334728632
43600950705 335932064
43700824350 337262519
43800959465 338482233
43901065003 339643999
44001055767 341024577
44101184075 342125350
44201507743 343224363
44301677341 343243586
44401285807 343293259
44501458026 343721688
44601454451 343885212
44701453521 344053996
44801416805 344296704
44900867042 344968720
45001072035 346163951
45101053622 347555375
45201077453 348712838
45300902060 350096732
45401092423 351255740
45500921475 352515635
45600927719 353780236
45701447695 353937982
45801433981 353961912
45901481627 354408301
46001448155 354542530
46101488488 354686398
46201483806 354851766
46300868438 355420532
46400923660 356516497
46501089629 357721784
46600942060 358891534
46701081449 360278345
46801104048 361435159
46901050532 362818558
47000925855 363889097
47101442539 364580376
47201458286 364603366
47301300335 364682421
47401498750 365075475
47501491922 365159319
47601480454 365199353
47701027363 365504965
47800896881 366436996
47901114473 367638489
48000958544 369007042
48101119557 370204172
48200957259 371384380
48301122627 372761525
48400954329 373886358
48501478551 375000490
48601481037 375020803
48701466884 375070171
48801505482 375559398
48901520957 375746745
49001514234 375976079
49101523958 376146974
49200923782 376832662
49301122918 378025679
49401120081 379417094
49501127834 380575268
49600971533 381928026
49701155676 383118158
49800994324 384347925
49900995700 385611614
50001515290 385795276
50101488966 385818732
50201489739 386250989
50301532650 386437092
50401540086 386548748
50501540292 386756561
50600955898 387334654
50700997265 388383397
50801161279 389622732
50901157845 390779961
51001143301 392171999
51101156629 393325139
51201114486 394703847
51301095782 395754165
51401500875 396447388
51501507993 396470219
51601389484 396548722
51701567182 397022031
51801560922 397175285
51901555016 397260226
52001024312 397721563
52100959416 398632035
52201174439 399837179
52301011538 401223808
52401188392 402409468
52501013937 403609290
52601197183 404976367
52701020335 406119314
52801563077 407208115
52901546810 407228731
53001325933 407278445
53101586382 407694598
53201578985 407832939
53301578048 407954773
53401568291 408069544
53500989252 408763621
53601210623 409959582
53701064504 411347746
53801117705 412502204
53901199090 413890296
54001196882 415039341
54101034756 416325711
54201042924 417585653
54301568280 417708355
54401565791 417732231
54501597321 418181102
54601594921 418410803
54701601297 418628126
54801609054 418833561
54900942915 419368359
55001204476 420508764
55101231787 421667302
55201065591 422883966
55301227159 424213623
55401215789 425366302
55501197482 426742093
55601038012 427850789
55701582417 428461901
55801593889 428484896
55901422654 428566021
56001934065 428998154
56101612378 429147471
56201615463 429314492
56301082239 429706410
56401080835 430543769
56501246986 431731776
56601212533 433123652
56701247607 434281940
56801077375 435575241
56901253739 436819596
57001102831 438057454
57101609917 438984732
57201613669 439005946
57301456376 439060014
57401615407 439540765
57501642253 439695265
57601637870 439828832
57701656350 439994850
57801051786 440713025
57901106199 442085205
58001240918 443339002
58101268275 444509339
58201261458 445914598
58301272132 447079358
58401376789 448461071
58501243175 449694685
58601642990 449734224
58701638002 449758072
58801661616 450197710
58901679279 450420003
59001670904 450675983
59101678200 450918480
59201100441 451576815
59301266610 452724757
59401280361 453881276
59501128131 455243254
59601280469 456427592
59701120589 457609556
59801260223 458952518
59901112975 460206793
60001654072 460644540
60101645324 460667618
60201478110 460750800
60301680268 461180837
60401698151 461394034
60501682959 461559223
60601114538 462089384
60701098773 462925343
60801127723 464119249
60901484172 465498053
61001305445 466652583
61101275256 468042698
61201313157 469188870
61301204251 470524729
61401676940 471348264
61501674934 471369815
61601545935 471426825
61701703851 471870160
61801713086 471987870
61901711309 472116863
62001714162 472253556
62101089343 472999490
62201215190 474427735
62301320510 475604744
62401156268 476791018
62501326865 478152284
62601343747 479302837
62701227138 480666476
62801763786 481898321
62901691262 481939023
63001675168 481963132
63101713160 482402537
63201726489 482504545
63301719271 482565634
63401774894 482633325
63501163703 483258436
63601326705 484420851
63701344332 485587786
63801320835 486988745
63901340388 488154815
64001181460 489379976
64101344358 490702659
64201182342 492000438
64301709932 492395873
64401708415 492419103
64501523967 492503230
64601747320 493082970
64701739342 493254445
64801739647 493453346
64901133313 493971181
65001217957 494819801
65101257959 496061041
65201379668 497386056
65301357189 498540069
65401350389 499926687
65501371373 501069470
65601284733 502400340
65701731585 503211454
65801561230 503233281
65901463703 503290488
66001765729 503768546
66101770289 503957411
66201761808 504109121
66301767818 504323224
66401219713 505116158
66501341066 506525205
66601387308 507685030
66701214258 508942127
66801391743 510236009
66901402485 511388876
67001362650 512749145
67101774447 513955998
67201777060 513975060
67301450666 514001991
67401794418 514466365
67501787220 514600984
67601797198 514734421
67701802635 514886549
67801203077 515561354
67901402963 516731542
68001411127 517902578
68101390323 519311183
68201419738 520484579
68301241481 521837299
68401411349 523040963
68501403642 524329331
68601787101 524747105
68701782650 524770632
68801606262 524855960
68901815774 525233128
69001810181 525339819
69101594957 525410836
69201201164 525866463
69301224968 526715611
69401266961 527971944
69501418426 529282109
69601436126 530439220
69701398960 531829014
69801424513 532974661
69901410435 534307216
70001802651 535104898
70101786113 535126632
70201305875 535185076
70301831734 535693142
70401845214 535940794
70501826548 536177065
70601830696 536315463
70701281247 537147919
70801428264 538504152
70901552171 539662536
71001302801 540969648
71101459306 542209980
71201437526 543360178
71301428597 544718349
71401800656 545917951
71501821839 545934869
71601571925 545964148
71701850623 546395990
71801854360 546536053
71901840153 546699400
72001867362 546845504
72101251949 547432432
72201454549 548594315
72301481122 549752385
72401487225 551144665
72501486645 552300633
72601325391 553667091
72701479034 554823768
72801612236 556095818
72901883342 556479820
73001845001 556503148
73101666610 556589960
73201868692 557076416
73301868741 557203667
73401874505 557345086
73501301627 557878310
73601294542 558742855
73701321216 560073456
73801502391 561333796
73901495182 562501918
74001489911 563905092
74101492711 565061770
74201422593 566404493
74302175229 567208001
74401835614 567229700
74501378791 567289244
74601886548 567808136
74701891848 567959402
74801901637 568203591
74901423985 568433144
75001353858 569316906
75101460716 570651239
75201514398 571807441
75301357201 573129855
75401506931 574349386
75501425267 575502104
75601497921 576849832
75701810597 578058464
75801891262 578077753
75901643136 578107027
76001912489 578563112
76101899096 578721285
76201922105 578893374
76301922661 579053158
76401356199 579701954
76501537919 580867298
76601530148 582025655
76701517310 583418209
76801537671 584574165
76901522303 585961822
77001540535 587097170
77101518442 588358901
77201904250 588755561
77301906584 588779047
77401782755 588867016
77501921510 589330758
77601932070 589439249
77701934704 589576404
77801335239 590090392
77901350866 590958211
78001382875 592349424
78101557951 593522463
78201397533 594719496
78301558225 596073109
78401567435 597219342
78501486754 598547552
78601931982 599314057
78701932514 599335673
78801427017 599399588
78901960913 599825863
79001965683 599947590
79101953740 600013890
79201958294 600147366
79301419051 601152781
79401714379 602386105
79501580627 603552337
79601465953 604954119
79701580588 606121448
79801425763 607389193
79901552313 608645557
80002175694 609823635
80101953983 609841859
80201576792 609880281
80301969470 610374598
80401984067 610585238
80501981011 610792774
80601978004 611049546
80701379707 611698294
80801601798 612872763
80901438565 614128927
81001594130 615421206
81101589975 616577608
81201584101 617965129
81301600599 619097322
81401603887 620343412
81502292630 620731253
81601996229 620754656
81701569621 620854318
81801998859 621326143
81901995820 621500392
82001918717 621679956
82101405694 622219622
82201412747 623083056
82301583992 624484084
82401613700 625641627
82501464092 626888319
82601645987 628187571
82701620712 629330821
82801562053 630646413
82901994927 631390726
83001988171 631413072
83101493413 631479834
83201997754 631930439
83302008282 632074943
83402013164 632195629
83501938227 632422324
83601393854 633436537
83701659862 634662124
83801645040 635823659
83901615889 637220196
84001640809 638380681
84101490302 639695987
84201626119 640898969
84302041789 642094750
84402013239 642114949
84501758400 642152998
84602054890 642562018
84702039573 642628160
84802040593 642655545
84902045243 642738961
85001448365 643381291
85101663844 644552126
85201501692 645733359
85301658962 647109938
85401678455 648269846
85501646764 649662439
85601751014 650802043
85701649805 652062818
85802045885 652436109
85902037462 652459519
86001729256 652552623
86102076096 653092167
86202057918 653260715
86302077270 653492664
86401475891 653970496
86501478415 654840834
86601666732 656241048
86701679766 657397502
86801520871 658629090
86901676796 659939787
87001694176 661082142
87101641320 662395695
87202047647 663143446
87302067779 663166040
87401563209 663232077
87502088303 663684509
87602093803 663823506
87702092528 664007183
87801990371 664155220
87901496421 665185970
88001698362 666400697
88101697437 667558922
88201673342 668952884
88301710167 670109797
88401551195 671433224
88501696627 672610883
88602069451 673794815
88702079592 673814641
88801930206 673853608
88902095409 674173440
89002113128 674174399
89101508070 674367023
89202068563 674604813
89302066444 674622978
89401738436 675163655
89501742390 675176467
89601772732 675495166
89701774472 675813864
89801759784 675841029
89901755495 676160168
90001776813 676490350
90101770535 676517319
90201776368 676835623
90301782550 677154783
90401780567 677181507
90501775146 677500693
90601786961 677828611
90701783459 677855146
90801793453 678173658
90901766844 678492755
91001764672 678519518
91101780189 678846198
91201786451 679167717
91301800833 679193902
91401799525 679512031
91501799316 679830863
91601782480 679856987
91701792066 680184720
91801804466 680505458
91901798238 680531135
92001802153 680847954
92101799937 681169053
92201773545 681194258
92301787163 681521072
92401988937 681842482
92501887283 681867798
92601809155 682184916
92701727449 682514317
92801813040 682538705
92901814201 682859668
93001454629 683121439
93101820850 683205031
93201815460 683521478
93301434091 683761381
93401817166 683878936
93501816511 684197810
93601435338 684365131
93701835783 684542880
93801819235 684860227
93901444319 684991982
94001819508 685216837
94101833101 685535934
94201650593 685603272
94301832096 685883886
94401845552 686207873
94501626989 686253942
94601841615 686558600
94701838067 686877990
94801739205 686905302
94901837172 687222622
95001849560 687552464
95101834453 687579645
95201849316 687898083
95301856332 688216541
95401839561 688243568
95501816024 688560782
95601862952 688890867
95701853495 688917609
95801862314 689235972
95901853548 689554660
96001873234 689581234
96101870021 689902872
96201866987 690229076
96301857284 690255495
96401868234 690574097
96501859045 690893688
96602023389 690920428
96701871693 691249187
96801865779 691569261
96901869255 691595438
97001876822 691912102
97101867469 692231420
97201856105 692257189
97301886503 692585305
97401889014 692908205
97501867025 692933924
97601880698 693251626
97701892130 693574968
97801888323 693599668
97901894142 693925903
98001814684 694246731
98101885206 694272150
98201882725 694589296
98301533961 694889412
98401889125 694945471
98501899948 695264249
98601513605 695485510
98701905043 695611394
98801853799 695927174
98902029338 696524298
99002201862 697467102
99102225146 698158822
99202234518 698846634
99302223819 699556317
99402074324 700271921
99501594780 701358991
99601609663 702535723
99701660118 704234914
99801703325 705787489
99901714037 707612204
100001605545 709266806
100101705407 710887692
100201759907 712710805
100301614729 714296705
100401707563 715972166
100501708383 717760992
100601634411 719256615
100702200113 720308209
100802204119 720347064
100902050287 720423056
101002288077 721177788
101102220657 721911887
101202100841 722609733
101302378961 723296984
101402110295 723948909
101501601342 724942879
101601690349 725647661
101701737641 727429509
101801632332 729083176
101901734216 730716914
102001736476 732546710
102101640573 734137978
102201741386 735833514
102301836354 737662346
102401643418 739182439
102501744472 740923540
102601737038 742682603
102701872592 744218638
102802235554 744271599
102902245652 744310963
103001870881 744440049
103102315479 745549494
103202302197 746195805
103302288736 746855003
103402298667 747535878
103502317200 748210871
103601704052 749273810
103701709121 750535858
103801758782 752349730
103901656973 754105611
104001793093 755628383
104101761152 757452538
104201671571 759142417
104301768902 760728332
104401773901 762548494
104501674813 764163489
104601775947 765760008
104701815623 767387518
104802261385 768087251
104902267524 768126310
105001945832 768222004
105102336843 769150464
105202305925 769862369
105302306083 770586638
105402341159 771248490
105502316050 771944833
105601742771 773036107
105701733630 774162642
105801787386 775586146
105901792606 777415826
106001690900 779210480
106101795488 780700389
106201801272 782528650
106301698663 784257946
106401799604 785808946
106501803794 787630492
106601712664 789281219
106701804371 790768487
106802296228 792115257
106902289844 792153793
107002036235 792217758
107102348773 792914667
107202365748 793580707
107302348993 794227743
107402338984 794864569
107502344530 795506831
107601751173 796113940
107701772678 797212202
107801822211 798933965
107901821779 800386972
108001833189 802211246
108101724964 804029697
108201833132 805487098
108301834384 807309660
108401730982 809058879
108501826731 810575682
108601831301 812381201
108701748877 814041130
108801754195 815584041
108902277566 815890440
109002321694 815929755
109102187442 816038265
109202384997 817094206
109302402749 817821495
109402381976 818538129
109502370531 819242429
109602389382 819914989
109701785920 821014878
109801796489 822233326
109901847438 824042400
110001813908 825498371
110101852631 827328163
110201849682 829157425
110301866880 830613235
110401859510 832441302
110501858636 834267398
110601857055 835710780
110701857265 837502089
110801862203 839196886
110902367408 839930509
111002372676 839969303
111102034561 840054423
111202395070 840894931
111302412966 841610757
111402432912 842300794
111502385532 842937143
111602416612 843596188
111701813441 844656358
111801824765 845746970
111901885316 847168526
112001881926 848995957
112101787003 850524361
112201884673 852281588
112301883496 854109221
112401805850 855572441
112501850039 857390614
112601894250 859211150
112701889469 860641436
112801906223 862372531
112902384324 863804635
113002391820 863841548
113102189505 863894687
113202406007 864527491
113302441006 865217157
113402425315 865889066
113502450851 866582846
113602446440 867271460
113702360002 867950943
113801852096 869028855
113901814215 870548588
114001908857 872178018
114101917865 874000717
114201813792 875582567
114301920574 877278666
114401923492 879102272
114501815100 880616502
114601925608 882373010
114701915561 884181709
114801836495 885598543
114901856958 887153530
115002418503 887710985
115102423162 887749772
115202286528 887861012
115302469455 888877655
115402474760 889600392
115502424562 890312961
115602475069 890954107
115702488679 891628915
115801866870 892709931
115901881690 893906253
116001815794 895700684
116101945112 897169769
116201940939 898998580
116301848612 900753069
116402022115 902284079
116501907224 904110001
116601827256 905795734
116701963692 907379769
116801957117 909173622
116901875470 910757592
117002461648 911645567
117102481797 911684296
117202026187 911763775
117302512175 912570245
117402488359 913228038
117502506149 913849016
117602498235 914547152
117702519683 915184804
117801917275 916252024
117901866897 917200922
118001973254 918726537
118101967744 920547916
118201968633 922000622
118301977762 923823949
118401977527 925645440
118501980736 927096045
118601986257 928916295
118701887548 930732184
118801978438 932157296
118901972699 933893417
119002404891 935371647
119102502484 935409923
119202281927 935452346
119301850289 935903664
119402555226 936793439
119502526078 937511306
119602543266 938225314
119702562040 938899292
119802540028 939579721
119901953841 940648655
120001902718 941970218
120101997593 943774463
120202015140 945602885
120302009249 947060145
120402004538 948891834
120502007293 950719485
120602002701 952174469
120702012533 953998836
120802007335 955814775
120902019306 957215670
121002066454 958796314
121102504382 959416009
121202495007 959455408
121302387502 959560967
121402550997 960532245
121502546485 961149315
121602533744 961823051
121702585775 962466517
121802575704 963103519
121901982420 964174320
122001983210 965337855
122101928700 966960145
122202038790 968588515
122302049096 970411630
122401937481 971993639
122502038904 973687494
122602044652 975508528
122701940739 977021249
122802048596 978770036
122902038832 980564686
123001970822 981981630
123102547472 983111579
123202525434 983150814
123302361983 983225870
123402609858 984014148
123502590538 984707741
123602593087 985390062
123702604334 986119458
123802582401 986799991
123901964529 987933269
124002010669 988587572
124102068282 990374172
124201964780 992059016
124302071741 993659689
124402067930 995489685
124501973221 997111686
124602063590 998774848
124702075143 1000601559
124802034496 1002156491
124902071363 1003861655
125002062710 1005615512
125102679497 1007153818
125202550257 1007215317
125302568722 1007254769
125402199746 1007380043
125502614421 1008541683
125602634946 1009224491
125702603004 1009897523
125802587402 1010563282
125902652090 1011199171
126002097387 1012282481
126102036753 1013549064
126202086770 1015366995
126301995336 1017126514
126402099115 1018656439
126502098215 1020486970
126602062590 1022184425
126702175905 1023773135
126802103288 1025598389
126902009149 1027219842
127002164093 1028825231
127102164741 1030459871
127202610516 1031168626
127302598537 1031207722
127402275604 1031303438
127502581559 1032202176
127602661840 1032859484
127702652752 1033534253
127802654317 1034216005
127902668113 1034938635
128002051023 1036013659
128102141535 1037140848
128202123736 1038560908
128302126611 1040384534
128402130125 1042208525
128502135286 1043662265
128602133273 1045486599
128702032914 1047275539
128802129218 1048758563
128902140566 1050574559
129002045373 1052283058
129102148257 1053699216
129202653140 1055005902
129302631939 1055044023
129402448527 1055110852
129502710733 1055831284
129602689201 1056536675
129702697735 1057271360
129802668929 1057933244
129902683330 1058619121
130002049343 1059453026
130102065567 1060354881
130202154369 1062119777
130302054427 1063642253
130402159382 1065405293
130502162758 1067233678
130602071525 1068693352
130702163747 1070517288
130802162739 1072343217
130902161897 1073792535
131002158991 1075600703
131102150634 1077365937
131202303174 1078919870
131302675156 1079021093
131402647330 1079060261
131502532859 1079173987
131602708730 1080271424
131702660844 1080870250
131802710418 1081530375
131902725339 1082183083
132002729220 1082835114
132102121098 1083922212
132202129681 1085152462
132302189813 1086959945
132402115132 1088435676
132502187176 1090236135
132602196902 1092058607
132702195936 1093509914
132802195847 1095331930
132902184552 1097150214
133002200036 1098589958
133102193877 1100371288
133202242162 1102046185
133302698786 1102789361
133402724220 1102828690
133502347421 1102914249
133602747891 1103793315
133702740748 1104503516
133802740231 1105213067
133902742518 1105918815
134002756812 1106629670
134102149325 1107713740
134202159870 1108798143
134302219711 1110220241
134402210408 1112048329
134502116904 1113572833
134602223100 1115335028
134702216867 1117163986
134802132351 1118623246
134902219654 1120446749
135002223370 1122269007
135102225273 1123699848
135202236319 1125427238
135302724854 1126827117
135402725186 1126864584
135502504546 1126920002
135602723602 1127582705
135702772193 1128281804
135802956339 1128918124
135902778933 1129583721
136002735528 1130205331
136102187238 1130803689
136202152390 1131907744
136302149555 1133613566
136402248471 1135082764
136502251879 1136911404
136602153132 1138663771
136702250875 1140195542
136802247189 1142023272
136902156712 1143709314
137002257221 1145299806
137102255544 1147111853
137202168392 1148703507
137302186658 1150254736
137402754095 1150640310
137502769416 1150679664
137602619938 1150787238
137702821928 1151789343
137802799818 1152476823
137902808314 1153171511
138002795102 1153867867
138102813514 1154588509
138202233416 1155647367
138302221529 1156846012
138402285866 1158647565
138502280460 1160099803
138602287226 1161923174
138702178994 1163717487
138802285890 1165196328
138902286236 1167018696
139002190259 1168745903
139102284228 1170278722
139202290410 1172065782
139302211316 1173689092
139402796968 1174513334
139502758784 1174552010
139602466275 1174634259
139702817959 1175442373
139802862969 1176185348
139902853000 1176884157
140002875109 1177549575
140102839840 1178228511
140202237812 1179277345
140302204239 1180165926
140402309424 1181742901
140502303871 1183569562
140602309879 1185025562
140702304983 1186853753
140802320353 1188682159
140902314024 1190136830
141002314873 1191962241
141102215973 1193747363
141202307684 1195217132
141302317018 1196957965
141402655620 1198459183
141502807623 1198497323
141602827218 1198537110
141702180413 1198844648
141803215001 1199818733
141902887976 1200470321
142002826045 1201123694
142102873063 1201799216
142202875260 1202474287
142302258599 1203534619
142402245990 1204844611
142502333955 1206653654
142602337796 1208476949
142702342333 1209930792
142802346021 1211754806
142902341688 1213577764
143002340054 1215028588
143102350025 1216846804
143202341996 1218655846
143302387436 1220051019
143402407433 1221634731
143502835842 1222303903
143602852745 1222342609
143702711587 1222447016
143802924591 1223392683
143902908721 1224127438
144002901120 1224851951
144102894176 1225510723
144202890506 1226192807
144302302421 1227296811
144402318488 1228452490
144502265306 1229935053
144602375283 1231711743
144702362031 1233540505
144802233851 1234996282
144902376236 1236826691
145002379916 1238653713
145102374451 1240107329
145202375866 1241927174
145302368772 1243727701
145402377953 1245046860
145502850744 1246295328
145602882144 1246333988
145702684171 1246407274
145802925801 1247160813
145902918055 1247827393
146002925604 1248486922
146102955122 1249131153
146202959237 1249799062
146302303655 1250822938
146402352785 1251532110
146502393955 1253307233
146602299505 1254956283
146702401184 1256584104
146802400763 1258407620
146902308579 1259990933
147002401486 1261684625
147102410639 1263504229
147202308855 1265017371
147302405209 1266754949
147402410133 1268509521
147502560187 1270039893
147602902530 1270093149
147702895898 1270132060
147802530358 1270261108
147902959978 1271409662
148002956676 1272136244
148102929127 1272835846
148202962556 1273538157
148302956761 1274237480
148402373822 1275313425
148502373737 1276585232
148602424499 1278405435
148702327259 1280231049
148802428755 1281691578
148902437467 1283521560
149002330580 1285282004
149102439533 1286805783
149202438673 1288631673
149302340888 1290318700
149402432689 1291854216
149502490311 1293472412
149602930970 1294173039
149702509060 1294212724
149802529291 1294310045
149902808267 1295218168
150002821876 1295926668
150102980441 1296622879
150203017355 1297256672
150303015788 1297917210
150402430772 1298975182
150502405123 1300100748
150602459257 1301524678
150702462850 1303352009
150802361558 1305158113
150902460324 1306637736
151002477220 1308465914
151102372205 1310206332
151202425073 1311747288
151302465234 1313568376
151402464066 1315233955
151502481919 1316711879
151602963502 1318083486
151702955022 1318121330
151802770355 1318183285
151902993646 1318870010
152002991744 1319549765
152103012659 1320229808
152203023562 1320920088
152303028116 1321616783
152402426049 1322274367
152502444280 1323370785
152602480613 1325101720
152702489920 1326554156
152802496646 1328380615
152902491894 1330204053
153002498331 1331656974
153102505862 1333481048
153202399026 1335302063
153302497089 1336749497
153402502684 1338556002
153502409654 1340276624
153602431625 1341807831
153703018465 1342020604
153803022260 1342059798
153902868764 1342170102
154003018016 1343237656
154103063839 1343963899
154203073771 1344660518
154303053209 1345333192
154403031275 1345970321
154502483387 1347056861
154602465458 1348287561
154702520945 1350098227
154802483770 1351558193
154902518727 1353383960
155002528878 1355212126
155102528257 1356668339
155202531632 1358494578
155302532912 1360318955
155402533388 1361762705
155502532837 1363551416
155602590244 1365235110
155703046179 1365989580
155803035602 1366028779
155902706394 1366113251
156003088861 1366949919
156103070792 1367605836
156203093614 1368233728
156303069132 1368923573
156403096879 1369562950
156502485244 1370622416
156602511204 1371707503
156702547583 1373125851
156802554922 1374948622
156902450870 1376466558
157002552514 1378229001
157102549727 1380052188
157202528063 1381505599
157302504887 1383325799
157402561255 1385142402
157502554341 1386567860
157602564770 1388295671
157703037671 1389738581
157803085603 1389776597
157902827795 1389826792
158003092883 1390463857
158103114920 1391196791
158203120765 1391914535
158303123788 1392596584
158403100143 1393274169
158503035245 1393945962
158602535460 1395025344
158702477957 1396528987
158802583325 1398175082
158902585435 1400004565
159002483348 1401583084
159102584114 1403290730
159202590065 1405118844
159302488471 1406630001
159402594978 1408398160
159502591649 1410212862
159602508277 1411632602
159702516121 1413199705
159803083604 1413796387
159903097639 1413835382
160002968457 1413941072
160103143351 1414934130
160203149712 1415549718
160303134900 1416222042
160403135303 1416824808
160503045263 1417470657
160602556576 1418528891
160702556129 1419706638
160802509694 1421419722
160902607131 1422961306
161002607183 1424786901
161102519592 1426458868
161202616665 1428064088
161302613851 1429885578
161402517077 1431487393
161502614090 1433148192
161602627204 1434939830
161702547450 1436453749
161803108315 1437452910
161903105061 1437492240
162002938229 1437570726
162103109841 1438367139
162203200517 1439052483
162303176287 1439737184
162403182402 1440454244
162503167204 1441165204
162602569533 1442272005
162702537851 1443058605
162802643995 1444735230
162902539827 1446548909
163002645787 1448020968
163102671377 1449851033
163202550701 1451602887
163302651532 1453135696
163402648007 1454963411
163502550998 1456645446
163602656557 1458218853
163702514303 1459964804
163803098357 1461467721
163903162929 1461502499
164003144738 1461541990
164102516733 1461826365
164203182773 1462861027
164303195042 1463539033
164403204354 1464220477
164503222207 1464873072
164603193927 1465512796
164702621170 1466574703
164802581375 1467889146
164902672560 1469696920
165002671875 1471524925
165102661288 1472981673
165202682208 1474811304
165302667586 1476639174
165402673060 1478094556
165502779106 1479919626
165602635476 1481734270
165702686874 1483135011
165802726896 1484717344
165903191457 1485335227
166003156011 1485374778
166103050721 1485479163
166203246061 1486454292
166303223382 1487079922
166403237582 1487731730
166503229295 1488427805
166603258445 1489138954
166702602465 1490187520
166802722194 1491363734
166902601308 1493006262
167002718465 1494615572
167102704633 1496439860
167202609726 1498041837
167302710154 1499716391
167402709871 1501538907
167502608024 1503072629
167602706285 1504801368
167702718820 1506590445
167802632581 1508035780
167903198165 1509140256
168003208521 1509179109
168103022823 1509254357
168203252388 1510039053
168303264056 1510750010
168403267738 1511496359
168503270052 1512144771
168603269886 1512855378
168702655308 1513916723
168802620247 1514650287
168902733909 1516366033
169002639216 1518149430
169102738770 1519652919
169202743478 1521482618
169302636721 1523204406
169402738171 1524768844
169502741537 1526595903
169602638830 1528246140
169702693478 1529854296
169802746809 1531603006
169903088597 1533115669
170003222430 1533153507
170103227249 1533192795
170202582351 1533372049
170303337277 1534469887
170403276998 1535090270
170503302333 1535751029
170603315667 1536398336
170703307599 1537045074
170802721338 1538109999
170902712491 1539393435
171002761127 1541211499
171102716456 1543035761
171202717742 1544490724
171302721702 1546316693
171402786091 1548142685
171502766312 1549595387
171602773815 1551415691
171702676241 1553203081
171802778654 1554627928
171902851736 1556228979
172003265956 1556906919
172103273172 1556945946
172202966907 1557050959
172303335252 1557995527
172402865765 1558733620
172503313190 1559445788
172603325477 1560133913
172703331985 1560841691
172802724958 1561932075
172902739016 1563080029
173002701824 1564516910
173102790757 1566336214
173202797342 1568165260
173302798203 1569622111
173402798357 1571453206
173502802941 1573280818
173602802360 1574733531
173702796974 1576554529
173802795453 1578357935
173902802644 1579679759
174003473085 1580981043
174103305449 1581020065
174203130151 1581089202
174303357938 1581816881
174403371106 1582517864
174503308803 1583180120
174603362697 1583852340
174703336340 1584467960
174802729557 1585242229
174902772557 1586175355
175002823431 1587928499
175102732511 1589397054
175202832814 1591214440
175302826712 1593041837
175402826222 1594498708
175502823951 1596325948
175602825752 1598152046
175702835126 1599602254
175802852148 1601411277
175902828671 1603178913
176002964269 1604737088
176103536718 1604850990
176203318397 1604890140
176303183023 1605001498
176403388165 1606052916
176503278975 1606709005
176603401060 1607418353
176703377492 1608110157
176803383697 1608812320
176902784619 1609909900
177002799819 1611120246
177102847407 1612923501
177202863766 1614377055
177302851337 1616201542
177402863197 1618025693
177502861253 1619477231
177602870250 1621300893
177702769963 1623078500
177802867280 1624561253
177902869596 1626346668
178002789193 1628031401
178103382111 1628798367
178203373524 1628837601
178303040336 1628919739
178403434394 1629740476
178503426891 1630465534
178603408546 1631171406
178703443547 1631825028
178803418905 1632510569
178902827502 1633563856
179002786362 1634626395
179102887414 1636052765
179202886929 1637879683
179302890802 1639336915
179402886812 1641165836
179502896450 1642993435
179602891566 1644448779
179702987457 1646275455
179802891388 1648095742
179902892174 1649527625
180002894218 1651259059
180103411241 1652683267
180203392001 1652719391
180303200211 1652772194
180403389328 1653403539
180503451463 1654088671
180603431336 1654736342
180703459507 1655423314
180803437891 1656085412
180903345068 1656787387
181002861191 1657867115
181102821347 1659336272
181202922173 1660998572
181302909992 1662821063
181402822494 1664364877
181502919850 1666095910
181602919888 1667917237
181702834069 1669395090
181802927137 1671188436
181902925802 1672996013
182002928471 1674387980
182102983343 1675941634
182203240078 1676563003
182303447100 1676601720
182403278699 1676707496
182503350666 1677709746
182603467126 1678437867
182703510032 1679134647
182803472120 1679794667
182903487935 1680470508
183002896165 1681559004
183102897403 1682740840
183202848982 1684440314
183302948388 1686002893
183402958229 1687832895
183502860364 1689494816
183602954538 1691119499
183702958762 1692947301
183802861496 1694539725
183902949396 1696218937
184002959186 1698015250
184102880819 1699516141
184203433576 1700560509
184303428680 1700599129
184403273411 1700675975
184503506794 1701444999
184603502236 1702119917
184703510680 1702780502
184803512640 1703424339
184903498468 1704073484
185002914471 1705149772
185102878538 1705945548
185202975476 1707605811
185302878544 1709429327
185402981874 1710884072
185502989531 1712708717
185602881399 1714466320
185702987641 1715984852
185802985302 1717808877
185902891198 1719496593
186002991841 1721056619
186102990393 1722799852
186203237274 1724316880
186303498550 1724358356
186403421577 1724397786
186502874594 1724546008
186603526246 1725700891
186703529445 1726411704
186803562772 1727100283
186903542251 1727806199
187003551914 1728533976
187102937224 1729605973
187202955134 1730887164
187303008064 1732708953
187402994625 1734538132
187503014089 1735995704
187603006329 1737826134
187703081628 1739656282
187803017506 1741109442
187903012619 1742934681
188002916630 1744694346
188103021975 1746154534
188203067634 1747765248
188303518488 1748447923
188403521716 1748487465
188502959899 1748587473
188603606548 1749456927
188703536359 1750139240
188803577943 1750783447
188903575979 1751419559
189002988999 1752352404
189102985029 1753309813
189203173958 1754572391
189303066591 1756130600
189403068739 1757690117
189503069668 1759249368
189603069189 1760809952
189702955528 1762074740
189803061448 1763612977
189903057900 1765147950
190003061300 1766587358
190103607598 1767626812
190203577782 1767656013
190303393350 1767728008
190403227717 1768284082
190503240407 1768832840
190603232348 1768868636
190703244320 1769432049
190802872548 1769541188
190903232164 1770024155
191003243758 1770588492
191103258209 1770625077
191203249165 1771181740
191302878467 1771611766
191403243287 1771782036
191503246391 1772345376
191603244126 1772382525
191703247350 1772937770
191803250134 1773502849
191903268407 1773538639
192003256862 1774092489
192103103649 1774197094
192203262110 1774692846
192303261711 1775253391
192403245671 1775289901
192503478641 1775849101
192602914027 1776264002
192703271547 1776450445
192803254801 1777005832
192903261478 1777043212
193003273548 1777606194
193103271338 1778162268
193203273400 1778197882
193303279147 1778760845
193403114248 1778861916
193503271318 1779361856
193603277169 1779918061
193703285755 1779954674
193803280405 1780516991
193902917686 1780921702
194003292635 1781110241
194103281419 1781673624
194203279572 1781710735
194303278746 1782266867
194403286854 1782830885
194503256076 1782866323
194603469791 1783428952
194703137263 1783516761
194803297149 1784022574
194903300331 1784586654
195003313550 1784623101
195103304331 1785178025
195202934028 1785549598
195303286227 1785778235
195403305036 1786339409
195503312119 1786376383
195603303478 1786933616
195703298341 1787499233
195803316229 1787534865
195903280785 1788090925
196003165622 1788168734
196103308190 1788691486
196203326491 1789247298
196303322486 1789283605
196403321794 1789846183
196502953695 1790183908
196603326748 1790447730
196703336202 1791003193
196803332136 1791040264
196903336704 1791603132
197003246421 1792160017
197103237984 1792195298
197203339657 1792757495
197303177302 1792832660
197403322875 1793351503
197503395946 1793912923
197603394670 1793943077
197703009549 1794969821
197803708094 1796153240
197903725198 1796905315
198003747459 1797656529
198103701011 1798373092
198203719899 1799166585
198303735140 1799936453
198403114385 1801289007
198503112463 1802007622
198603142530 1803602698
198703263342 1805999906
198803185964 1807941344
198903075400 1810117947
199003198545 1812300725
199103201871 1814240648
199203190813 1816660576
199303200463 1818601055
199403085023 1820686825
199503185958 1822941144
199603193577 1824848430
199703190876 1827204159
199803201301 1828895465
199903673621 1830125137
200003703320 1830202738
200103552601 1830295566
200203040485 1830747835
200303747659 1831880453
200403751428 1832658164
200503739364 1833440065
200603756329 1834197641
200703876009 1834949842
200803756031 1835768107
200903190058 1837116427
201003112414 1837841829
201103164758 1839451569
201203208360 1841866202
201303271119 1843814569
201403114312 1846103078
201503213311 1848184464
201603223575 1850129550
201703275223 1852556685
201803217829 1854499586
201903120923 1856699578
202003236628 1858850498
202103237553 1860758567
202203220312 1863116186
202303235827 1864803507
202403738647 1865983255
202503672699 1866061896
202603672048 1866161639
202703076277 1866953189
202803785555 1867822578
202903777649 1868569395
203003786459 1869428153
203103786274 1870248362
203203801322 1871027059
203303811576 1871847059
203403224253 1873221123
203503082769 1873946614
203603144342 1875854479
203703262333 1878040212
203803260310 1879985513
203903248321 1882412256
204003254976 1884359213
204103148655 1886458923
204203269043 1888730342
204303267094 1890673160
204403265704 1893094714
204503264779 1895024780
204603160026 1897012259
204703254043 1899274697
204803258089 1900936748
204903714155 1902016376
205003714747 1902094876
205103651552 1902202103
205203822389 1903078666
205303772842 1903940665
205403813589 1904703875
205503715660 1905543758
205603831634 1906376158
205703798305 1907191427
205803832600 1907981009
205903247061 1909346195
206003181148 1910316646
206103176936 1912242098
206203289459 1914228957
206303294068 1916175678
206403294028 1918602124
206503306159 1920549191
206603194935 1922849499
206703302205 1924921307
206803298012 1926865220
206903312087 1929286172
207003296686 1931215714
207103200715 1933405216
207203302617 1935451402
207303310727 1937096000
207403798695 1938132721
207503782465 1938211034
207603692255 1938321436
207703854526 1939230524
207803863397 1940052929
207903797485 1940925126
208003889735 1941796677
208103859171 1942636391
208203875213 1943509358
208303821418 1944298005
208403286717 1945644824
208503217469 1946893758
208603322616 1948627711
208703323617 1950574722
208803220935 1952735994
208903331202 1954949970
209003330299 1956896141
209103339767 1959323758
209203338340 1961269682
209303229587 1963343887
209403334106 1965635350
209503340326 1967561712
209603343128 1969956614
209703315802 1971790377
209803256428 1973613984
209903811644 1974342906
210003798725 1974420568
210103264759 1974537458
210203885566 1975522621
210303891515 1976332386
210403880728 1977201537
210503897297 1978028064
210603891286 1978881598
210703898696 1979741528
210803919872 1980525553
210903310344 1981843105
211003323209 1983200087
211103365641 1984905897
211203314392 1986849857
211303417001 1989277755
211403367836 1991224323
211503260516 1993242432
211603364266 1995594359
211703371980 1997537391
211803266887 1999934608
211903370274 2001897674
212003381414 2003821960
212103393073 2006205196
212203382198 2008023317
212303355311 2010163659
212403803580 2010488379
212503823334 2010566075
212603481129 2010687135
212703928119 2011705007
212803454705 2012484124
212903939997 2013403075
213003937729 2014232539
213103931326 2015047619
213203793454 2015917878
213303921196 2016766107
213403343531 2018042889
213503367784 2019424252
213603452340 2021140526
213703402185 2023083429
213803397762 2025510006
213903402708 2027457975
214003304873 2029597004
214103410374 2031832045
214203410516 2033777113
214303405599 2036201543
214403408779 2038141503
214503308290 2040176352
214603407463 2042450708
214703397107 2044266699
214803514951 2046379253
214903889114 2046636085
215003832781 2046713539
215103601752 2046841208
215203985152 2047871530
215304267747 2048706138
215403962909 2049511896
215504103345 2050309620
215603965880 2051089465
215703967182 2051898875
215803978352 2052636902
215903399544 2053956001
216003400074 2055361341
216103436165 2057107994
216203331087 2059106899
216303438606 2061482130
216403448653 2063429825
216503339373 2065813163
216603443609 2067807305
216703451644 2069753516
216803508212 2072179372
216903447442 2074116135
217003347226 2076395563
217103462227 2078418777
217203426049 2080223206
217303585063 2082261290
217403919898 2082523722
217503879391 2082601282
217603824137 2082729459
217704013995 2083853277
217803978603 2084674896
217903999398 2085450275
218004013169 2086193860
218104012416 2086964570
218204025470 2087788238
218303401295 2088475873
218403427387 2089832873
218503439464 2091286735
218603472757 2093073108
218703371714 2095429276
218803480701 2097443617
218903482028 2099388914
219003484264 2101813565
219103481005 2103758379
219203379104 2106029601
219303487902 2108124452
219403488113 2110059353
219503495025 2112464328
219603485700 2114351195
219703398853 2116448034
219803546191 2118097990
219904287022 2118295088
220003960522 2118371567
220103851093 2118500435
220204066588 2119706133
220304065249 2120505376
220404058742 2121232746
220504056460 2121969284
220604067936 2122735979
220703995655 2123521747
220803426963 2124252995
220903364164 2125617007
221003471128 2127084443
221103515266 2128889801
221203508506 2131312302
221303511348 2133257455
221403405999 2135321285
221503512437 2137623759
221603511796 2139565077
221703537391 2141989684
221803526819 2143928448
221903413708 2145897126
222003534461 2148259493
222103526511 2150142593
222203436652 2152413323
222303583703 2153877227
222404020189 2154019153
222503993425 2154096442
222604123400 2154225137
222704091965 2155482835
222803620527 2156283555
222904069272 2157072804
223004035247 2157843733
223104228004 2158620185
223204067408 2159401453
223303443787 2160365029
223403497740 2161498429
223503514720 2163003209
223603558218 2164839533
223703551717 2167264018
223803562081 2169209994
223903443631 2171518532
224003558261 2173579422
224103560135 2175523705
224203558839 2177947770
224303554564 2179888621
224403456724 2182105312
224503574783 2184221153
224603564741 2186097177
224703563182 2188370207
224803753186 2189797232
224903894492 2189880960
225004021748 2189959404
225103934628 2190088655
225204075135 2191446775
225304093105 2192266532
225404121411 2193045140
225504120688 2193871979
225604137999 2194665556
225704112414 2195502054
225803480486 2196549979
225903568536 2197574048
226003553574 2199088346
226103478222 2200992888
226203586743 2203359273
226303582017 2205305128
226403486056 2207693593
226503592381 2209679169
226603588793 2211624641
226703595542 2214050685
226803602352 2215992296
226903491079 2218285048
227003602574 2220326702
227103603074 2222203102
227203604886 2224470337
227303948852 2225869558
227404044796 2225949700
227504056730 2226027205
227603969246 2226156091
227704160645 2227531288
227804150535 2228312549
227904158402 2229145975
228004164492 2229966754
228104176098 2230822358
228204145561 2231587900
228303584763 2232978372
228403555471 2233701786
228503589385 2235260162
228603511845 2237561667
228703628189 2239576151
228803632251 2241522441
228903632912 2243948668
229003629486 2245895306
229103503218 2248170283
229203630553 2250266458
229303627133 2252206317
229403700090 2254623869
229503680784 2256538839
229603564551 2258683003
229703639211 2260625684
229804107069 2261934569
229904126060 2262013488
230003922209 2262097941
230103768244 2262246449
230204169984 2263665154
230304196076 2264486520
230404250219 2265377105
230504194831 2266226239
230604210036 2267091945
230704226236 2267936827
230803642840 2269275499
230903581747 2270002099
231003625577 2271589523
231103649662 2273980674
231203526913 2275926229
231303559902 2278025853
231403668849 2280300555
231503672394 2282245673
231603678646 2284671969
231703678757 2286615995
231803563803 2288623367
231903673362 2290970507
232003679792 2292882133
232103574264 2295228352
232203680731 2296949752
232304164297 2298186817
232404156161 2298264873
232504056547 2298358379
232603519392 2298816535
232704215980 2299945404
232804167537 2300786800
232904238243 2301636724
233004252763 2302451960
233104222062 2303305757
233204422432 2304095724
233303647237 2305452941
233403644803 2306170996
233503590826 2307806142
233603705751 2310212417
233703703627 2312158826
233803590372 2314505401
233903709280 2316534565
234003706561 2318480580
234103704640 2320906943
234203708213 2322851817
234303605734 2325107861
234403711386 2327204758
234503713731 2329114596
234603707374 2331465868
234703715635 2333143479
234804209609 2334316325
234904169221 2334393946
235004008715 2334492535
235104229939 2335307571
235204262266 2336096827
235304269003 2336956296
235404286217 2337780479
235504312184 2338617042
235604095196 2339508354
235704275752 2340333180
235803718911 2341651830
235903709208 2342371571
236003625009 2344225178
236103739532 2346454269
236203735455 2348399374
236303746835 2350824856
236403739745 2352770874
236503630603 2354828704
236603749185 2357141300
236703746900 2359083074
236803753062 2361505962
236903748920 2363433640
237003648176 2365377593
237103740781 2367684589
237203768549 2369347227
237304204998 2370418726
237404232060 2370496644
237504127727 2370604515
237604313456 2371481849
237704251967 2372250306
237804296264 2373096366
237904327566 2373870826
238004304452 2374638434
238104311774 2375445086
238204257565 2376244945
238303713745 2377524785
238403664321 2378553362
238503822325 2380468617
238603768839 2382412895
238703665730 2384391349
238803762519 2386788948
238903774311 2388734793
239003674726 2391094640
239103781289 2393109659
239203768157 2395053360
239303790071 2397475658
239403787084 2399404714
239503691288 2401652061
239603785218 2403639500
239703697574 2405293776
239804285016 2406308537
239904261912 2406385852
240004424021 2406497251
240104327648 2407417789
240204281490 2408189897
240304505352 2408985831
240404335906 2409708389
240504351504 2410466877
240604372834 2411285030
240704353099 2412020736
240803727304 2413360640
240903701163 2414586692
241003814410 2416334561
241103804308 2418275937
241203702193 2420407214
241303822871 2422639184
241403813779 2424580314
241503828065 2427001673
241603822236 2428943022
241703710058 2430985139
241803816129 2433297019
241903816022 2435222245
242003829729 2437613679
242103818984 2439443767
242203736001 2441246297
242304314233 2442034483
242404305129 2442111507
242503934643 2442226909
242604360073 2443164307
242704379292 2443988663
242804381962 2444702444
242904379587 2445493526
243004387291 2446218113
243104376599 2446981987
243204408807 2447783305
243303775718 2449102523
243403803834 2450439353
243503849862 2452119758
243603862718 2454064691
243703746656 2456339902
243803859270 2458435507
243903843071 2460379027
244003862812 2462804579
244103721218 2464746801
244203747761 2466934769
244303856254 2469107271
244403857128 2471032217
244503860818 2473421909
244603847924 2475255022
244703775973 2477192123
244804337654 2477788921
244904340763 2477866097
245003967598 2477984374
245104228727 2478974498
245204413699 2479816364
245304408375 2480578491
245404423703 2481397267
245504436585 2482091741
245604420327 2482876889
245704409671 2483700648
245803842679 2485017448
245903844873 2486385826
246003748968 2488095572
246103888515 2490040941
246203874794 2492467565
246303893992 2494415015
246403785824 2496512826
246503901004 2498786730
246603891649 2500729250
246703901001 2503152784
246803891481 2505089137
246903791561 2507084615
247003895673 2509394120
247103899535 2511212890
247203986177 2513335416
247304394678 2513651677
247404329314 2513729125
247504017062 2513852429
247604458770 2514899926
247704458977 2515737188
247804359661 2516529941
247904448636 2517340224
248004463038 2518164893
248104464262 2519010420
248204411024 2519781305
248303879494 2521084689
248403882645 2522476237
248503928939 2524201578
248603924712 2526146343
248703933645 2528573968
248803928436 2530519742
248903819870 2532727935
249003928386 2534890837
249103926650 2536834366
249203930725 2539259060
249303943415 2541195923
249403826647 2543301406
249503939442 2545500000
249603911895 2547314989
249704040027 2549406263
249804373348 2549658862
249904382881 2549736467
250004125067 2549864856
250104473176 2550984765
250204504729 2551826762
250304497960 2552632608
250404496257 2553482220
250504491489 2554329937
250604650309 2555192666
250704490676 2555972766
250803886996 2557300205
250903908080 2558686435
251003958705 2560417958
251103953919 2562361709
251203968808 2564788433
251303962384 2566734515
251403860821 2569004281
251503974243 2571106793
251603960780 2573049893
251703973678 2575473527
251804027768 2577411810
251903864207 2579574914
252003978899 2581712596
252103966547 2583522662
252204087019 2585596070
252304483677 2585858782
252404435822 2585935661
252504349456 2586067452
252604506856 2587168294
252704536474 2588010296
252804498764 2588874234
252904481794 2589713754
253004544048 2590571138
253104538302 2591392331
253204414421 2592164622
253303912174 2593491519
253403957355 2594919932
253503995286 2596690422
253603890621 2598901968
253704011225 2601060305
253803999892 2603005365
253904000369 2605432123
254004012109 2607378778
254103896957 2609505987
254204009545 2611745765
254304004851 2613680401
254404015059 2616088557
254504011933 2617975968
254603922408 2619936264
254704143206 2621748557
254804497802 2621980743
254904484031 2622057479
255004369780 2622185975
255104617223 2623361076
255204554828 2624186898
255304564950 2625055973
255404570006 2625872536
255504553595 2626750775
255604556934 2627608492
255703950755 2628372470
255803987881 2629723688
255903998275 2631194815
256004038034 2633002218
256104036980 2635427173
256204035948 2637374396
256303935234 2639427928
256404039235 2641746574
256504047154 2643692036
256604059111 2646120907
256704043725 2648061539
256803936261 2650021050
256904055920 2652401614
257003911805 2654282116
257103951073 2656540927
257204102629 2658021080
257304521966 2658142232
257404502544 2658219660
257504422225 2658348303
257604584676 2659583943
257704608013 2660423172
257804596438 2661272445
257904602937 2662096089
258004607121 2662972154
258104612030 2663839941
258203962343 2664967337
258304034589 2665938649
258404027582 2667463787
258503953257 2669412651
258604060698 2671740072
258704077780 2673685721
258803970404 2676114330
258904080532 2678060334
259003967917 2680021835
259104080638 2682431950
259204084485 2684371676
259303989927 2686705056
259404095326 2688707747
259504092308 2690585635
259604098399 2692845187
259704453192 2694238778
259804563218 2694318072
259904543921 2694396419
260004445962 2694524493
260104640411 2695807590
260204645799 2696677290
260304641903 2697471749
260404638315 2698222276
260504631701 2699025038
260604604446 2699823185
260704040099 2701125924
260804058572 2701859448
260904061328 2703419835
261004001791 2705690800
261104113733 2707728206
261204113546 2709672868
261304069324 2712100514
261404109657 2714044162
261504011017 2716293104
261604120404 2718411477
261704120437 2720349939
261804083927 2722764991
261904143089 2724679841
262004019911 2726798620
262104131362 2728770473
262204559912 2730078699
262304599988 2730156963
262404421616 2730241418
262504244712 2730388757
262604689265 2731735176
262704670205 2732553121
262804696019 2733300458
262904693685 2734016985
263004690341 2734808382
263104689059 2735592912
263204102843 2736922606
263304087462 2737639276
263404101998 2739236380
263504153317 2741633282
263604157675 2743574569
263704044974 2745752817
263804162932 2747934715
263904154968 2749873900
264004154257 2752293872
264104162857 2754233407
264204056520 2756321843
264304162407 2758579237
264404167980 2760487959
264504156263 2762844703
264604180806 2764535676
264704633349 2765741652
264804641695 2765819278
264904402090 2765915057
265004008075 2766535438
265104731247 2767504701
265204725835 2768252491
265304732240 2769030566
265404723683 2769729025
265504720181 2770508974
265604744640 2771284617
265704127954 2772649718
265804142020 2773371599
265904126687 2775031055
266004182893 2777413610
266104195514 2779356619
266204081963 2781719281
266304191981 2783726141
266404195129 2785668495
266504199033 2788092227
266604209315 2790033783
266704096593 2792306424
266804209763 2794381189
266904207720 2796287785
267004204087 2798640223
267104172635 2800317216
267204655229 2801454741
267304646531 2801532348
267404571618 2801636575
267504732816 2802475072
267604741774 2803307965
267704747686 2804065996
267804734477 2804895193
267904731863 2805676149
268004767921 2806479865
268104758392 2807267155
268204159706 2808613617
268304111186 2809448486
268404114676 2811370648
268504225075 2813468339
268604217066 2815415409
268704227850 2817844868
268804234010 2819793274
268904116802 2821982366
269004224141 2824165770
269104227547 2826108622
269204183660 2828530689
269304239067 2830462379
269404152059 2832536960
269504219869 2834706057
269604244272 2836359267
269704729164 2837402526
269804670320 2837480527
269904631348 2837590804
270004799774 2838497677
270104793978 2839359906
270204806981 2840112752
270304772936 2840929992
270404324288 2841724089
270504811131 2842534695
270604823173 2843308384
270704205067 2844665136
270804149294 2845705228
270904269358 2847602593
271004262585 2849549827
271104153538 2851543945
271204279268 2853926215
271304260338 2855872742
271404160603 2858247849
271504270718 2860248330
271604269106 2862192842
271704280463 2864614427
271804280011 2866544847
271904167116 2868806951
272004271676 2870778290
272104178410 2872448633
272204737059 2873433008
272304765532 2873511310
272404665426 2873623974
272504846313 2874544431
272604849568 2875390189
272704830714 2876177322
272804800291 2877024619
272904848676 2877863767
273004819716 2878684635
273104856869 2879473252
273204260664 2880836122
273304193339 2882003446
273404297899 2883800995
273504352434 2885750018
273604189160 2887839044
273704301186 2890125196
273804299532 2892072060
273904310988 2894500536
274004304848 2896447521
274104199611 2898450592
274204319759 2900813766
274304371855 2902742738
274404206064 2905100455
274504298988 2906968822
274604218077 2908731071
274704784184 2909580886
274804798620 2909658949
274904408533 2909772115
275004849378 2910715266
275104862664 2911550149
275204859797 2912407670
275304857840 2913256096
275404881142 2914103960
275504853915 2914963659
275604878027 2915728348
275704272275 2917077141
275804296471 2918437590
275904333819 2920131968
276004332054 2922077505
276104226663 2924475921
276204331503 2926454255
276304335022 2928401693
276404343515 2930829925
276504348316 2932775770
276604244182 2935087799
276704350132 2937142333
276804347350 2939070796
276904355380 2941459463
277004345382 2943282249
277104255586 2945347161
277204695429 2945767886
277304834127 2945846262
277404452767 2945966686
277504939602 2946984289
277604898030 2947770099
277704885907 2948687102
277805053116 2949530079
277904910110 2950342830
278004932119 2951217368
278104914347 2952024664
278204283751 2953347916
278304335277 2954717583
278404383258 2956421515
278504365590 2958365715
278604379495 2960792800
278704372246 2962738500
278804266374 2964763774
278904379938 2967110372
279004384721 2969053052
279104276439 2971454882
279204391180 2973415217
279304384348 2975341168
279404387091 2977725263
279504370576 2979544226
279604337837 2981685066
279704852920 2981984909
279804848481 2982062477
279904488574 2982185592
280004926113 2983210658
280104921579 2983991815
280204934475 2984872288
280304934334 2985637113
280404950335 2986506369
280504936611 2987323041
280604934850 2988097120
280704351868 2989417336
280804368201 2990824730
280904403650 2992568012
281004301551 2994534768
281104416643 2996937880
281204413497 2998883277
281304308651 3001233154
281404419803 3003254535
281504412455 3005198111
281604415878 3007620887
281704409946 3009557047
281804308628 3011804802
281904414273 3013858216
282004421787 3015664375
282104548116 3017711423
282204883887 3017979150
282304868965 3018057372
282404760051 3018185775
282504980569 3019240132
282604979043 3020042244
282704964582 3020831342
282804997344 3021594440
282904975329 3022366687
283004991270 3023089590
283104443719 3024338361
283204407236 3025625267
283304452438 3027241614
283404460948 3029414747
283504463634 3031161873
283604447830 3033335018
283704465923 3035081449
283804461938 3037255610
283904475034 3038998426
284004462581 3041168225
284104464886 3042898102
284204458931 3045038682
284304459620 3046650336
284404743092 3048508833
284504944502 3048570647
284604929026 3048629199
284704594774 3049226730
284804686607 3049265518
284904699073 3050046410
285004690177 3050088477
285104702960 3050883691
285204515477 3051016223
285304708094 3051720018
285404276408 3052310535
285504700774 3052556369
285604704783 3053351972
285704710481 3053392916
285804708196 3054187602
285904710466 3054229267
286004706584 3055024829
286104714575 3055066815
286204719943 3055860933
286304546677 3055959811
286404703168 3056696483
286504293016 3057181659
286604726399 3057529675
286704726042 3058326051
286804728707 3058366605
286904732304 3059160788
287004728931 3059202454
287104735372 3059996772
287204720975 3060038818
287304737350 3060833005
287404563620 3060898514
287504737790 3061670122
287604309600 3062046472
287704735626 3062506526
287804723750 3063303362
287904735486 3063343910
288004747531 3064137909
288104720335 3064179345
288204749708 3064970866
288304742312 3065012729
288404743535 3065807760
288504750233 3065849850
288604761717 3066643077
288704326188 3066917457
288804762860 3067479568
288904344343 3068212869
289004759414 3068316192
289104770814 3069111250
289204757866 3069152546
289304763805 3069946950
289404773883 3069988788
289504764311 3070783439
289604763486 3070825503
289704782919 3071618652
289804339254 3071779542
289904780672 3072451699
290004344801 3073085438
290104780215 3073289453
290204789758 3074084292
290304783107 3074125296
290404787932 3074919640
290504789439 3074961558
290604773375 3075755905
290704786582 3075797908
290804689215 3076592519
290904620487 3076702813
291004794461 3077426722
291104366239 3078018524
291109401052 3078361077
