#PERF_COUNT_HW_INSTRUCTIONS #PERF_COUNT_HW_CACHE_LL_ACCESS_R #PERF_COUNT_HW_CACHE_LL_MISS_R 
100134974 61050 38336 
200027385 61515 38461 
300028256 61956 38590 
400007863 62441 38763 
500005658 378947 166720 
600012603 895844 347380 
700007337 1387942 507848 
800012116 1840154 659470 
900012517 2335246 821012 
1000010564 2776386 967403 
1100010132 3219454 1104069 
1200024438 3373271 1149710 
1300036564 3375288 1149840 
1400028518 3377199 1150032 
1500039575 3401558 1157933 
1600040102 3402209 1158117 
1700039188 3402818 1158304 
1800037652 3403388 1158445 
1900008371 3625714 1247110 
2000018700 4116114 1423969 
2100013831 4564261 1574609 
2200017509 5062629 1738210 
2300009497 5517490 1888524 
2400011553 6000880 2047673 
2500009361 6445082 2188553 
2600011518 6700092 2260297 
2700038128 6710545 2265546 
2800040017 6712493 2265676 
2900038140 6736981 2273658 
3000038982 6737450 2273793 
3100038921 6737973 2273939 
3200039210 6738507 2274079 
3300008199 6859470 2323097 
3400010474 7288897 2488168 
3500015743 7788163 2652739 
3600009936 8264828 2809384 
3700012853 8733720 2966161 
3800015471 9228037 3126327 
3900014347 9659138 3268186 
4000009124 10021318 3371931 
4100034558 10056742 3385609 
4200040055 10058810 3385796 
4300030160 10060966 3386949 
4400039121 10084072 3394087 
4500039377 10084549 3394221 
4600040118 10085001 3394323 
4700010332 10100720 3401802 
4800008394 10510020 3561174 
4900015064 11025794 3736032 
5000015932 11481532 3889046 
5100013402 11987922 4053924 
5200013555 12442862 4204279 
5300016039 12939392 4364373 
5400014068 13336263 4487109 
5500038545 13454580 4517742 
5600037458 13456806 4517882 
5700012706 13458334 4517987 
5800040146 13482792 4525935 
5900039769 13483292 4526077 
6000039416 13483725 4526209 
6100039035 13484239 4526356 
6200008497 13757113 4634812 
6300013378 14237702 4806124 
6400012850 14736009 4967880 
6500008886 15206693 5120719 
6600013075 15680858 5276850 
6700018727 16171873 5433565 
6800012342 16580836 5564007 
6900028643 16790104 5621207 
7000038188 16794632 5622645 
7100024673 16796311 5622747 
7200038187 16821017 5630646 
7300039486 16821613 5630810 
7400039396 16822169 5630949 
7500039750 16822689 5631069 
7600008872 16998271 5701380 
7700014600 17458004 5872033 
7800008015 17953187 6033322 
7900013152 18405829 6185153 
8000015961 18902442 6346403 
8100016504 19346434 6493864 
8200014662 19819459 6644139 
8300017420 20115169 6728853 
8400037314 20134551 6736864 
8500037948 20136481 6737033 
8600017734 20140946 6740614 
8700039911 20161640 6745489 
8800039971 20162116 6745602 
8900040158 20162602 6745715 
9000007041 20228045 6772786 
9100009202 20670196 6942229 
9200013809 21120306 7094825 
9300014979 21618638 7257565 
9400009475 22083221 7410034 
9500011404 22561730 7568599 
9600008783 23044341 7724086 
9700014983 23413631 7836297 
9800040027 23487292 7858773 
9900038608 23489432 7858853 
10000012154 23490930 7859018 
10100039482 23515181 7866925 
10200039527 23515665 7867061 
10300038701 23516068 7867168 
10400007566 23516658 7867356 
10500008724 23834899 7995258 
10600014550 24356960 8177253 
10700009251 24858890 8341247 
10800012873 25316436 8495174 
10900013927 25819119 8658684 
11000015505 26267112 8806131 
11100014616 26716460 8944329 
11200039659 26872243 8988131 
11300038762 26874192 8988205 
11400012461 26876087 8988370 
11500036593 26900769 8996610 
11600038676 26901293 8996774 
11700037762 26901785 8996908 
11800039697 26902356 8997066 
11900007446 27133068 9088418 
12000013986 27628144 9265233 
12100016382 28075891 9415383 
12200016806 28573157 9576922 
12300017765 29019204 9724473 
12400016460 29510785 9884359 
12500009761 29944659 10021082 
12600010347 30198623 10091905 
12700038683 30208534 10096716 
12800038386 30210500 10096873 
12900372824 30235033 10105024 
13000040585 30235578 10105163 
13100039082 30236189 10105328 
13200040256 30236768 10105466 
13300004103 30362425 10155908 
13400012139 30793295 10320781 
13500013758 31291307 10482301 
13600008635 31759619 10634601 
13700017056 32234571 10790902 
13800012674 32728372 10949562 
13900014424 33157808 11089201 
14000009597 33508877 11188673 
14100038424 33535945 11197417 
14200036352 33538037 11197565 
14300028644 33540751 11199489 
14400038629 33562985 11205555 
14500040054 33563522 11205687 
14600038341 33563966 11205787 
14700017923 33592385 11218304 
14800008570 34008212 11379655 
14900009720 34500955 11545733 
15000012393 34965873 11700949 
15100014244 35466732 11863840 
15200014558 35915255 12013581 
15300019339 36407963 12171411 
15400014267 36797842 12292934 
15500034726 36896625 12317790 
15600037320 36898812 12317930 
15700013106 36900062 12318020 
15800038836 36923811 12326023 
15900039232 36924224 12326121 
16000039111 36924675 12326261 
16100039351 36925050 12326374 
16200009816 37200459 12436863 
16300014723 37708190 12617458 
16400014663 38211991 12781911 
16500007822 38667330 12933332 
16600014579 39167921 13098296 
16700007710 39649723 13254246 
16800014526 40073362 13388872 
16900034050 40274068 13445246 
17000037908 40276945 13445959 
17100027313 40278446 13446044 
17200036692 40303202 13454211 
17300038634 40303830 13454399 
17400039174 40304398 13454545 
17500036099 40304937 13454683 
17600007392 40489876 13528515 
17700013854 40955277 13700577 
17800009103 41435977 13858192 
17900013788 41903186 14014130 
18000015057 42399530 14174981 
18100013318 42843979 14323075 
18200014736 43314967 14471374 
18300018171 43598837 14552250 
18400035978 43608196 14556033 
18500037629 43610009 14556150 
18600004838 43618318 14560892 
18700039890 43635085 14564522 
18800038199 43635663 14564644 
18900038348 43636235 14564787 
19000007893 43725741 14601234 
19100008331 44174102 14772121 
19200014712 44632538 14925663 
19300015164 45129686 15087668 
19400015267 45577007 15237707 
19500013016 46071887 15398642 
19600007952 46514205 15542143 
19700013203 46904033 15658896 
19800036936 46947755 15672243 
19900038550 46949881 15672430 
20000030243 46951464 15672705 
20100038979 46975862 15680619 
20200037119 46976360 15680736 
20300036407 46976788 15680835 
20400007942 46979793 15682744 
20500008460 47357637 15831533 
20600012577 47875252 16009471 
20700014041 48331252 16161241 
20800015956 48837225 16327760 
20900006943 49323132 16486332 
21000015289 49787773 16639555 
21100009330 50214914 16769968 
21200036986 50335439 16802933 
21300034787 50337526 16803133 
21400027496 50339005 16803246 
21500037631 50363444 16811471 
21600039168 50363910 16811608 
21700039526 50364348 16811737 
21800037933 50364871 16811914 
21900007688 50631001 16917977 
22000007985 51103449 17086594 
22100014046 51598267 17250533 
22200007894 52087830 17409965 
22300013797 52542437 17562007 
22400016752 53033431 17720222 
22500014159 53446247 17853210 
22600044663 53668870 17913398 
22700034403 53678433 17917881 
22800038413 53679923 17918040 
22900040219 53704829 17926282 
23000041187 53705482 17926417 
23100039373 53706057 17926571 
23200039253 53706567 17926708 
23300010212 53870778 17992386 
23400014402 54327782 18163061 
23500012917 54826957 18325540 
23600014657 55274863 18476022 
23700015848 55771752 18637076 
23800011487 56216293 18783730 
23900012163 56690986 18934942 
24000017942 56996454 19022390 
24100035760 57017427 19029460 
24200039249 57019385 19029611 
24300020500 57023836 19033109 
24400038381 57044907 19037678 
24500037413 57045466 19037820 
24600038628 57045968 19037954 
24700007724 57114440 19066348 
24800008448 57558081 19236201 
24900014433 58007050 19388417 
25000012310 58506836 19551952 
25100009501 58968596 19704773 
25200016350 59452492 19864781 
25300007100 59928731 20017185 
25400012978 60298694 20129672 
25500037918 60369419 20150634 
25600039483 60371709 20150780 
25700013660 60373207 20150952 
25800038414 60397232 20158968 
25900038452 60397750 20159096 
26000040077 60398182 20159185 
26100009228 60398784 20159347 
26200007321 60724063 20289454 
26300013044 61246942 20471488 
26400007567 61743372 20633873 
26500014982 62207611 20789674 
26600014271 62710578 20952781 
26700013879 63158341 21101102 
26800014113 63607638 21238928 
26900035230 63758277 21281885 
27000034530 63760342 21282073 
27100028063 63762090 21282225 
27200039190 63786633 21290577 
27300039367 63787226 21290779 
27400038478 63787696 21290915 
27500040126 63788272 21291093 
27600006713 64022466 21384661 
27700016440 64521537 21563174 
27800013420 64970523 21714173 
27900017414 65468971 21876675 
28000015559 65916873 22025789 
28100014725 66410388 22187035 
28200009545 66839855 22324385 
28300008835 67097021 22396786 
28400038932 67105596 22399921 
28500039755 67107504 22400069 
28600039139 67132167 22407966 
28700039456 67132755 22408131 
28800040372 67133356 22408299 
28900039482 67133940 22408447 
29000010859 67269772 22463363 
29100012546 67708138 22630146 
29200018651 68205676 22791224 
29300007598 68657203 22939936 
29400019480 69150473 23102254 
29500010218 69633638 23258731 
29600014223 70072293 23400977 
29700009322 70407607 23496362 
29800039437 70437915 23505333 
29900039743 70439979 23505444 
30000028363 70442998 23507747 
30100038766 70465026 23513351 
30200038390 70465553 23513490 
30300039317 70466017 23513577 
30400010567 70503683 23529740 
30500010259 70928028 23694154 
30600008826 71401423 23854783 
30700016249 71881593 24014836 
30800016745 72379909 24177738 
30900013748 72826342 24328153 
31000014845 73312334 24484189 
31100013861 73694426 24603004 
31200038339 73788260 24627460 
31300040053 73790510 24627588 
31400015029 73791821 24627687 
31500040116 73815675 24635587 
31600039558 73816089 24635693 
31700038448 73816495 24635804 
31800035286 73816890 24635926 
31900009619 74104733 24752200 
32000014070 74629547 24936848 
32100013437 75134367 25101814 
32200014187 75587797 25254065 
32300014031 76089923 25417796 
32400009482 76546502 25567221 
32500015114 76991955 25706998 
32600374861 77162457 25753579 
32700034755 77164353 25753718 
32800030081 77166002 25753807 
32900036673 77190829 25761896 
33000037235 77191431 25762095 
33100038789 77192064 25762265 
33200039154 77192610 25762410 
33300010286 77411460 25849600 
33400015666 77900165 26026151 
33500013144 78348863 26176332 
33600014692 78847492 26339266 
33700008228 79308045 26491302 
33800013490 79788475 26649377 
33900008316 80239658 26791739 
34000009245 80494853 26863285 
34100038359 80502575 26866111 
34200037084 80504435 26866214 
34300038548 80528999 26874287 
34400040349 80529497 26874419 
34500040229 80530038 26874545 
34600038831 80530649 26874717 
34700008292 80653553 26923845 
34800013218 81083474 27088613 
34900015319 81583245 27250717 
35000008725 82058096 27405322 
35100012374 82530265 27560777 
35200019101 83025991 27720477 
35300015911 83456344 27860760 
35400010230 83815020 27962370 
35500037862 83850365 27975076 
35600038574 83852527 27975290 
35700031643 83855001 27976694 
35800038888 83878077 27983429 
35900038908 83878568 27983541 
36000041213 83878985 27983631 
36100007682 83891168 27989543 
36200008151 84295822 28146587 
36300016514 84811038 28321923 
36400010781 85267349 28476311 
36500014510 85773335 28641583 
36600010632 86228948 28792770 
36700019190 86723987 28953713 
36800012948 87124793 29078226 
36900037372 87249704 29111944 
37000039645 87251817 29112043 
37100021326 87253374 29112220 
37200039373 87277827 29120469 
37300040166 87278323 29120609 
37400040643 87278738 29120740 
37500040381 87279222 29120899 
37600008581 87552414 29229961 
37700014203 88039505 29404106 
37800014186 88536995 29567094 
37900009077 89001146 29719576 
38000013153 89481695 29878542 
38100007057 89971945 30035950 
38200014771 90380653 30167127 
38300039374 90581650 30221176 
38400035604 90583358 30221314 
38500023204 90584891 30221464 
38600040985 90609288 30229605 
38700039780 90609903 30229765 
38800039432 90610502 30229925 
38900039900 90611060 30230075 
39000007800 90792524 30303054 
39100017310 91257685 30475566 
39200008441 91744090 30635004 
39300014007 92207715 30790261 
39400012679 92705925 30951739 
39500014915 93151693 31100289 
39600017395 93623442 31248384 
39700016896 93914459 31331700 
39800037883 93927468 31336047 
39900038070 93929397 31336173 
40000002386 93933764 31339682 
40100039423 93954421 31344212 
40200036112 93954906 31344321 
40300035352 93955362 31344426 
40400011208 94032613 31376122 
40500009619 94484403 31547541 
40600016600 94932268 31696759 
40700014502 95430678 31856629 
40800014629 95878525 32003327 
40900011900 96374183 32164315 
41000006985 96834874 32309984 
41100013989 97211647 32421235 
41200036036 97266363 32436819 
41300040089 97268402 32436948 
41400020737 97269655 32437105 
41500039638 97294153 32445259 
41600039149 97294673 32445383 
41700038345 97295090 32445475 
41800009566 97297058 32446556 
41900008780 97656963 32589065 
42000014757 98176830 32768329 
42100009710 98642862 32922525 
42200015515 99138492 33087172 
42300008849 99641765 33250479 
42400012885 100090721 33399006 
42500009676 100533830 33533165 
42600035303 100664225 33572097 
42700038416 100666184 33572258 
42800028094 100667765 33572354 
42900039177 100692009 33580423 
43000039512 100692492 33580561 
43100040701 100692953 33580694 
43200039475 100693462 33580846 
43300007536 100937868 33677991 
43400008421 101427893 33852578 
43500175235 101889351 34005703 
43600013948 102385663 34167229 
43700013303 102832173 34315705 
43800014739 103324034 34474184 
43900011817 103740822 34607371 
44000019798 103989134 34676030 
44100038858 103993853 34676893 
44200037872 103995422 34676972 
44300039080 104020040 34684908 
44400039588 104020680 34685061 
44500037390 104021276 34685187 
44600040170 104021885 34685359 
44700008689 104168661 34744531 
44800014612 104613100 34913152 
44900017644 105112512 35076139 
45000014777 105561528 35225540 
45100015557 106060634 35389569 
45200010766 106531192 35543330 
45300013001 106983038 35689250 
45400016567 107312951 35784657 
45500037926 107339338 35792803 
45600034650 107341231 35792955 
45700023953 107344615 35795456 
45800040092 107366195 35800935 
45900040386 107366653 35801064 
46000040535 107367104 35801171 
46100007368 107413731 35820762 
46200008924 107842755 35984914 
46300008369 108304574 36140818 
46400013647 108797462 36303554 
46500008665 109291907 36463866 
46600014117 109743071 36614660 
46700019129 110230009 36770561 
46800017897 110609122 36887954 
46900036037 110697058 36911237 
47000038852 110699256 36911383 
47100012454 110700650 36911484 
47200038888 110724579 36919337 
47300038085 110725080 36919474 
47400039877 110725489 36919589 
47500027545 110725943 36919731 
47600008928 111018141 37037676 
47700017686 111541415 37221573 
47800017009 112044892 37385793 
47900016097 112498612 37538232 
48000013331 113000662 37701679 
48100008168 113452950 37849730 
48200013594 113902065 37989748 
48300036426 114076817 38039719 
48400037163 114078870 38039884 
48500029128 114080675 38040016 
48600038731 114105360 38048244 
48700039863 114105960 38048415 
48800039134 114106515 38048570 
48900039057 114107047 38048702 
49000010836 114313146 38130984 
49100014691 114793137 38306010 
49200015040 115241213 38455181 
49300018917 115740436 38619389 
49400008366 116220747 38776443 
49500013067 116680287 38928857 
49600013242 117147528 39075948 
49700008801 117401620 39147155 
49800039463 117409859 39150751 
49900041049 117411762 39150861 
50000037903 117436281 39158943 
50100037664 117436820 39159098 
50200039536 117437360 39159213 
50300039436 117437966 39159346 
50400008346 117544958 39202783 
50500009490 117979103 39368805 
50600015953 118462017 39528349 
50700014745 118960163 39689685 
50800014416 119407284 39838807 
50900016080 119900558 39997903 
51000019266 120333341 40138961 
51100011441 120711528 40246328 
51200039027 120740718 40256775 
51300036720 120742799 40256942 
51400025950 120744809 40257950 
51500038288 120768385 40265007 
51600039101 120768875 40265128 
51700038524 120769274 40265213 
51800006009 120779879 40270608 
51900008403 121181842 40427021 
52000011541 121697536 40602278 
52100015251 122152986 40755384 
52200015847 122658515 40920376 
52300009247 123119010 41072610 
52400014802 123609911 41232316 
52500011884 124011982 41357108 
52600035175 124138497 41392308 
52700037674 124140739 41392425 
52800025814 124142242 41392581 
52900040426 124166531 41400641 
53000040586 124167027 41400772 
53100039735 124167416 41400902 
53200039946 124167860 41401048 
53300008407 124440295 41509585 
53400013000 124920134 41681089 
53500017584 125417573 41843475 
53600010757 125886151 41996616 
53700014994 126360031 42153671 
53800012797 126850319 42311266 
53900013347 127257611 42442003 
54000031710 127466704 42499487 
54100038377 127470426 42500341 
54200025368 127471866 42500475 
54300039040 127496603 42508597 
54400037978 127497283 42508790 
54500038852 127497882 42508950 
54600039868 127498441 42509096 
54700008796 127681950 42582439 
54800013730 128147646 42754678 
54900009439 128628265 42911965 
55000014480 129093699 43067494 
55100013843 129589840 43228327 
55200013688 130033871 43376122 
55300014747 130503816 43524271 
55400017011 130788949 43605654 
55500037308 130798604 43609381 
55600038958 130800272 43609537 
55700005133 130808428 43614199 
55800036188 130825443 43617912 
55900054265 130825980 43618060 
56000039442 130826492 43618191 
56100007831 130913037 43653628 
56200008235 131364648 43825745 
56300014807 131819836 43978527 
56400018071 132318410 44141069 
56500014554 132765723 44290757 
56600013570 133260687 44452798 
56700008371 133704873 44596098 
56800148555 134090311 44709711 
56900038706 134133848 44723009 
57000034561 134135677 44723145 
57100030605 134137047 44723319 
57200039447 134161339 44731383 
57300040714 134161870 44731505 
57400039333 134162315 44731623 
57500009015 134165544 44733726 
57600007585 134547824 44884128 
57700014629 135065985 45061579 
57800011991 135520847 45213326 
57900017234 136026497 45379598 
58000010011 136508296 45537716 
58100014644 136977187 45692297 
58200009704 137401127 45822304 
58300038897 137525437 45856362 
58400038307 137527564 45856444 
58500029146 137529088 45856528 
58600040439 137553541 45864876 
58700039259 137554040 45865008 
58800038739 137554446 45865140 
58900049926 137555008 45865328 
59000008323 137826028 45972878 
59100013978 138294161 46139268 
59200017737 138792053 46301603 
59300009827 139275236 46458370 
59400013690 139737309 46611098 
59500013466 140228670 46767715 
59600015133 140640410 46899926 
59700035744 140857299 46957997 
59800037805 140860914 46958462 
59900025245 140862552 46958553 
60000036104 140887221 46966548 
60100037990 140887809 46966709 
60200039451 140888426 46966871 
60300038493 140889026 46967022 
60400006751 141063645 47037113 
60500014844 141523683 47208688 
60600007015 142018334 47370045 
60700012550 142471159 47522797 
60800013333 142968403 47683824 
60900014916 143412396 47832179 
61000016501 143884768 47982658 
61100019492 144180648 48066968 
61200039435 144200287 48075442 
61300040585 144202333 48075601 
61400016933 144206868 48079248 
61500040317 144227802 48084030 
61600040329 144228295 48084162 
61700039338 144228795 48084291 
61800007137 144299270 48113405 
61900009468 144744171 48282804 
62000016605 145193019 48434353 
62100020224 145690939 48595882 
62200008000 146148199 48746577 
62300015540 146633667 48906195 
62400009350 147106485 49057080 
62500014116 147479084 49169520 
62600036019 147548811 49190519 
62700035435 147551009 49190627 
62800014001 147552341 49190748 
62900040728 147576334 49198977 
63000039732 147576795 49199104 
63100040681 147577173 49199197 
63200007969 147577717 49199340 
63300008428 147911188 49333007 
63400016176 148431746 49514072 
63500007928 148919776 49674711 
63600018730 149389544 49832167 
63700015295 149892796 49996432 
63800014065 150340108 50145571 
63900015483 150787035 50282711 
64000036137 150925672 50321038 
64100037588 150927654 50321168 
64200030764 150929205 50321276 
64300037391 150953700 50329316 
64400039301 150954261 50329492 
64500038629 150954780 50329639 
64600039613 150955360 50329793 
64700007916 151195891 50425760 
64800007926 151688651 50602501 
64900017680 152145019 50755019 
65000013970 152641062 50916822 
65100013472 153086439 51065536 
65200013829 153577362 51224069 
65300014850 153993700 51357262 
65400019446 154245673 51428047 
65500034008 154255219 51432288 
65600035740 154256944 51432421 
65700036758 154281636 51440739 
65800038444 154282178 51440873 
65900036625 154282729 51441005 
66000036252 154283302 51441130 
66100009483 154423760 51497570 
66200013520 154867085 51666977 
66300013148 155366591 51829430 
66400014390 155815221 51978085 
66500016244 156313003 52141722 
66600008761 156791461 52297281 
66700015152 157235499 52441397 
66800012533 157570156 52537318 
66900037700 157592481 52543524 
67000038151 157594402 52543722 
67100030597 157597941 52546418 
67200038308 157619819 52552106 
67300039438 157620280 52552233 
67400039480 157620725 52552333 
67500009657 157667398 52572092 
67600009122 158100335 52738859 
67700008246 158568672 52897802 
67800014712 159066910 53063067 
67900008697 159570408 53227328 
68000013184 160027857 53381004 
68100015353 160522044 53539321 
68200014973 160901152 53656163 
68300037804 160993448 53682514 
68400039418 160995731 53682613 
68500014160 160997249 53682733 
68600038832 161021002 53690683 
68700038709 161021448 53690808 
68800038405 161021846 53690913 
68900039753 161022266 53691031 
69000008904 161301025 53803491 
69100016801 161821015 53985809 
69200014835 162319357 54147212 
69300014032 162767347 54296742 
69400012787 163263463 54457393 
69500009290 163716756 54604506 
69600015348 164153628 54740774 
69700036232 164329404 54789860 
69800038905 164331383 54790018 
69900195303 164333160 54790168 
70000037886 164357410 54797845 
70100037520 164358024 54798029 
70200039421 164358657 54798194 
70300038490 164359248 54798356 
70400009769 164570410 54882498 
70500014430 165055938 55059253 
70600013927 165506953 55209472 
70700015127 166008283 55374464 
70800010807 166482850 55530289 
70900012748 166951842 55685463 
71000008365 167416603 55831336 
71100008360 167673615 55903339 
71200033148 167680451 55906192 
71300035328 167682346 55906332 
71400037721 167706733 55914378 
71500038455 167707157 55914502 
71600038366 167707674 55914624 
71700039435 167708200 55914758 
71800009305 167821266 55960634 
71900008979 168249226 56125328 
72000014205 168744517 56289521 
72100009098 169234760 56449211 
72200014815 169691802 56602193 
72300011421 170186791 56763124 
72400013780 170620121 56905830 
72500010205 170994349 57013480 
72600038916 171026907 57024065 
72700039966 171028961 57024193 
72800018477 171031062 57025413 
72900039388 171054403 57032186 
73000037234 171054879 57032305 
73100037960 171055364 57032442 
73200008340 171066849 57038084 
73300009032 171468371 57194976 
73400013185 171982146 57369221 
73500013941 172436286 57521397 
73600013768 172940967 57685980 
73700008319 173399014 57837168 
73800014121 173889888 57996910 
73900009999 174290204 58120502 
74000035016 174416319 58155971 
74100036718 174418569 58156142 
74200026698 174420070 58156234 
74300038656 174444478 58164299 
74400039301 174444961 58164440 
74500039105 174445368 58164568 
74600040535 174445943 58164740 
74700008860 174718814 58273643 
74800014400 175197122 58444672 
74900018448 175695357 58607128 
75000008880 176166671 58761655 
75100012860 176638325 58917856 
75200015212 177128786 59074924 
75300012693 177536171 59205398 
75400033748 177746424 59262416 
75500039173 177750182 59263236 
75600024837 177751713 59263347 
75700036827 177776658 59271597 
75800039968 177777307 59271769 
75900039765 177777881 59271911 
76000038895 177778515 59272073 
76100012291 177961897 59345393 
76200013225 178428211 59519141 
76300007757 178910651 59677818 
76400013271 179374986 59833254 
76500014266 179871058 59995101 
76600014302 180315591 60144355 
76700014762 180786099 60293720 
76800018157 181073469 60375954 
76900039500 181090101 60382772 
77000036905 181092099 60382867 
77100022578 181096689 60386449 
77200037869 181117421 60391078 
77300038402 181117915 60391210 
77400040046 181118416 60391333 
77500008367 181202528 60425802 
77600008376 181657307 60599392 
77700014303 182107091 60752076 
77800013510 182604788 60914788 
77900012629 183052488 61064983 
78000015627 183548392 61227504 
78100008093 183998644 61372990 
78200013652 184383842 61487797 
78300038574 184436407 61503389 
78400038627 184438409 61503473 
78500021170 184439658 61503588 
78600039403 184463754 61511666 
78700039270 184464244 61511811 
78800038304 184464664 61511916 
78900008913 184467153 61513443 
79000009144 184832528 61657861 
79100015352 185350225 61835795 
79200009350 185810277 61988328 
79300016007 186309831 62153540 
79400009140 186805147 62314638 
79500013786 187258172 62464983 
79600010651 187694413 62597732 
79700037827 187815754 62631337 
79800036925 187817589 62631466 
79900031434 187819114 62631597 
80000035934 187843634 62639739 
80100040163 187844183 62639916 
80200038634 187844758 62640071 
80300039169 187845310 62640222 
80400008885 188106805 62744069 
80500008236 188583466 62913527 
80600013449 189070495 63073238 
80700009314 189568676 63233770 
80800019467 190015804 63382058 
80900016516 190506768 63538992 
81000013784 190921312 63671462 
81100043926 191149405 63732646 
81200036441 191158423 63736023 
81300038329 191160018 63736119 
81400038460 191184383 63744110 
81500038281 191184929 63744261 
81600039996 191185490 63744404 
81700039821 191186106 63744548 
81800008551 191341865 63807395 
81900016356 191791283 63976597 
82000016994 192289078 64138308 
82100014107 192736854 64288363 
82200014234 193233749 64450144 
82300008684 193691290 64599727 
82400014359 194154143 64748849 
82500016481 194474029 64840777 
82600035868 194491229 64845418 
82700035770 194493193 64845600 
82800026520 194497317 64848895 
82900040523 194518540 64853869 
83000038941 194519041 64854009 
83100040025 194519541 64854126 
83200013740 194575604 64877527 
83300009335 195013758 65046222 
83400014923 195467320 65200113 
83500014002 195969481 65366291 
83600011129 196454009 65525290 
83700016184 196922787 65681555 
83800018425 197415457 65839537 
83900014250 197787809 65953839 
84000038054 197870318 65977826 
84100035869 197872453 65977933 
84200014051 197873875 65978087 
84300038472 197897574 65986112 
84400039134 197898039 65986237 
84500040166 197898420 65986348 
84600030413 197898814 65986458 
84700008342 198191363 66104447 
84800015871 198712912 66287364 
84900012934 199214920 66451732 
85000013521 199666785 66603833 
85100015683 200166164 66766664 
85200009116 200613162 66913882 
85300012425 201061003 67054037 
85400037368 201227327 67099504 
85500037403 201229107 67099596 
85600030649 201230660 67099747 
85700038606 201255041 67107856 
85800039900 201255674 67108065 
85900039264 201256267 67108236 
86000040351 201256842 67108380 
86100009862 201473135 67194554 
86200014106 201961181 67371064 
86300013824 202409096 67520549 
86400014233 202906796 67683355 
86500007431 203371858 67835867 
86600015505 203845782 67992130 
86700011552 204300777 68135768 
86800009242 204555140 68207770 
86900038294 204558850 68209637 
87000036968 204560659 68209813 
87100039151 204584968 68217848 
87200038196 204585406 68217977 
87300038458 204585967 68218134 
87400038163 204586499 68218281 
87500007775 204708013 68267350 
87600017623 205134487 68430529 
87700015215 205633381 68593266 
87800040978 206110005 68748986 
87900015024 206577691 68904123 
88000011741 207072288 69063586 
88100015387 207502876 69204479 
88200008729 207864664 69307881 
88300037422 207900359 69320789 
88400038449 207902308 69320982 
88500030556 207904587 69322193 
88600039120 207924193 69327900 
88700039786 207924407 69328026 
88800037880 208110364 69376984 
88900033151 208111758 69377032 
89000015547 208112716 69377080 
89100012510 208114342 69378504 
89200022016 208378771 69468221 
89300012365 208384616 69471042 
89400020976 208642417 69557684 
89500017696 208904881 69645484 
89600011482 208909008 69647668 
89700022536 209178766 69739256 
89800021557 209442162 69827501 
89900022786 209443401 69828717 
90000020330 209706608 69916999 
90100019471 209972305 70006347 
90200022315 209973546 70007563 
90300022674 210244806 70098972 
90400022031 210507989 70187452 
90500022854 210509156 70188610 
90600015460 210772020 70276751 
90700022809 211045334 70368924 
90800021131 211046522 70370086 
90900021558 211311208 70458294 
91000022488 211574885 70546739 
91100023024 211575980 70547820 
91200022423 211838050 70636066 
91300022082 212111623 70728804 
91400019793 212112791 70729951 
91500021346 212375580 70817836 
91600022830 212638369 70905829 
91700021131 212639534 70906975 
91800021309 212904119 70995838 
91900022557 213176755 71088353 
92000019302 213177896 71089471 
92100022047 213441325 71177594 
92200022024 213703940 71265711 
92300022674 213705027 71266763 
92400021828 213977360 71358645 
92500022834 214244558 71448219 
92600022242 214245672 71449320 
92700021340 214508461 71537233 
92800021336 214770009 71624547 
92900022066 214771114 71625637 
93000022992 215045777 71718391 
93100021303 215308727 71806527 
93200022958 215309887 71807673 
93300022517 215572352 71895420 
93400022418 215835503 71983421 
93500021618 215836629 71984530 
93600022455 216110403 72076626 
93700021853 216373546 72164823 
93800019820 216374701 72165965 
93900022978 216637642 72254515 
94000022400 216907433 72345456 
94100021329 216908588 72346597 
94200022165 217177783 72436814 
94300022492 217441126 72525144 
94400021991 217442176 72526180 
94500022909 217704147 72613626 
94600018911 217978412 72706282 
94700022794 217979541 72707398 
94800021072 218242857 72795501 
94900022135 218505163 72883235 
95000022276 218506231 72884292 
95100020826 218769199 72972330 
95200020864 219043531 73064852 
95300020063 219044746 73066045 
95400022663 219308043 73154294 
95500016444 219570718 73242464 
95600022504 219571853 73243578 
95700022364 219840421 73333728 
95800002637 220070070 73411401 
95900022578 220111016 73425846 
96000022122 220374648 73514424 
96100003385 220548997 73572462 
96200022858 220637506 73602548 
96300019295 220911473 73694619 
96400003339 221070585 73747951 
96500021913 221174938 73783412 
96600020481 221437527 73871278 
96700004452 221548252 73908993 
96800023121 221700746 73960155 
96900021998 221974371 74052495 
97000002697 222051621 74079238 
97100021055 222238763 74141746 
97200022000 222501835 74229770 
97300002825 222529694 74239668 
97400023250 222768480 74319815 
97500022411 223039503 74411280 
97600010892 223051088 74415913 
97700022189 223303633 74501127 
97800022055 223565870 74588904 
97900011331 223575536 74592983 
98000022008 223839135 74681855 
98100022594 224102641 74770164 
98200014030 224103826 74771301 
98300019154 224366670 74859145 
98400020539 224628648 74946567 
98500003526 224777281 74985909 
98600037756 224865938 75034211 
98700040201 224866689 75034377 
98800038073 224867390 75034565 
98900036537 224868027 75034756 
99000039361 224868634 75034916 
99100011972 225019404 75107535 
99200008562 225494837 75330362 
99300008057 226274267 75678245 
99400010447 227016424 76014984 
99500010924 227752119 76348693 
99600010567 228606760 76731130 
99700009823 229342954 77065237 
99800010723 230076619 77397281 
99900012680 230926102 77775648 
100000010475 231647107 78097972 
100100069600 232338879 78399461 
100200010988 233032193 78672989 
100300034732 233167241 78717969 
100400031393 233190701 78720763 
100500027617 233206561 78722360 
100600039847 233238872 78733098 
100700038655 233239423 78733296 
100800039762 233239981 78733467 
100900038734 233240623 78733665 
101000207550 233241162 78733814 
101100007280 233245540 78737297 
101200007667 233697342 78950550 
101300012174 234312578 79229613 
101400007078 235125600 79595684 
101500013130 235912938 79952277 
101600010956 236652551 80288907 
101700005802 237480402 80661043 
101800011159 238251723 81010366 
101900012144 238988681 81344531 
102000006953 239820898 81714713 
102100009876 240545376 82034116 
102200011030 241190519 82307108 
102300016885 241572053 82438831 
102400034366 241600433 82443418 
102500033096 241622868 82445782 
102600022391 241630231 82451126 
102700038769 241657737 82457049 
102800037887 241658455 82457233 
102900037002 241659068 82457388 
103000039805 241659721 82457567 
103100038308 241660411 82457739 
103200009114 241977375 82609061 
103300008804 242572054 82878413 
103400010237 243299284 83209403 
103500011369 244035229 83543413 
103600013143 244890199 83927223 
103700010552 245626353 84261904 
103800010605 246361637 84594852 
103900011695 247214311 84977400 
104000011245 247943650 85306194 
104100006998 248662863 85625359 
104200011440 249436379 85954371 
104300014307 249916916 86132148 
104400036366 249971531 86150093 
104500031587 249993936 86152574 
104600031128 250004009 86153931 
104700038613 250036069 86164261 
104800038459 250036658 86164453 
104900040597 250037266 86164599 
105000038292 250037770 86164777 
105100039825 250038372 86164942 
105200010781 250210477 86248064 
105300007619 250704005 86478441 
105400007288 251452353 86814552 
105500010876 252237721 87170570 
105600011558 252977092 87506095 
105700008703 253804619 87877940 
105800012381 254575268 88226831 
105900011273 255312975 88561576 
106000007447 256151021 88935650 
106100015140 256889681 89265527 
106200010075 257581428 89568006 
106300005892 258248170 89831927 
106400036356 258379964 89869934 
106500032289 258403099 89872694 
106600026545 258418247 89874435 
106700039039 258450569 89885226 
106800039027 258451131 89885376 
106900038040 258451758 89885541 
107000038278 258452334 89885703 
107100038868 258452965 89885892 
107200006805 258472709 89897326 
107300007395 258926926 90112524 
107400011782 259598025 90415825 
107500012161 260335254 90750395 
107600010344 261189945 91135320 
107700094087 261927078 91471046 
107800008306 262675526 91809881 
107900011587 263516280 92189143 
108000011882 264249135 92521148 
108100007159 265003822 92858293 
108200011479 265793949 93203934 
108300009928 266425194 93468641 
108400025571 266752016 93582948 
108500034009 266778592 93588518 
108600029077 266800648 93590839 
108700013292 266814046 93597894 
108800039677 266834396 93602085 
108900035417 266835133 93602276 
109000038781 266835752 93602453 
109100040586 266836290 93602624 
109200039865 266836861 93602773 
109300013719 267187850 93769650 
109400007367 267781667 94039443 
109500010451 268556328 94391411 
109600011558 269295815 94727555 
109700008593 270135104 95104207 
109800011538 270895999 95449338 
109900010006 271634164 95784821 
110000009037 272486126 96165548 
110100011174 273223085 96497163 
110200012378 273939116 96815870 
110300012461 274712540 97141570 
110400010972 275160068 97300582 
110500031424 275186260 97308312 
110600033687 275208650 97310875 
110700031693 275218181 97313796 
110800039027 275248690 97322408 
110900040437 275249344 97322641 
111000037964 275249965 97322794 
111100038654 275250602 97322975 
111200040516 275251186 97323151 
111300004256 275478479 97432404 
111400007486 276011893 97679311 
111500011173 276706501 97995545 
111600011162 277569689 98386545 
111700010270 278309631 98724746 
111800011686 279048748 99061034 
111900011629 279906792 99448247 
112000011795 280644329 99784697 
112100011381 281378960 100116558 
112200012580 282217179 100488783 
112300010527 282898202 100785799 
112400010539 283476370 101015583 
112500033575 283593225 101046990 
112600031801 283616694 101049801 
112700020502 283629903 101051254 
112800039196 283662377 101062085 
112900038245 283663056 101062255 
113000038770 283663668 101062381 
113100039211 283664355 101062566 
113200039630 283664990 101062752 
113300004468 283747948 101103629 
113400007978 284179419 101308142 
113500012177 284939850 101647297 
113600010786 285676805 101981500 
113700007069 286480729 102342803 
113800011020 287269104 102698156 
113900010476 288004597 103031792 
114000038458 288823605 103398285 
114100011340 289591624 103743097 
114200013369 290314820 104067150 
114300007160 291104651 104407934 
114400010090 291732051 104663194 
114500036138 291962435 104739086 
114600035653 291985159 104741777 
114700026959 292003619 104743794 
114800038106 292035805 104754324 
114900039004 292036411 104754503 
115000039785 292037011 104754674 
115100038194 292037638 104754857 
115200039197 292038283 104755081 
115300008097 292039998 104756141 
115400007304 292464708 104957959 
115500011259 293048664 105224491 
115600011831 293906963 105610131 
115700010870 294645962 105946591 
115800009367 295384262 106282122 
115900011802 296242207 106667805 
116000011767 296979521 107002948 
116100010050 297715315 107335713 
116200011569 298562723 107713167 
116300009777 299270444 108026754 
116400048819 299925788 108306535 
116500014691 300350231 108456028 
116600034089 300374365 108459338 
116700034541 300396085 108461711 
116800031473 300404600 108466745 
116900039705 300432388 108472931 
117000037475 300433036 108473082 
117100039465 300433626 108473249 
117200037565 300434268 108473411 
117300038736 300434969 108473566 
117400007682 300732388 108615304 
117500009159 301311774 108878588 
117600010883 302030859 109205546 
117700007743 302783706 109545461 
117800011375 303622433 109922685 
117900011443 304358559 110257149 
118000007006 305126040 110602372 
118100011554 305946033 110970235 
118200010778 306675483 111298806 
118300007886 307437492 111634672 
118400009669 308173430 111948457 
118500012849 308678266 112139361 
118600031788 308747348 112158835 
118700032850 308769148 112161310 
118800018891 308779105 112162476 
118900039659 308811344 112172937 
119000039458 308811930 112173080 
119100038738 308812547 112173261 
119200038614 308813023 112173386 
119300039630 308813667 112173593 
119400007016 308969020 112248754 
119500008723 309450635 112474478 
119600007494 310224752 112820916 
119700013866 310978659 113163101 
119800011466 311717712 113498478 
119900007179 312576360 113883196 
120000009936 313315938 114219069 
120100011861 314053494 114553473 
120200010766 314907156 114934147 
120300011459 315630666 115258365 
120400011188 316326012 115562613 
120500012403 317019322 115837110 
120600038234 317146765 115873984 
120700034662 317170041 115876666 
120800026503 317185097 115878282 
120900038056 317217586 115888803 
121000039525 317218116 115888996 
121100036556 317218710 115889146 
121200040300 317219389 115889345 
121300038139 317219913 115889480 
121400010332 317249536 115905584 
121500006674 317693795 116115463 
121600010759 318378835 116424248 
121700011223 319114997 116758789 
121800016397 319970275 117143655 
121900012215 320705914 117478629 
122000011654 321442615 117812542 
122100013795 322295146 118195351 
122200010672 323027479 118527530 
122300007762 323768295 118859415 
122400011549 324573424 119211124 
122500011608 325201119 119473297 
122600029833 325518592 119583615 
122700032588 325543412 119587368 
122800178996 325564707 119589642 
122900004046 325588302 119598806 
123000040050 325598072 119600790 
123100039183 325598769 119600987 
123200039108 325599307 119601148 
123300039800 325599979 119601345 
123400039241 325600573 119601515 
123500016368 325953590 119769395 
123600006838 326544259 120038182 
123700014018 327316709 120388465 
123800010904 328056241 120724852 
123900007621 328895791 121101973 
124000010757 329655292 121446952 
124100010490 330393367 121782038 
124200006970 331246140 122164013 
124300011826 331981914 122495179 
124400010923 332697071 122813145 
124500011581 333470438 123138713 
124600007509 333919052 123298405 
124700031524 333950806 123310888 
124800035428 333973017 123313479 
124900030711 333982372 123315919 
125000038225 334013067 123325089 
125100038141 334013772 123325307 
125200039626 334014425 123325486 
125300039176 334015015 123325664 
125400039050 334015574 123325825 
125500007996 334225776 123426573 
125600008853 334747641 123668040 
125700011466 335437106 123980190 
125800013427 336296451 124367662 
125900012558 337036332 124704720 
126000008178 337787733 125044712 
126100010886 338635573 125426602 
126200011627 339372937 125762065 
126300006304 340135063 126105378 
126400011318 340948344 126466474 
126500009245 341633427 126764701 
126600007465 342231927 127001643 
126700036284 342363566 127041828 
126800035250 342386833 127044515 
126900017208 342401108 127046030 
127000039060 342433185 127056607 
127100040955 342433735 127056741 
127200040417 342434323 127056887 
127300040194 342434949 127057062 
127400039349 342435577 127057228 
127500007763 342504080 127091209 
127600009937 342926481 127291981 
127700011230 343682586 127630516 
127800011041 344418228 127964762 
127900007024 345247250 128336762 
128000010566 346010517 128681909 
128100010497 346745424 129014622 
128200007254 347589525 129392158 
128300011797 348332641 129727128 
128400014169 349055998 130051559 
128500010241 349867869 130403128 
128600010975 350478484 130654008 
128700033617 350729474 130736620 
128800037157 350752081 130739294 
128900024827 350771500 130741506 
129000036803 350803793 130752015 
129100039733 350804427 130752210 
129200039578 350805074 130752401 
129300038200 350805682 130752592 
129400039356 350806301 130752784 
129500006668 350807394 130753295 
129600005128 351227441 130952125 
129700011180 351808276 131217188 
129800011123 352667071 131603299 
129900012388 353406099 131938948 
130000012687 354145267 132274316 
130100011819 355003458 132659597 
130200010899 355741244 132994777 
130300010280 356477715 133328170 
130400010688 357325593 133705303 
130500010783 358034555 134019663 
130600013279 358692381 134299649 
130700013983 359121423 134449914 
130800031183 359151904 134459144 
130900034829 359174306 134461612 
131000031999 359182848 134466059 
131100038660 359211122 134472850 
131200039706 359211771 134473031 
131300037485 359212383 134473206 
131400039591 359213030 134473396 
131500038746 359213710 134473551 
131600015993 359477984 134599911 
131700008781 360034931 134854831 
131800010804 360741544 135176271 
131900006982 361559139 135544336 
132000010495 362333895 135895381 
132100010776 363069151 136229752 
132200006676 363902264 136603782 
132300010784 364659983 136947548 
132400011186 365389213 137276829 
132500006707 366216458 137640952 
132600011113 366897333 137934194 
132700012249 367437263 138144656 
132800033364 367529896 138170988 
132900031017 367552590 138173680 
133000019485 367564680 138175058 
133100039427 367596907 138185724 
133200038457 367597634 138185965 
133300040310 367598264 138186151 
133400038598 367598875 138186333 
133500038242 367599582 138186570 
133600012696 367718515 138244526 
133700009111 368172664 138460576 
133800010359 368946244 138808380 
133900011064 369685928 139146163 
134000011354 370428307 139483780 
134100011004 371286113 139871019 
134200010717 372025234 140208210 
134300007640 372780677 140550444 
134400015296 373617580 140927168 
134500009615 374343086 141253894 
134600009673 375071307 141572215 
134700011933 375750287 141847050 
134800033953 375930958 141904700 
134900033796 375954019 141907424 
135000026902 375970802 141909223 
135100039832 376003411 141920262 
135200038768 376003955 141920439 
135300039007 376004484 141920616 
135400037540 376005108 141920784 
135500038544 376005622 141920962 
135600007567 376011063 141925395 
135700007200 376475409 142143921 
135800010830 377106249 142430388 
135900007641 377890283 142783840 
136000009564 378705086 143151109 
136100010210 379444534 143487169 
136200007003 380243223 143846286 
136300011475 381042272 144207126 
136400011916 381777864 144539864 
136500007562 382581328 144897382 
136600010860 383331079 145227090 
136700011076 383971061 145496946 
136800047432 384326796 145619034 
136900031055 384358812 145628049 
137000031407 384380595 145630354 
137100023532 384387772 145635751 
137200041426 384414966 145641214 
137300036176 384415627 145641387 
137400040146 384416296 145641589 
137500039467 384416937 145641797 
137600039664 384417650 145641986 
137700006953 384742575 145796642 
137800009436 385343454 146068376 
137900011303 386072619 146400097 
138000012127 386807539 146732717 
138100012590 387661696 147114735 
138200009675 388397365 147448082 
138300013080 389131780 147779539 
138400012266 389983429 148159533 
138500012070 390711842 148487095 
138600071556 391426965 148803915 
138700012509 392198807 149129473 
138800013860 392672100 149302744 
138900032821 392715538 149314392 
139000026563 392737185 149316804 
139100031923 392746495 149318720 
139200038652 392777681 149328219 
139300037843 392778239 149328388 
139400038401 392778821 149328548 
139500040236 392779342 149328704 
139600040760 392779990 149328878 
139700008973 392963363 149417245 
139800008951 393462784 149650713 
139900007530 394193104 149979999 
140000011739 395000679 150346162 
140100010849 395739518 150683320 
140200008018 396545013 151046685 
140300010909 397337087 151406187 
140400011883 398073756 151741509 
140500007794 398890269 152107689 
140600012425 399648843 152446973 
140700011819 400337937 152748914 
140800008716 400985648 153005660 
140900035455 401117771 153046681 
141000030131 401141009 153049326 
141100028044 401155757 153050936 
141200039387 401188158 153061662 
141300040469 401188733 153061828 
141400038707 401189320 153061972 
141500039510 401189917 153062122 
141600038534 401190567 153062282 
141700004164 401233047 153084140 
141800007438 401666617 153290099 
141900009751 402384476 153613037 
142000012687 403119716 153946384 
142100011759 403974486 154330033 
142200011238 404710833 154664078 
142300013699 405446336 154996531 
142400011083 406300616 155379495 
142500010886 407033721 155710761 
142600010789 407758882 156034371 
142700010877 408572938 156389115 
142800010832 409194133 156646790 
142900030644 409487356 156749569 
143000036792 409511146 156753027 
143100024891 409532791 156755251 
143200004107 409560414 156764853 
143300040249 409565724 156765952 
143400039237 409566430 156766153 
143500038840 409567008 156766359 
143600038361 409567616 156766556 
143700034090 409568182 156766726 
143800015157 409936671 156941413 
143900007720 410512886 157202510 
144000015259 411318949 157566291 
144100013579 412058803 157901640 
144200006806 412865709 158264031 
144300009308 413658326 158622220 
144400010841 414396904 158957050 
144500006948 415216420 159323684 
144600010882 415984316 159668132 
144700013202 416698853 159985415 
144800008178 417444423 160298212 
144900009526 417889990 160456138 
145000034294 417913083 160462533 
145100035757 417935205 160465031 
145200031713 417944406 160468454 
145300039411 417974156 160476443 
145400039966 417974701 160476595 
145500039445 417975364 160476794 
145600038586 417976016 160476989 
145700038683 417976584 160477154 
145800007437 418215994 160591986 
145900008822 418752322 160838899 
146000011626 419448784 161155383 
146100012197 420305388 161539529 
146200009990 421042250 161873915 
146300011436 421777949 162207472 
146400011260 422633951 162591318 
146500011025 423369835 162924938 
146600010808 424100196 163253841 
146700011418 424935812 163622917 
146800010100 425614941 163917013 
146900013334 426183468 164142000 
147000033222 426291018 164167887 
147100032731 426313551 164170366 
147200019845 426326177 164171839 
147300038816 426358564 164182742 
147400038497 426359188 164182882 
147500036512 426359826 164183068 
147600039433 426360442 164183251 
147700038367 426361045 164183431 
147800008697 426474996 164238807 
147900009019 426926873 164452782 
148000077693 427698924 164798220 
148100012307 428438033 165134316 
148200008416 429190610 165475447 
148300010632 430037353 165856843 
148400012167 430777326 166193840 
148500008006 431543772 166539463 
148600011130 432368682 166909781 
148700011786 433094824 167235385 
148800006917 433834461 167557073 
148900011948 434504992 167827892 
149000036100 434703725 167896508 
149100033350 434727048 167899306 
149200023534 434744911 167901118 
149300034193 434777529 167911948 
149400039441 434778134 167912162 
149500039497 434778652 167912324 
149600038162 434779310 167912521 
149700038775 434779879 167912698 
149800008066 434781587 167913719 
149900007895 435205422 168115354 
150000010821 435789430 168383096 
150100012125 436648810 168770521 
150200011554 437389067 169108357 
150300010449 438128048 169445846 
150400010575 438987187 169833244 
150500011027 439725999 170170461 
150600011416 440463912 170505598 
150700009868 441312682 170885180 
150800011945 442022187 171201042 
150900009529 442679200 171481895 
151000015465 443102717 171631029 
151100033473 443132685 171641577 
151200036253 443155245 171643893 
151300031466 443163933 171648476 
151400039375 443192266 171655247 
151500039237 443192912 171655395 
151600040404 443193615 171655588 
151700039385 443194261 171655781 
151800040728 443194946 171655954 
151900004766 443482196 171793102 
152000009414 444055794 172054464 
152100015432 444771756 172379915 
152200007517 445543287 172727280 
152300010626 446364437 173097311 
152400009273 447101654 173431452 
152500006522 447887686 173784780 
152600012005 448690874 174146492 
152700011126 449420899 174475390 
152800007612 450200522 174818537 
152900011085 450919451 175125894 
153000012394 451434420 175322301 
153100035114 451511186 175344832 
153200035452 451533256 175347245 
153300020378 451543843 175348515 
153400039507 451575740 175359218 
153500038425 451576368 175359390 
153600038927 451577061 175359594 
153700039217 451577604 175359750 
153800038653 451578278 175359947 
153900010171 451729191 175432572 
154000009745 452211173 175658344 
154100008497 452989475 176006363 
154200011538 453738322 176346627 
154300011335 454477034 176681997 
154400011153 455336293 177066751 
154500014370 456075315 177402760 
154600010771 456812846 177737503 
154700011081 457667434 178118695 
154800010687 458391151 178442689 
154900011123 459086926 178746986 
155000012108 459781942 179021060 
155100033736 459915635 179064654 
155200032357 459938858 179067345 
155300024853 459955600 179069132 
155400038474 459988140 179079903 
155500039693 459988653 179080043 
155600037953 459989362 179080229 
155700038349 459990053 179080428 
155800038455 459990712 179080604 
155900009550 459999577 179086813 
156000006950 460465167 179306629 
156100011973 461113329 179600320 
156200007836 461871335 179943734 
156300010508 462704884 180320355 
156400010316 463441683 180656179 
156500007963 464214942 181005335 
156600011659 465031414 181374457 
156700012763 465764674 181708053 
156800007610 466542990 182055799 
156900012789 467309395 182392776 
157000014619 467945090 182660420 
157100021208 468286766 182778519 
157200033124 468315501 182785368 
157300033145 468336587 182787492 
157400003061 468344081 182793043 
157500036697 468371006 182798637 
157600039040 468371633 182798813 
157700034504 468372107 182798943 
157800038353 468372656 182799123 
157900039153 468373199 182799297 
158000007847 468710071 182959771 
158100010324 469315599 183233547 
158200011006 470056434 183570893 
158300010992 470795616 183907217 
158400012292 471654541 184293235 
158500011475 472393967 184628790 
158600010312 473132303 184963771 
158700011388 473988351 185347425 
158800012356 474719926 185677396 
158900009392 475439006 185997491 
159000013035 476215573 186325988 
159100013282 476678824 186492990 
159200033553 476720846 186507671 
159300035505 476742808 186510115 
159400032196 476752692 186512226 
159500038816 476784248 186522093 
159600035894 476784849 186522277 
159700037788 476785427 186522450 
159800039301 476786005 186522634 
159900038852 476786662 186522828 
160000008000 476984504 186617675 
160100008295 477497985 186855666 
160200008909 478198616 187171628 
160300011070 479036672 187548496 
160400011119 479773010 187883343 
160500008637 480542322 188230264 
160600012344 481364374 188600566 
160700011803 482099487 188933922 
160800007165 482879807 189283230 
160900011804 483670373 189634050 
161000008925 484357792 189933661 
161100009502 484974265 190177937 
161200034429 485102712 190213924 
161300032784 485126271 190216589 
161400020342 485140323 190218095 
161500039641 485172253 190228406 
161600039410 485172877 190228559 
161700038209 485173531 190228730 
161800038320 485174154 190228917 
161900037670 485174752 190229080 
162000004584 485229146 190256592 
162100007058 485653938 190459195 
162200010436 486397044 190793238 
162300011404 487135784 191129640 
162400012055 487994544 191515142 
162500011777 488734820 191851648 
162600011021 489473415 192186827 
162700011929 490330447 192571962 
162800012409 491066187 192905312 
162900012007 491794116 193232247 
163000012725 492610477 193587255 
163100010946 493227653 193842612 
163200030119 493499766 193933793 
163300035025 493523226 193936536 
163400023780 493543247 193938812 
163500038865 493575584 193949504 
163600037426 493576148 193949692 
163700038361 493576757 193949896 
163800039138 493577389 193950062 
163900038556 493578021 193950251 
164000009203 493578834 193950480 
164100011430 493987000 194144506 
164200011473 494552744 194403246 
164300011613 495410755 194789587 
164400011552 496149873 195126598 
164500011508 496888740 195461190 
164600015644 497746364 195847748 
164700014159 498484134 196183650 
164800013373 499221960 196516736 
164900097438 500069561 196894788 
165000012366 500779271 197210195 
165100007962 501447997 197494151 
165200008377 501894545 197653078 
165300029823 501916331 197656451 
165400036688 501938803 197658849 
165500030096 501947506 197663572 
165600037998 501975606 197670263 
165700038163 501976238 197670416 
165800036722 501976878 197670569 
165900037186 501977465 197670728 
166000036780 501978156 197670935 
166100008432 502259810 197805546 
166200007566 502834534 198068793 
166300015518 503549143 198395327 
166400006627 504325892 198745730 
166500012973 505140433 199113967 
166600012955 505877462 199449536 
166700006841 506669342 199806788 
166800011470 507466577 200166954 
166900012173 508196430 200497780 
167000007193 508982624 200845111 
167100011321 509696738 201151207 
167200014664 510213321 201349136 
167300036527 510291738 201371787 
167400035415 510313365 201374113 
167500019932 510324317 201375381 
167600039226 510356371 201386026 
167700034355 510357084 201386250 
167800038419 510357756 201386430 
167900040018 510358351 201386608 
168000038955 510359078 201386812 
168100009875 510508233 201459189 
168200009131 510985133 201683007 
168300007794 511771441 202034066 
168400010928 512512929 202371855 
168500009735 513252705 202707339 
168600011724 514112481 203093047 
168700010628 514851630 203429093 
168800012649 515589176 203762543 
168900012057 516443245 204143697 
169000011262 517167138 204467865 
169100011735 517863998 204772171 
169200009709 518561562 205048605 
169300034694 518699232 205089576 
169400033419 518722704 205092444 
169500026366 518738373 205094145 
169600037464 518770679 205105034 
169700036938 518771326 205105210 
169800040070 518771915 205105364 
169900040370 518772510 205105548 
170000039455 518773086 205105709 
170100005450 518791372 205116296 
170200009397 519246244 205330901 
170300010120 519910663 205631341 
170400006776 520654405 205969108 
170500012278 521504559 206352485 
170600009813 522241708 206688221 
170700007728 523001109 207032004 
170800012851 523833752 207407067 
170900012465 524567942 207740567 
171000006865 525332365 208081850 
171100011175 526113150 208423356 
171200012931 526746760 208688580 
171300025216 527080231 208804913 
171400037995 527107061 208810467 
171500035305 527128712 208812759 
171600009077 527140662 208819248 
171700038092 527162287 208823634 
171800040445 527162881 208823812 
171900038344 527163526 208824001 
172000039237 527164094 208824157 
172100039900 527164633 208824325 
172200005730 527513444 208990623 
172300006628 528106785 209260329 
172400011818 528873437 209608949 
172500011384 529613025 209945532 
172600007519 530459095 210325792 
172700010339 531211821 210667363 
172800012680 531949919 211002470 
172900010134 532805799 211385472 
173000009753 533537077 211715120 
173100011820 534252525 212032881 
173200011662 535026310 212359035 
173300014389 535477032 212519946 
173400037009 535510663 212533605 
173500034294 535532742 212536103 
173600031730 535542051 212538255 
173700041029 535572993 212547522 
173800040253 535573546 212547717 
173900039391 535574050 212547888 
174000039966 535574619 212548049 
174100039374 535575206 212548215 
174200006828 535773288 212643402 
174300009129 536283885 212880771 
174400008817 536992032 213200895 
174500012321 537826853 213578142 
174600014116 538565706 213914883 
174700006364 539343900 214266677 
174800010144 540163075 214636815 
174900012239 540900548 214972560 
175000007743 541688880 215326127 
175100011084 542475311 215676211 
175200009773 543162550 215976043 
175300008352 543783204 216221716 
175400035492 543914955 216262177 
175500035528 543938155 216264832 
175600012980 543952224 216266299 
175700039726 543984314 216276967 
175800040904 543984902 216277105 
175900038992 543985559 216277271 
176000038451 543986177 216277440 
176100039346 543986792 216277617 
176200007752 543998970 216285249 
176300006662 544461764 216503330 
176400010743 545121718 216801816 
176500007125 545868263 217139308 
176600010979 546713732 217519432 
176700010275 547450369 217853742 
176800007557 548212313 218196587 
176900010547 549040258 218568809 
177000012310 549774246 218900883 
177100007169 550541795 219242813 
177200011546 551318480 219581590 
177300011637 551949804 219845470 
177400028461 552285788 219959793 
177500027280 552310377 219963036 
177600023482 552332260 219965283 
177700004264 552351208 219973359 
177800039173 552365139 219976219 
177900041589 552365822 219976432 
178000040706 552366413 219976609 
178100040436 552367005 219976774 
178200039473 552367556 219976924 
178300005142 552724406 220147088 
178400007566 553311712 220414782 
178500011243 554093621 220769602 
178600011546 554833247 221107029 
178700006700 555663826 221481116 
178800011766 556432226 221830626 
178900014007 557169465 222166164 
179000007814 558012818 222544376 
179100012423 558757529 222880241 
179200010942 559472592 223198909 
179300007551 560240425 223522794 
179400008328 560686750 223682120 
179500032307 560711642 223689634 
179600035972 560734416 223692253 
179700028880 560743717 223695225 
179800035843 560774037 223703912 
179900034839 560774672 223704080 
180000039742 560775241 223704235 
180100039974 560775888 223704425 
180200038913 560776547 223704589 
180300008740 560994645 223809360 
180400008924 561519829 224051969 
180500011029 562207942 224362907 
180600012444 563063784 224747521 
180700012224 563800421 225082708 
180800012067 564536835 225415661 
180900011716 565394233 225803257 
181000011637 566129305 226136989 
181100008205 566869402 226469343 
181200011920 567696323 226834609 
181300011418 568375764 227130176 
181400015413 568962765 227363043 
181500033830 569088140 227397106 
181600037942 569111050 227399889 
181700019867 569124723 227401372 
181800038374 569157163 227412372 
181900039572 569157828 227412540 
182000040062 569158553 227412739 
182100038646 569159094 227412921 
182200038735 569159790 227413137 
182300013460 569244622 227454899 
182400008581 569671239 227658326 
182500011117 570433116 227998750 
182600010863 571172096 228334057 
182700006251 571982596 228698040 
182800012192 572769678 229053463 
182900011749 573508454 229388874 
183000007913 574332869 229758103 
183100010348 575100321 230104186 
183200011954 575827146 230429629 
183300007268 576622915 230773752 
183400012523 577250399 231029716 
183500033712 577491548 231112314 
183600035504 577515068 231115165 
183700026312 577534500 231117212 
183800039335 577567338 231127749 
183900038597 577567848 231127903 
184000038735 577568355 231128060 
184100038691 577568905 231128216 
184200039226 577569519 231128399 
184300008358 577570442 231128741 
184400005497 577983323 231325102 
184500012651 578556242 231586679 
184600010868 579412549 231971877 
184700043663 580149558 232307536 
184800010990 580885130 232641398 
184900012329 581740653 233026448 
185000011345 582477070 233361848 
185100011343 583211148 233693481 
185200010733 584056762 234070432 
185300011459 584764939 234385044 
185400011143 585425591 234666525 
185500004172 585865516 234822814 
185600034520 585895351 234831503 
185700035128 585917251 234833932 
185800027539 585926087 234838573 
185900039633 585954397 234845438 
186000156408 585955099 234845624 
186100039816 585955762 234845797 
186200038644 585956446 234845996 
186300039210 585957062 234846173 
186400010100 586233494 234978435 
186500008823 586799946 235237181 
186600010732 587512551 235561683 
186700007241 588311894 235922496 
186800011633 589110756 236284810 
186900011564 589849238 236620646 
187000006918 590662777 236986601 
187100010452 591444027 237340005 
187200012580 592176248 237671480 
187300008304 592984900 238029008 
187400010935 593684882 238331436 
187500012288 594214691 238537038 
187600033539 594301377 238562034 
187700026699 594324016 238564690 
187800019666 594335555 238566043 
187900039321 594363083 238575288 
188000032778 594363668 238575449 
188100038691 594364379 238575629 
188200039930 594365060 238575808 
188300009689 594369403 238579214 
188400008515 594752122 238742445 
188500014912 595458544 239022825 
188600013585 596129146 239293686 
188700017235 596799162 239564212 
188800012553 597469126 239834406 
188900006288 598155190 240109554 
189000012879 598896464 240404515 
189100014409 599557170 240669646 
189200012000 600196461 240920241 
189300012155 600730493 241107787 
189400040942 600834870 241139324 
189500034563 600844796 241140010 
189600030049 600850571 241140431 
189700021519 600851811 241141464 
189800020335 601313969 241356511 
189900019551 601315078 241357600 
190000018566 601785849 241574576 
190100001661 601861606 241610445 
190200017690 602248737 241786917 
190300020408 602719616 242003596 
190400019686 602720729 242004684 
190500020494 603185797 242218164 
190600002343 603615163 242415300 
190700019881 603656540 242435309 
190800020443 604127050 242651864 
190900022170 604128152 242652942 
191000020989 604590871 242865026 
191100021087 605061279 243081752 
191200020079 605062452 243082899 
191300017613 605524031 243294107 
191400002509 605700755 243375456 
191500021302 605995352 243511075 
191600019736 606463910 243726488 
191700020953 606465094 243727642 
191800021482 606932338 243942168 
191900018997 607403238 244159530 
192000019249 607404429 244160688 
192100020503 607866491 244371920 
192200013593 607874753 244376432 
192300019494 608338118 244590205 
192400021339 608800034 244801748 
192500021075 608801158 244802849 
192600020627 609271539 245019741 
192700001911 609533054 245140600 
192800019752 609742273 245237364 
192900019925 610204340 245448925 
193000020793 610205442 245449995 
193100020519 610675269 245667052 
193200020143 611138056 245878982 
193300022048 611139195 245880106 
193400019655 611610529 246097412 
193500014011 611627082 246105924 
193600020680 612076311 246311996 
193700019888 612545739 246528006 
193800020624 612546805 246529039 
193900019263 613016647 246745389 
194000002147 613342459 246894480 
194100020793 613480074 246957860 
194200019860 613950410 247174437 
194300018502 613951484 247175476 
194400020777 614413671 247387856 
194500020315 614884449 247604311 
194600019556 614885611 247605454 
194700020942 615354307 247821281 
194800002021 615421007 247852770 
194900019383 615820776 248036285 
195000018853 616291140 248252928 
195100020256 616292174 248253940 
195200021160 616754984 248466413 
195300001907 617149513 248647555 
195400021474 617226411 248683822 
195500020844 617689673 248896449 
195600020849 617690757 248897510 
195700021009 618161675 249114306 
195800018962 618631927 249330908 
195900020425 618632969 249331920 
196000018234 619095519 249543960 
196100002911 619233972 249608058 
196200020405 619566831 249761963 
196300020642 620029528 249973853 
196400019377 620030641 249974945 
196500022298 620501316 250191757 
196600012531 620966975 250405191 
196700019496 620968034 250406222 
196800021898 621437123 250622203 
196900023773 621438275 250623336 
197000039369 621889313 250822583 
197100040940 621889695 250822814 
197200031294 621890121 250823061 
197300038746 621890522 250823262 
197400039147 621890886 250823459 
197500037989 621891296 250823656 
197600037685 621891710 250823853 
197700008163 622115453 250939604 
197800006032 622573844 251174929 
197900010810 623322141 251538387 
198000010492 624322467 252020505 
198100006486 625227061 252457884 
198200010898 626134538 252899107 
198300011099 627133170 253380289 
198400011458 627944965 253777028 
198500011514 628944889 254258785 
198600007316 629869540 254704191 
198700011598 630747981 255129761 
198800010256 631728971 255596788 
198900011938 632506955 255969551 
199000010628 633388732 256368939 
199100008037 634018401 256629190 
199200032124 634098031 256656454 
199300039788 634148738 256662477 
199400016155 634177960 256666161 
199500038355 634220220 256680588 
199600037397 634220607 256680796 
199700038390 634220998 256681011 
199800039905 634221422 256681222 
199900040236 634221758 256681403 
200000039823 634222145 256681610 
200100040723 634222514 256681791 
200200008518 634511807 256831026 
200300008917 634999726 257080888 
200400011616 635801466 257469159 
200500009601 636802834 257953075 
200600010603 637617134 258352363 
200700013372 638620637 258838036 
200800006477 639561633 259294249 
200900012713 640437249 259721359 
201000009751 641437891 260204167 
201100011325 642249719 260600493 
201200012414 643244738 261079197 
201300006053 644188725 261530074 
201400011645 644996872 261916616 
201500011098 645867441 262306757 
201600017206 646397108 262528800 
201700029646 646471066 262544473 
201800038036 646522041 262550469 
201900020466 646544942 262553093 
202000038344 646587610 262567039 
202100038289 646587982 262567218 
202200039018 646588335 262567394 
202300037998 646588737 262567559 
202400038024 646589092 262567724 
202500039712 646589501 262567896 
202600035589 646589841 262568033 
202700004680 646973043 262764710 
202800009632 647523854 263041340 
202900010228 648379144 263454720 
203000007011 649268142 263886130 
203100010490 650195245 264337563 
203200010090 651197196 264820875 
203300012720 652010782 265219673 
203400012953 653013215 265703397 
203500007494 653924168 266143888 
203600012676 654825542 266582226 
203700012897 655817878 267056817 
203800011974 656611840 267440145 
203900012237 657551311 267880903 
204000008422 658328116 268227796 
204100018508 658784889 268411163 
204200038387 658838914 268420393 
204300029817 658890679 268426096 
204400031613 658905849 268430216 
204500039245 658945788 268441819 
204600034861 658946157 268442016 
204700038635 658946553 268442216 
204800039609 658946960 268442419 
204900038948 658947368 268442606 
205000039335 658947746 268442787 
205100006995 658948984 268443502 
205200011663 659406109 268677197 
205300009983 660013023 268978228 
205400011362 660912924 269412719 
205500011466 661726417 269810469 
205600011774 662729475 270293849 
205700005301 663621248 270725929 
205800011282 664546810 271175665 
205900009539 665548916 271658432 
206000013094 666362327 272055850 
206100011435 667361998 272535828 
206200005883 668267577 272970437 
206300012177 669144094 273390628 
206400012622 670077062 273824844 
206500012208 670742385 274122697 
206600045446 671149633 274280521 
206700032066 671209927 274291710 
206800029887 671261390 274297524 
206900026818 671272049 274303243 
207000038288 671309758 274312398 
207100038271 671310128 274312589 
207200037506 671310529 274312778 
207300039174 671310908 274312969 
207400041237 671311343 274313179 
207500039273 671311688 274313355 
207600012386 671329925 274325283 
207700008635 671861963 274594502 
207800009914 672525774 274920098 
207900006895 673326744 275310864 
208000010989 674290914 275778664 
208100010385 675292611 276261544 
208200011655 676106578 276660213 
208300009530 677108321 277143410 
208400007563 677981349 277567331 
208500012327 678923105 278022949 
208600013051 679920779 278501853 
208700010103 680723917 278890382 
208800012869 681693624 279350750 
208900008013 682511832 279732042 
209000011521 683227310 280043566 
209100033442 683519561 280154037 
209200035163 683571181 280160107 
209300030174 683617446 280165191 
209400002668 683635862 280174227 
209500036517 683660628 280179264 
209600039659 683661049 280179463 
209700039200 683661415 280179668 
209800029166 683661752 280179854 
209900040321 683662145 280180049 
210000039682 683662538 280180258 
210100008383 683783265 280244335 
210200013792 684314747 280513940 
210300006230 685012408 280854488 
210400009521 685868499 281274647 
210500010843 686870971 281759419 
210600013099 687686053 282158417 
210700009711 688688480 282644688 
210800007644 689669517 283119382 
210900011857 690504771 283528588 
211000010704 691504730 284010913 
211100006025 692331577 284412689 
211200012425 693303103 284878822 
211300009351 694266392 285336066 
211400009740 694996256 285677681 
211500011914 695737893 285987935 
211600037020 695892639 286047938 
211700031328 695944132 286054146 
211800030150 695983431 286058530 
211900037473 696026488 286072934 
212000039337 696026833 286073102 
212100040445 696027252 286073299 
212200039202 696027573 286073474 
212300038910 696027959 286073678 
212400039987 696028314 286073878 
212500039459 696028669 286074058 
212600005842 696215771 286171686 
212700007200 696711113 286424580 
212800012253 697382998 286752740 
212900012615 698382456 287237217 
213000007305 699372750 287715887 
213100012603 700199805 288121986 
213200010504 701201872 288606371 
213300006523 702041295 289015903 
213400010442 703019556 289489831 
213500012253 704019146 289971795 
213600013332 704827457 290365821 
213700013076 705812667 290836205 
213800007764 706635904 291230113 
213900010058 707481157 291617472 
214000007785 708184259 291907999 
214100023690 708255766 291928183 
214200022218 708308505 291934327 
214300009559 708339752 291937971 
214400039845 708380202 291950041 
214500038257 708380609 291950267 
214600039222 708381090 291950541 
214700041265 708381437 291950722 
214800039942 708381792 291950923 
214900040443 708382210 291951121 
215000039824 708382561 291951316 
215100007443 708655424 292093535 
215200010107 709129472 292336118 
215300010940 709922416 292720101 
215400011646 710923648 293203143 
215500011554 711739055 293601297 
215600012025 712742076 294087447 
215700007151 713721208 294559224 
215800010458 714558991 294968574 
215900011477 715560121 295450187 
216000007853 716386814 295852401 
216100011562 717368278 296324960 
216200007179 718350078 296791869 
216300010242 719123004 297163439 
216400010870 719992042 297555114 
216500009580 720546254 297787283 
216600033236 720624304 297806259 
216700036489 720675616 297812161 
216800021430 720699651 297814965 
216900040151 720741780 297829080 
217000038993 720742151 297829274 
217100040331 720742442 297829433 
217200039757 720742790 297829626 
217300038804 720743107 297829796 
217400039976 720743477 297829954 
217500034456 720743854 297830150 
217600009396 721123273 298024880 
217700010389 721673051 298301684 
217800009316 722526177 298714173 
217900006853 723420051 299147497 
218000011483 724340580 299595569 
218100011615 725341473 300077834 
218200011836 726153837 300475352 
218300012340 727155795 300959069 
218400006657 728071067 301401801 
218500010500 728966774 301836245 
218600010015 729959836 302311756 
218700012759 730754244 302695290 
218800010399 731695399 303136906 
218900006703 732474198 303484056 
219000018057 732926829 303666986 
219100033410 732981054 303676718 
219200031566 733032531 303682449 
219300030056 733047796 303686655 
219400039351 733087036 303698053 
219500038871 733087369 303698236 
219600040574 733087705 303698413 
219700039079 733088072 303698573 
219800037934 733088412 303698753 
219900038343 733088804 303698926 
220000007756 733089569 303699258 
220100009323 733544956 303932888 
220200008762 734145237 304231402 
220300012410 735038650 304661961 
220400011511 735851462 305060852 
220500009292 736853314 305544083 
220600008028 737758011 305982171 
220700011293 738666386 306423941 
220800012178 739665770 306904744 
220900011665 740477526 307301980 
221000011457 741475552 307781929 
221100007768 742393644 308221936 
221200011637 743254884 308636150 
221300014027 744187385 309070304 
221400009479 744854338 309370277 
221500020349 745272644 309534594 
221600033469 745332366 309544664 
221700029316 745384045 309550688 
221800030683 745394424 309556588 
221900039573 745431713 309565608 
222000040314 745432092 309565807 
222100039947 745432477 309566006 
222200040066 745432849 309566192 
222300036180 745433203 309566367 
222400039955 745433580 309566567 
222500009070 745444931 309575369 
222600014011 745977890 309844754 
222700009556 746639383 310170275 
222800007026 747451452 310566142 
222900012013 748400784 311027203 
223000012122 749403206 311510170 
223100013225 750216853 311908867 
223200010354 751219543 312392479 
223300023970 752107255 312822501 
223400012871 753034059 313272046 
223500011125 754031444 313750169 
223600012449 754834969 314139405 
223700013101 755804929 314599620 
223800007570 756639260 314989210 
223900009694 757350656 315300316 
224000033152 757654435 315417799 
224100032534 757706336 315424320 
224200026363 757754425 315429716 
224300001912 757761758 315436513 
224400039941 757797915 315444251 
224500040398 757798243 315444433 
224600039574 757798620 315444604 
224700041028 757798996 315444767 
224800035655 757799436 315444966 
224900040284 757799810 315445129 
225000009065 757867103 315481609 
225100011249 758399630 315751623 
225200009272 759096240 316092010 
225300012277 759887175 316480271 
225400013195 760891419 316965897 
225500006571 761809748 317411347 
225600011460 762709675 317850670 
225700011396 763711805 318333977 
225800010570 764525088 318732273 
225900011701 765527279 319216319 
226000007741 766463530 319668425 
226100013597 767327603 320086482 
226200015213 768294176 320545052 
226300011022 769036398 320895047 
226400009978 769798267 321220519 
226500034985 770025969 321306441 
226600033984 770077678 321312596 
226700031148 770119525 321317301 
226800040509 770162330 321331601 
226900039282 770162703 321331811 
227000038737 770163086 321332008 
227100039278 770163490 321332197 
227200041189 770163865 321332409 
227300039184 770164319 321332624 
227400040206 770164664 321332781 
227500006306 770337223 321423081 
227600007222 770846522 321682031 
227700007910 771518149 322009192 
227800010655 772491814 322481877 
227900009638 773494344 322964510 
228000011500 774307882 323363384 
228100011504 775310385 323847413 
228200006810 776172122 324266362 
228300010716 777125409 324729248 
228400011418 778125123 325209880 
228500012230 778933563 325603497 
228600011706 779919108 326072750 
228700006453 780765087 326475603 
228800011184 781593158 326856618 
228900006974 782314049 327153167 
229000031103 782394900 327182735 
229100039375 782445589 327188853 
229200030476 782478858 327192566 
229300038129 782521720 327207046 
229400040236 782522076 327207229 
229500039348 782522489 327207394 
229600039591 782522858 327207605 
229700039607 782523241 327207782 
229800038358 782523636 327207991 
229900037744 782524025 327208169 
230000008267 782781587 327340942 
230100009316 783247569 327580927 
230200013222 784033566 327962803 
230300094694 785035172 328447433 
230400006838 785871242 328856076 
230500009882 786852975 329332866 
230600011288 787855137 329817822 
230700011561 788668448 330217151 
230800012046 789669975 330701320 
230900006082 790525574 331118482 
231000010059 791477105 331577864 
231100011865 792459666 332047385 
231200009289 793231356 332418661 
231300011313 794102502 332811463 
231400006981 794677556 333052146 
231500037685 794760254 333075425 
231600033913 794811747 333081261 
231700015891 794837357 333084195 
231800038576 794880042 333098353 
231900037988 794880394 333098548 
232000040104 794880793 333098758 
232100035749 794881153 333098973 
232200038205 794881570 333099209 
232300039794 794881973 333099404 
232400039355 794882344 333099596 
232500015645 795229891 333278027 
232600009467 795755463 333543907 
232700011527 796591343 333947773 
232800006801 797558116 334414254 
232900011040 798407458 334828503 
233000012663 799409467 335310394 
233100011533 800226785 335708954 
233200011918 801227078 336192603 
233300006908 802215152 336667712 
233400012261 803040187 337070222 
233500010793 804033624 337544522 
233600007577 804854103 337938634 
233700013800 805776090 338372231 
233800005460 806621178 338747291 
233900015799 807070747 338930718 
234000037678 807131832 338944720 
234100033647 807183607 338950688 
234200025921 807202036 338953717 
234300038328 807243493 338966877 
234400038377 807243852 338967034 
234500039074 807244203 338967208 
234600041373 807244607 338967418 
234700040184 807244957 338967587 
234800040653 807245286 338967771 
234900009006 807245812 338968037 
235000009742 807670441 339185844 
235100008706 808247847 339475205 
235200009669 809124785 339898586 
235300011621 809939083 340296759 
235400011020 810941196 340781761 
235500007552 811918896 341253987 
235600010685 812758162 341664591 
235700014563 813759487 342146907 
235800006526 814585127 342548778 
235900009585 815572053 343024875 
236000006559 816562234 343498043 
236100011032 817355635 343881125 
236200011942 818290567 344316971 
236300007383 818988081 344629390 
236400014276 819442416 344811161 
236500030142 819490778 344817079 
236600035773 819543270 344823073 
236700030684 819555757 344828487 
236800037876 819593770 344838411 
236900040021 819594121 344838594 
237000038285 819594520 344838811 
237100035493 819594876 344838994 
237200038604 819595208 344839185 
237300039921 819595607 344839394 
237400006966 819601629 344845001 
237500007648 820115845 345105617 
237600009693 820759883 345422865 
237700006752 821611181 345835726 
237800010993 822509314 346272929 
237900012149 823511229 346756601 
238000009956 824325636 347154260 
238100012562 825329062 347638349 
238200008008 826268003 348091808 
238300012649 827144182 348516739 
238400010736 828141900 348995608 
238500010818 828946521 349383913 
238600012630 829918797 349846371 
238700007008 830799873 350257266 
238800011246 831476460 350555508 
238900034945 831809899 350685789 
239000038454 831862045 350692517 
239100026389 831914210 350698355 
239200017978 831921429 350704976 
239300040120 831957571 350713031 
239400039345 831957953 350713237 
239500039585 831958332 350713430 
239600039720 831958683 350713608 
239700039552 831959067 350713806 
239800041203 831959476 350714016 
239900011854 832019586 350747048 
240000005334 832549498 351015506 
240100009496 833243750 351353301 
240200011589 834027520 351736510 
240300011619 835028803 352219295 
240400006490 835960440 352668470 
240500012153 836841798 353097283 
240600011386 837840519 353576518 
240700013758 838651992 353971719 
240800011904 839651868 354453372 
240900007171 840601966 354909421 
241000012412 841450948 355319636 
241100012171 842418130 355777621 
241200009891 843163628 356126879 
241300010838 843926240 356452371 
241400034755 844157781 356541601 
241500034097 844209303 356547771 
241600031062 844252568 356552918 
241700003521 844285834 356565005 
241800038865 844295094 356566967 
241900040760 844295437 356567149 
242000039131 844295831 356567318 
242100039774 844296157 356567474 
242200038635 844296528 356567640 
242300039591 844296898 356567825 
242400005281 844423180 356634595 
242500006314 844959155 356905699 
242600006248 845643532 357238698 
242700015762 846520918 357667370 
242800014672 847521625 358149731 
242900011248 848335315 358546793 
243000012565 849338527 359031607 
243100007103 850296291 359493650 
243200012295 851152890 359911714 
243300009860 852151636 360391512 
243400011877 852961545 360784738 
243500011920 853946426 361255374 
243600006952 854887882 361701184 
243700010997 855637245 362050523 
243800011221 856373775 362358078 
243900035714 856517367 362411536 
244000034238 856568186 362417612 
244100030540 856604577 362421888 
244200036786 856647286 362436172 
244300040562 856647680 362436366 
244400039069 856648033 362436562 
244500032743 856648456 362436764 
244600038270 856648786 362436944 
244700039580 856649180 362437141 
244800039764 856649571 362437326 
244900010408 856872842 362553072 
245000005480 857335414 362790381 
245100010049 858083312 363153927 
245200011965 859085332 363637227 
245300007400 859994302 364077455 
245400011217 860902198 364518870 
245500012273 861903376 365000358 
245600010491 862717085 365397625 
245700012470 863719316 365881413 
245800006555 864647719 366329514 
245900011361 865527224 366756143 
246000012103 866510582 367224653 
246100008739 867287841 367597930 
246200011936 868170579 367998412 
246300007186 868805102 368260581 
246400037346 868886934 368287369 
246500033305 868937590 368293377 
246600013932 868967257 368296850 
246700039794 869010226 368311326 
246800038590 869010624 368311523 
246900040477 869010939 368311681 
247000038074 869011389 368311900 
247100038898 869011762 368312064 
247200038398 869012171 368312289 
247300039809 869012566 368312460 
247400008108 869301639 368462030 
247500008919 869788758 368711621 
247600010970 870591241 369100761 
247700010344 871592418 369583652 
247800012035 872407000 369981723 
247900011899 873410460 370466338 
248000006842 874351583 370921859 
248100011748 875227058 371349230 
248200010992 876227790 371831418 
248300012084 877040008 372226884 
248400010784 878034922 372704657 
248500006829 878978185 373154267 
248600012482 879783497 373539620 
248700011051 880650824 373928809 
248800015664 881181346 374151664 
248900034384 881247601 374163303 
249000030131 881298977 374169299 
249100019519 881319600 374171698 
249200037930 881362453 374186043 
249300039151 881362820 374186207 
249400038466 881363202 374186388 
249500039089 881363612 374186583 
249600040351 881364002 374186765 
249700039143 881364428 374186963 
249800040048 881364814 374187144 
249900004482 881710330 374365055 
250000009286 882237461 374633768 
250100012414 883071922 375037379 
250200006132 884041207 375506271 
250300010935 884887833 375920627 
250400011770 885889282 376403801 
250500006720 886708252 376803858 
250600011100 887705845 377286997 
250700005733 888697938 377765036 
250800011227 889519117 378165956 
250900056833 890511882 378641313 
251000007414 891335075 379036926 
251100009666 892252149 379470739 
251200007834 893102013 379850219 
251300014885 893549204 380033545 
251400031143 893611179 380044306 
251500028622 893661963 380050010 
251600031049 893679678 380053315 
251700039005 893720604 380065685 
251800041127 893720977 380065871 
251900038314 893721430 380066079 
252000039121 893721799 380066278 
252100040363 893722198 380066462 
252200039874 893722579 380066633 
252300008639 893723180 380066868 
252400004106 894169926 380296391 
252500009258 894763854 380593025 
252600011347 895654121 381024112 
252700013619 896467245 381423624 
252800009695 897469568 381909111 
252900007370 898394342 382358087 
253000012835 899285679 382793749 
253100012078 900286536 383276783 
253200012233 901099403 383674835 
253300012499 902098677 384158050 
253400007380 903035358 384607217 
253500012858 903880947 385014770 
253600089259 904815581 385451796 
253700009559 905485996 385754527 
253800050669 905915420 385923221 
253900032884 905974970 385932663 
254000030685 906026891 385938510 
254100030826 906037678 385944206 
254200039368 906075218 385953447 
254300040194 906075596 385953635 
254400039805 906075990 385953841 
254500039491 906076398 385954053 
254600040631 906076802 385954266 
254700039257 906077155 385954459 
254800011537 906092501 385965053 
254900011268 906621061 386233082 
255000009262 907285276 386559966 
255100008753 908092512 386954278 
255200011615 909049806 387420246 
255300012423 910052722 387905180 
255400009839 910866921 388305185 
255500012365 911869671 388790342 
255600007884 912750899 389219407 
255700011223 913685563 389674159 
255800012029 914683000 390154069 
255900011758 915486861 390544739 
256000011266 916457501 391006806 
256100007588 917283114 391393220 
256200009677 917993737 391703640 
256300034667 918286027 391814889 
256400033263 918337168 391821115 
256500030020 918384303 391826350 
256600004133 918402310 391835390 
256700039086 918427452 391840629 
256800038978 918427825 391840832 
256900039491 918428163 391841016 
257000038290 918428535 391841196 
257100040162 918428933 391841409 
257200039650 918429252 391841557 
257300008537 918552305 391906529 
257400009658 919085699 392177693 
257500008888 919778354 392516613 
257600011836 920645009 392942127 
257700011707 921647458 393428164 
257800012337 922462231 393826431 
257900011412 923465454 394314167 
258000005595 924435696 394784747 
258100011111 925282100 395199729 
258200011548 926282000 395683102 
258300007375 927097924 396080694 
258400011303 928080326 396553491 
258500006158 929033457 397006811 
258600010376 929770078 397352303 
258700011331 930508805 397662382 
258800030196 930660932 397719201 
258900032865 930712359 397725510 
259000014360 930750826 397729906 
259100039726 930793434 397744260 
259200039721 930793790 397744448 
259300035894 930794168 397744655 
259400039525 930794525 397744852 
259500039111 930794849 397745048 
259600038959 930795206 397745244 
259700039833 930795576 397745432 
259800009537 931017669 397860343 
259900006709 931481420 398098485 
260000012351 932226725 398461975 
260100011500 933229482 398946183 
260200029889 934140658 399387550 
260300012922 935045347 399828196 
260400012313 936047432 400311356 
260500011708 936860924 400709063 
260600012199 937862916 401192441 
260700007142 938794403 401642501 
260800012504 939671393 402067070 
260900010848 940654076 402534947 
261000011266 941431738 402908110 
261100011224 942312330 403308416 
261200007940 942946691 403572544 
261300033276 943027309 403597868 
261400030921 943078640 403603985 
261500016617 943107298 403607211 
261600040280 943149597 403621383 
261700038265 943149964 403621578 
261800039705 943150320 403621783 
261900040547 943150695 403621948 
262000039762 943151028 403622134 
262100038686 943151404 403622344 
262200040610 943151806 403622527 
262300010079 943473909 403788123 
262400009544 943985197 404047480 
262500011488 944805341 404441855 
262600010419 945805382 404921757 
262700011922 946616999 405318295 
262800011170 947616825 405798565 
262900006643 948481337 406216856 
263000010925 949428396 406674199 
263100012685 950426913 407152699 
263200012713 951235588 407546637 
263300012266 952229580 408021179 
263400007019 953098976 408435784 
263500011349 953975421 408850677 
263600011606 954835427 409233233 
263700016392 955306216 409428485 
263800037838 955372747 409443155 
263900034278 955423611 409449057 
264000031754 955442536 409451751 
264100039112 955483660 409464923 
264200040305 955484013 409465093 
264300038833 955484374 409465290 
264400041880 955484710 409465455 
264500139113 955485052 409465616 
264600039341 955485454 409465831 
264700007689 955485959 409466037 
264800004478 955887099 409672425 
264900034884 956452702 409956250 
265000013122 957316649 410372944 
265100006196 958164348 410785729 
265200012704 959130648 411253828 
265300010334 960131730 411735362 
265400012388 960944604 412133387 
265500010671 961945870 412613978 
265600007966 962814689 413034184 
265700011623 963756512 413489957 
265800012454 964747614 413962649 
265900012030 965539147 414345796 
266000010170 966479509 414784547 
266100007951 967217827 415113425 
266200012836 967672886 415294428 
266300035934 967728209 415303664 
266400028102 967779231 415309351 
266500029125 967793156 415314152 
266600039082 967832303 415325107 
266700039061 967832629 415325275 
266800040563 967832994 415325440 
266900037027 967833381 415325638 
267000039796 967833746 415325799 
267100040273 967834146 415326002 
267200008170 967837976 415329407 
267300012707 968329622 415579384 
267400008833 968959024 415890755 
267500006708 969847329 416320286 
267600013738 970692280 416734322 
267700011611 971693371 417216659 
267800006976 972513194 417616279 
267900011644 973509944 418098852 
268000006361 974503104 418577041 
268100010523 975324599 418978879 
268200012611 976321588 419457617 
268300005848 977155809 419860323 
268400011246 978099890 420311981 
268500012358 979029008 420744067 
268600011684 979672843 421030822 
268700037028 980042763 421171959 
268800035469 980094788 421177845 
268900026761 980146474 421183658 
269000023562 980153943 421190530 
269100039286 980190437 421198664 
269200039989 980190752 421198831 
269300035902 980191190 421199057 
269400040384 980191565 421199250 
269500038579 980191950 421199445 
269600040249 980192328 421199627 
269700004350 980234512 421223714 
269800015976 980765645 421493270 
269900009028 981446345 421827700 
270000010863 982223145 422208636 
270100011896 983226846 422694539 
270200006599 984202427 423166603 
270300011919 985045013 423580376 
270400010258 986046758 424064177 
270500006045 986871818 424467589 
270600010150 987863559 424947969 
270700011151 988857401 425425941 
270800010551 989665118 425817897 
270900013223 990633397 426277929 
271000005967 991405342 426640766 
271100010647 992158352 426965566 
271200039670 992420928 427067155 
271300034458 992471864 427073409 
271400027665 992517721 427078439 
271500003319 992538332 427088047 
271600038996 992560986 427092905 
271700036093 992561377 427093092 
271800039451 992561788 427093284 
271900041128 992562216 427093491 
272000039332 992562620 427093674 
272100040044 992562987 427093868 
272200007701 992663228 427147685 
272300010772 993197434 427418268 
272400006195 993911627 427765857 
272500011214 994727795 428166777 
272600012275 995730266 428650752 
272700008881 996577710 429064061 
272800013064 997547622 429535555 
272900012302 998550283 430020142 
273000009724 999363280 430419215 
273100011406 1000364057 430901222 
273200007115 1001228736 431320190 
273300011918 1002162941 431769271 
273400012309 1003128663 432227666 
273500009178 1003861118 432571437 
273600011055 1004610391 432886274 
273700030156 1004790051 432954824 
273800033724 1004840985 432960885 
273900031194 1004880959 432965238 
274000039750 1004923768 432979389 
274100039326 1004924123 432979565 
274200039664 1004924537 432979765 
274300037781 1004924922 432979963 
274400038647 1004925292 432980143 
274500041056 1004925696 432980347 
274600039086 1004926091 432980541 
274700010921 1005126722 433084167 
274800006837 1005607433 433330523 
274900011512 1006310026 433672932 
275000010681 1007313065 434158945 
275100006315 1008267980 434621092 
275200011680 1009130547 435041263 
275300010950 1010132636 435524529 
275400011476 1010947541 435922981 
275500011184 1011949069 436407221 
275600007545 1012924349 436877952 
275700011979 1013759377 437283634 
275800011895 1014743298 437752656 
275900006553 1015532802 438131243 
276000013220 1016410453 438531614 
276100009073 1017082136 438809165 
276200032698 1017163146 438835835 
276300034431 1017214896 438842278 
276400016631 1017245405 438845726 
276500039637 1017287882 438859710 
276600037034 1017288220 438859890 
276700038725 1017288607 438860080 
276800038744 1017288977 438860271 
276900041354 1017289364 438860455 
277000038888 1017289719 438860653 
277100039294 1017290098 438860833 
277200009296 1017550499 438995017 
277300010409 1018022422 439237749 
277400010408 1018810442 439620952 
277500011345 1019812168 440104981 
277600007501 1020637990 440508237 
277700010956 1021630151 440989863 
277800007171 1022630144 441472722 
277900013341 1023447914 441873644 
278000012085 1024449533 442356754 
278100007715 1025296327 442768080 
278200009528 1026258272 443231695 
278300011202 1027242057 443701263 
278400010732 1028013637 444072789 
278500009968 1028884000 444464917 
278600007698 1029450551 444699769 
278700035247 1029533500 444722176 
278800033605 1029585379 444728186 
278900020335 1029609910 444730965 
279000038722 1029652277 444745010 
279100039410 1029652639 444745207 
279200039098 1029653023 444745407 
279300039962 1029653346 444745600 
279400038722 1029653704 444745797 
279500039562 1029654065 444745984 
279600040587 1029654405 444746152 
279700007193 1030019359 444933711 
279800009867 1030558798 445205452 
279900010409 1031404928 445614607 
280000006923 1032332216 446063714 
280100010271 1033220470 446496418 
280200011007 1034222181 446979754 
280300010681 1035035907 447376906 
280400011087 1036038506 447861010 
280500006829 1036988281 448319657 
280600011394 1037851643 448739795 
280700009516 1038843696 449213949 
280800012696 1039639641 449597427 
280900012039 1040582339 450040743 
281000007797 1041391323 450400221 
281100014064 1041843453 450583493 
281200037908 1041902294 450595698 
281300033232 1041954249 450601445 
281400032176 1041970957 450605258 
281500038133 1042007360 450615716 
281600040761 1042007792 450615908 
281700040874 1042008153 450616095 
281800037975 1042008565 450616256 
281900039178 1042008970 450616431 
282000039097 1042009331 450616597 
282100006341 1042324332 450769582 
282200009504 1042870854 451026505 
282300011275 1043719902 451410564 
282400011512 1044506830 451772169 
282500012196 1045449246 452198584 
282600012549 1046236670 452560148 
282700013928 1047178806 452987145 
282800013562 1047965539 453348656 
282900012466 1048905874 453773568 
283000013274 1049686984 454130441 
283100007841 1050607517 454542901 
283200011424 1051346145 454872243 
283300007688 1052110930 455190452 
283400035341 1052421261 455298529 
283500034434 1052445814 455300403 
283600030085 1052469716 455302259 
283700023403 1052470907 455303020 
283800022750 1052472132 455304213 
283900022979 1053134995 455673863 
284000001655 1053206965 455714775 
284100021917 1053803038 456046474 
284200001740 1054348590 456350843 
284300192220 1054470454 456419565 
284400024197 1055137858 456792574 
284500023677 1055139001 456793691 
284600022103 1055806130 457164962 
284700023443 1055807324 457166124 
284800023605 1056474463 457538923 
284900023537 1056475694 457540132 
285000022440 1057143777 457912911 
285100001564 1057206574 457948177 
285200022860 1057811917 458286791 
285300001893 1058345650 458585933 
285400023052 1058479287 458660471 
285500023204 1059142784 459030285 
285600023366 1059143938 459031416 
285700022469 1059810755 459403018 
285800024433 1059811879 459404120 
285900023277 1060478723 459776456 
286000023274 1060479891 459777599 
286100024362 1061146959 460150212 
286200001640 1061211474 460186308 
286300023577 1061813956 460522804 
286400001638 1062349459 460821555 
286500023845 1062481492 460895515 
286600023159 1063148455 461268377 
286700022928 1063149615 461269521 
286800023212 1063816743 461640795 
286900021113 1063817924 461641951 
287000022395 1064483908 462013617 
287100023003 1064485081 462014761 
287200022192 1065149225 462384016 
287300001775 1065211513 462419581 
287400022332 1065816428 462756990 
287500001790 1066351537 463056123 
287600022771 1066483045 463130193 
287700023318 1067150615 463502796 
287800023364 1067151801 463503966 
287900024410 1067819315 463876291 
288000021847 1067820392 463877337 
288100022560 1068487675 464249399 
288200023361 1068488877 464250566 
288300023802 1069156366 464623226 
288400001995 1069209700 464653305 
288500023070 1069823890 464996731 
288600001854 1070347379 465289111 
288700022176 1070490065 465368667 
288800020704 1071153779 465737943 
288900024617 1071154868 465739015 
289000022131 1071822565 466112051 
289100022186 1071823751 466113202 
289200021293 1072490366 466485649 
289300020549 1072491490 466486745 
289400022920 1073158710 466859321 
289500001436 1073217701 466892450 
289600023745 1073826335 467231946 
289700002111 1074356654 467527804 
289800023222 1074493803 467604654 
289900023524 1075161381 467977241 
290000022995 1075162463 467978297 
290067052824 1075767275 468306390 
