100013116 4.766940
200019784 1.607753
300013892 7.505846
400028987 4.035959
500014903 10.956418
600017859 11.377122
700019286 6.149011
800009546 5.786708
900133681 7.894853
1000020415 13.801950
1100018318 8.516443
1200020498 15.174962
1300018278 6.075404
1400006843 7.473844
1500008505 4.766834
1600004395 12.956577
1700006493 13.841431
1800007474 16.169625
1900007688 17.611848
2000009743 18.206397
2100020727 40.547903
2200020097 7.227388
2300018861 10.584341
2400019902 24.347204
2500020649 9.318964
2600020318 3.355469
2700014537 9.047521
2800012610 22.483233
2900019074 10.266064
3000021041 4.183264
3100016125 11.224591
3200017615 4.943950
3300014122 5.844591
3400018025 12.983219
3500003970 11.712393
3600004481 12.396382
3700003344 24.360601
3800004680 41.955564
3900009424 60.085475
4000018707 13.233893
4100007796 2.698493
4200017661 11.711546
4300020504 37.680445
4400018429 12.952473
4500018330 2.560054
4600020243 5.706855
4700020430 14.137277
4800020065 39.509608
4900019466 2.709825
5000018849 2.881949
5100016413 15.389644
5200019298 3.069907
5300016333 3.100039
5400014986 16.596232
5500017191 3.494051
5600009059 2.904058
5700019827 3.442899
5800020852 3.294402
5900018618 18.128398
6000017246 3.058604
6100015386 3.409035
6200018266 3.512244
6300019735 4.301041
6400018866 19.413728
6500004658 5.815467
6600009598 6.164683
6700016217 8.281229
6800011004 9.369960
6900010848 13.817928
7000006249 24.893347
7100005078 16.911742
7200002794 16.838188
7300010136 18.784932
7400003301 18.437495
7500003206 19.788450
7600003543 20.623479
7700005606 21.444118
7800003713 23.565717
7900004884 21.922637
8000004555 27.129558
8100005162 33.929358
8200005033 40.973936
8300003002 49.811199
8400004453 57.184142
8500010082 65.320346
8600018119 24.469221
8700020041 2.771039
8800025381 3.051060
8900018277 38.820049
9000018747 43.539574
9100018765 47.512794
9200016776 24.476338
9300018406 2.337018
9400005829 3.215520
9500021061 3.153699
9600006183 3.092156
9700016652 3.686886
9800018666 25.157765
9900016012 9.297093
10000015533 3.756687
10100014729 5.408760
10200005528 4.960651
10300017396 6.490097
10400014613 5.500577
10500020257 7.609635
10600017748 30.610214
10700019775 9.850013
10800020859 10.238857
10900008650 9.836370
11000005408 11.495649
11100007566 8.888513
11200003764 12.483008
11300009514 8.653911
11400005953 12.922601
11500006411 27.321526
11600006197 13.847735
11700006308 13.188629
11800020914 12.048486
11900018171 10.882259
12000007951 13.194143
12100017303 11.897518
12200003635 9.971496
12300007647 14.041935
12400018296 15.534590
12500003901 11.490484
12600009074 14.505434
12700003851 13.885285
12800004050 13.746459
12900017382 29.879885
13000016791 12.684742
13100003249 11.422618
13200019563 13.948100
13300021423 12.492807
13400005988 10.477622
13500011985 14.507715
13600007310 13.849051
13700005282 11.655456
13800012715 14.352739
13900005612 15.694006
14000003327 14.740667
14100018405 15.373001
14200006741 15.120971
14300003289 15.306144
14400005751 15.341479
14500007123 15.541090
14600003563 13.872807
14700004217 29.974358
14800008639 15.779647
14900006807 15.351567
15000004147 15.873590
15100006984 14.566714
15200014701 15.940283
15300005619 16.113150
15400003077 15.744806
15500005400 15.730991
15600003243 15.852986
15700014478 16.008839
15800006285 15.820922
15900017072 15.940107
16000017198 14.215611
16100020389 16.487232
16200005920 16.256687
16300006071 16.079392
16400005804 16.204094
16500003826 16.361490
16600003318 15.329761
16700003457 16.489300
16800003292 15.990469
16900006956 16.280099
17000011701 16.089633
17100003466 14.927975
17200005424 15.742748
17300003683 16.062094
17400004079 15.298118
17500006505 31.550753
17600003913 13.393839
17700005269 15.931323
17800007348 16.141212
17900003962 15.639034
18000011850 15.123593
18100004814 13.767173
18200003368 15.832480
18300003335 16.822874
18400017174 15.592860
18500055073 15.676879
18600007585 13.198237
18700006080 17.196358
18800008302 16.191911
18900003885 16.481746
19000009923 18.593788
19100005447 20.591130
19200005745 26.944817
19300003176 34.404548
19400003516 46.545817
19500003643 49.892846
19600002928 56.982993
19700004258 59.415825
19800003693 59.192590
19900002903 60.771863
20000008720 83.824561
20100005270 23.909835
20200002438 50.910395
20300010066 2.536850
20400033449 2.645976
20500009904 51.135313
20600014390 32.046629
20700007030 53.639688
20800019113 28.472409
20900019122 1.960372
21000007613 11.755847
21100020923 47.878768
21200020420 2.111782
21300021129 2.213797
21400018722 2.302957
21500010418 1.293942
21600020923 144.289425
21700019528 2.677110
21800020029 2.131780
21900008239 2.710684
22000018641 2.603400
22100020246 2.866529
22200019965 2.899595
22300016398 2.379598
22400020372 53.414721
22500019455 2.900690
22600016180 2.557579
22700019345 2.843959
22800019453 2.593427
22900020049 2.791281
23000018963 2.632594
23100018036 2.577962
23200008869 2.688242
23300019779 2.573558
23400013264 2.356453
23500018984 15.041591
23600020293 2.739703
23700008701 45.871934
23800019404 2.512639
23900019063 2.981093
24000019500 3.099767
24100019641 2.060795
24200020099 163.889163
24300020576 3.082154
24400018154 2.463044
24500021185 2.608808
24600017243 2.717009
24700020416 2.935640
24800019511 2.880097
24900021159 2.928920
25000013077 43.340301
25100018030 8.879946
25200020547 3.941255
25300019787 2.974265
25400009913 3.054028
25500003686 86.348671
25600007618 88.842993
25700006739 95.466005
25800006723 259.227589
25900005605 37.396794
26000011617 38.438472
26100009850 36.236784
26200004929 46.391221
26300013087 54.518900
26400002652 207.382138
26500034628 151.959236
26600036281 141.521827
26700019794 137.914088
26800032212 160.082410
26900025096 144.451917
27000002606 153.721185
27100027387 145.985362
27200020556 131.312159
27300008885 140.452523
27400020354 132.765048
27500017013 155.622977
27600014947 147.043947
27700020555 178.058074
27800029640 155.900512
27900003068 160.163930
28000014758 151.288012
28100018542 155.355196
28200007192 134.145903
28300016777 154.137274
28400024758 125.472451
28500032607 150.785215
28600022914 127.615521
28700014460 167.254096
28800011228 134.887851
28900028305 130.271972
29000027234 141.461497
29100019396 120.368836
29200017918 136.787901
29300006181 158.566764
29400005276 117.394108
29500018049 95.637856
29600024612 122.552930
29700005619 137.041356
29800002482 103.831175
29900016791 157.276232
30000014433 125.048211
30100012306 115.994347
30200011401 161.904046
30300020144 152.855894
30400004107 156.809577
30500028948 129.451711
30600013786 157.081498
30700013227 126.468600
30800010593 163.673541
30900006571 169.150847
31000017329 149.921299
31100002182 144.233752
31200014017 160.889664
31300017826 164.879107
31400008462 127.280031
31500012918 139.256383
31600009280 164.363216
31700025889 144.455525
31800018740 161.825674
31900027767 152.073460
32000005907 146.927668
32100008348 145.887945
32200005073 158.156057
32300024218 134.639625
32400003167 154.769666
32500004543 162.456810
32600017443 174.106808
32700019325 102.381326
32800018390 163.700378
32900004123 143.415801
33000013443 156.871586
33100007860 177.158382
33200005975 125.796847
33300006834 163.763169
33400005241 157.815277
33500018442 143.053909
33600014326 153.968526
33700025884 146.722328
33800010039 166.634483
33900017337 151.757366
34000011292 191.310291
34100005134 111.365618
34200012958 133.136318
34300012885 151.499669
34400015503 123.379657
34500028005 148.482888
34600012691 167.051370
34700006406 148.690487
34800018563 163.524420
34900008373 142.547805
35000020570 156.210318
35100020772 162.919949
35200012056 135.609229
35300007455 161.326058
35400006302 155.504891
35500011965 152.389306
35600007136 156.496316
35700008018 152.496144
35800024948 174.508618
35900008407 125.589054
36000008131 167.114452
36100015648 152.564091
36200006562 122.514084
36300016279 175.403709
36400009478 168.223075
36500007994 173.795423
36600007026 118.629766
36700017167 160.200005
36800013584 181.147796
36900009818 145.968031
37000011967 163.237824
37100009239 153.170213
37200007036 144.366218
37300014262 166.054932
37400008930 164.016704
37500007235 162.438239
37600007214 141.665272
37700015325 157.237070
37800013394 161.453835
37900008943 174.709229
38000012411 143.749784
38100013596 178.456028
38200012807 139.238416
38300014804 162.872849
38400013874 158.641064
38500010901 151.575145
38600011791 160.770119
38700013803 157.557048
38800015716 156.026386
38900026304 163.616680
39000016892 154.916880
39100014728 160.634104
39200013198 167.846704
39300009258 151.088890
39400011190 157.722120
39500006313 166.193125
39600005455 160.228681
39700006936 156.246243
39800014143 158.436049
39900003369 165.656824
40000013212 174.049830
40100002952 137.184390
40200018377 145.802793
40300011613 160.943546
40400015593 166.519444
40500007232 142.466488
40600017373 156.257685
40700014698 161.575930
40800006280 162.348048
40900008597 157.573004
41000018140 149.181256
41100020489 167.643948
41200012108 157.301909
41300011111 161.655914
41400010718 169.090694
41500010029 155.494986
41600005608 165.764190
41700014664 167.548131
41800008678 152.634828
41900009202 157.495473
42000013914 155.746806
42100013647 166.786650
42200010024 164.422480
42300025316 158.423685
42400011216 157.593381
42500005008 138.512513
42600015552 133.821071
42700021545 150.799234
42800005061 168.976225
42900010243 156.988243
43000006951 164.757389
43100022815 148.429960
43200016529 152.684424
43300018435 147.394874
43400008486 163.274371
43500012143 163.822144
43600014575 170.922378
43700009777 144.476689
43800001738 148.599755
43900018806 158.416676
44000010993 147.964423
44100006056 160.887662
44200015341 138.066866
44300018889 154.120355
44400012283 161.215884
44500011725 164.226222
44600009943 168.536916
44700006404 151.117933
44800016411 164.269846
44900008179 146.965784
45000008336 155.472065
45100019887 150.028753
45200024325 161.618128
45300010084 155.920104
45400143072 188.789746
45500010937 135.238398
45600013490 150.433431
45700025608 159.457032
45800018001 152.861579
45900010192 183.095679
46000009806 152.153969
46100008517 169.115690
46200014453 157.111964
46300029671 155.239178
46400020304 165.486802
46500009791 156.702094
46600006524 169.849693
46700021360 145.032968
46800005697 154.294489
46900015974 177.705993
47000013575 154.734041
47100013997 170.098020
47200011044 157.276404
47300024773 154.569633
47400004265 155.214320
47500015300 175.581486
47600013821 155.718118
47700009178 168.057804
47800012769 155.251688
47900005258 151.808561
48000019539 167.392945
48100007441 154.224024
48200009251 164.455644
48300005483 167.593254
48400014081 157.506045
48500005768 153.900748
48600017982 163.536411
48700010514 158.942830
48800014074 172.370745
48900014421 156.672916
49000018985 150.764193
49100007048 163.213912
49200010476 160.717593
49300005388 171.383331
49400012012 161.281517
49500017186 150.264502
49600007417 160.655634
49700017571 154.881034
49800014083 166.685059
49900004243 166.653459
50000011514 159.142461
50100016096 150.944102
50200021395 175.419865
50300013196 153.983213
50400014350 168.858757
50500013005 154.763446
50600026310 153.225943
50700012661 174.543040
50800011457 150.921831
50900014946 164.859980
51000023957 161.289972
51100026387 144.407632
51200006904 169.617818
51300015692 156.777167
51400014406 176.953213
51500018462 147.651887
51600022323 161.764249
51700005053 164.939098
51800012642 152.197609
51900018183 152.700327
52000016890 178.169783
52100014106 149.704444
52200011012 171.581907
52300010717 153.616402
52400011722 145.689379
52500012661 166.352957
52600219101 152.339750
52700008990 155.141006
52800010904 166.462664
52900013660 169.185624
53000027822 157.798126
53100009705 130.161156
53200015520 144.280426
53300011333 168.720677
53400024213 153.953527
53500006692 161.871985
53600011879 161.301385
53700014342 170.009186
53800012332 154.003602
53900019567 165.088831
54000011441 155.683648
54100013166 159.155981
54200006592 153.846604
54300014980 182.338618
54400010480 143.489591
54500090662 169.001416
54600018166 154.143397
54700009513 176.431928
54800024051 115.776128
54900011397 181.534573
55000010516 153.418376
55100013148 165.541287
55200024069 144.333914
55300017387 160.793448
55400013361 168.806968
55500012881 163.603796
55600015063 155.284216
55700009927 174.775107
55800012515 151.190490
55900009744 166.446347
56000015423 152.243579
56100012802 157.435074
56200013828 169.097097
56300009857 155.793460
56400005498 156.110310
56500013145 161.668249
56600004283 164.512104
56700017635 162.823950
56800006128 165.593557
56900005071 158.657062
57000014958 152.482937
57100029861 149.051822
57200011910 165.926342
57300013226 170.586855
57400010739 161.694625
57500010644 161.429901
57600011283 174.414355
57700014600 132.676417
57800010282 158.432558
57900012564 162.713786
58000018846 155.504062
58100015586 171.591297
58200013607 154.724923
58300013107 164.818851
58400004970 154.715243
58500014466 158.276531
58600013453 168.057160
58700008720 166.234293
58800027614 151.746928
58900009711 158.398893
59000016290 168.858892
59100013267 162.291827
59200018961 150.292412
59300014926 166.807646
59400014042 168.389494
59500023507 159.946529
59600006696 164.792956
59700011624 154.250696
59800012625 167.880470
59900024468 155.654715
60000013572 165.728773
60100014128 158.431624
60200008437 162.282297
60300025245 153.534189
60400023069 160.791283
60500005863 169.158691
60600025443 156.155852
60700010764 161.543024
60800012027 159.432101
60900024391 154.482707
61000009580 160.146470
61100005674 167.359975
61200009343 161.915213
61300012100 171.015956
61400013269 145.257843
61500009746 160.980412
61600010230 163.935689
61700012918 159.656275
61800013352 159.949774
61900016661 152.828682
62000012245 160.885665
62100012342 164.726715
62200024426 159.069746
62300012542 157.605283
62400005322 166.104989
62500009708 152.703119
62600011580 157.037696
62700013206 165.297929
62800010717 163.664299
62900016190 157.080888
63000007063 162.080085
63100013987 157.945247
63200007779 164.929454
63300012785 153.045609
63400021116 158.757886
63500013471 153.982410
63600013800 161.527758
63700024927 164.290180
63800011934 156.331821
63900014262 156.465891
64000015348 163.893056
64100027205 158.369987
64200011317 157.385232
64300013506 171.264147
64400020620 153.660766
64500013286 161.000203
64600007201 163.395127
64700012979 164.029433
64800011759 170.602214
64900012843 145.137004
65000012397 163.995528
65100015974 168.670570
65200011270 149.048137
65300015942 154.660568
65400012582 147.274244
65500012712 163.212152
65600029118 147.436081
65700011495 155.639578
65800007513 165.623076
65900027416 166.125685
66000022949 152.188632
66100008053 169.215216
66200013072 161.140859
66300010270 164.191073
66400008577 162.193781
66500014394 149.046455
66600012444 154.440788
66700012029 185.868225
66800008183 146.951968
66900011745 151.975403
67000009944 160.601133
67100028172 163.314983
67200020850 153.949482
67300004243 163.469834
67400013356 172.371778
67500004561 142.902931
67600013157 173.737015
67700012362 167.308155
67800029737 160.736848
67900021279 159.697394
68000012347 159.890649
68100012715 170.097464
68200018215 167.229113
68300009784 151.373549
68400013496 160.839376
68500032734 149.618209
68600013377 166.864818
68700013448 166.145127
68800018693 170.926147
68900008343 169.977762
69000028455 123.146078
69100010426 171.671527
69200012100 167.082470
69300025096 154.500858
69400012358 169.042615
69500006146 160.836784
69600027032 157.090263
69700155785 159.956775
69800012429 158.881888
69900023155 167.997284
70000014678 157.914288
70100011631 156.530558
70200013670 173.739911
70300019950 149.069441
70400010807 165.678002
70500015426 164.599872
70600028082 169.296777
70700008350 147.864558
70800010673 166.056505
70900013108 166.567438
71000027917 161.717289
71100015446 155.321165
71200014240 161.776696
71300025884 171.036837
71400005743 145.753998
71500071771 168.253390
71600014765 167.790231
71700025201 158.779353
71800020718 156.681607
71900002827 166.509787
72000022706 161.939570
72100012512 156.420298
72200012055 161.406366
72300018985 165.024535
72400011054 155.910373
72500014528 164.734342
72600012334 169.251325
72700013201 150.715051
72800009988 158.962106
72900013743 153.568146
73000008295 155.096980
73100010094 176.970121
73200008902 141.131839
73300012621 171.254367
73400011537 171.463615
73500029901 139.345036
73600013890 179.213000
73700013924 166.129971
73800008377 164.945616
73900013541 152.350198
74000005263 167.046106
74100009553 158.928109
74200012776 160.576227
74300013958 159.264769
74400014743 159.842466
74500015289 169.194112
74600023215 153.968777
74700027189 147.905719
74800010447 161.766013
74900024230 171.272258
75000006993 151.823676
75100005617 156.266203
75200019034 155.491957
75300010383 148.070666
75400012310 155.400470
75500021257 175.328670
75600005149 144.691644
75700010322 166.622766
75800012867 175.532102
75900005156 136.650725
76000013606 180.244595
76100014554 170.137131
76200005794 144.197786
76300010416 174.205313
76400018012 168.707155
76500016361 149.056697
76600003555 159.744860
76700027223 171.931945
76800013636 148.282829
76900009564 163.160416
77000016320 172.730963
77100012844 147.123096
77200013311 157.593440
77300023469 164.389880
77400011341 158.339293
77500013577 156.373267
77600014648 177.461693
77700009950 146.053449
77800005370 163.777163
77900026587 172.342182
78000019935 145.223589
78100014075 161.969284
78200026780 179.539137
78300011218 146.020606
78400013923 157.202829
78500015030 170.056921
78600020287 154.789698
78700008014 161.617644
78800025954 148.848816
78900012376 169.076211
79000012949 167.288039
79100022122 137.212142
79200011132 176.683569
79300013358 173.119225
79400005272 141.792849
79500011502 174.803768
79600013103 167.755881
79700025533 137.233396
79800014356 176.266361
79900009492 179.488684
80000009799 152.207818
80100009692 160.402712
80200013931 165.434286
80300015868 151.449317
80400006878 157.150733
80500026498 182.885846
80600010479 138.429312
80700013030 160.327360
80800022442 181.313614
80900017191 151.446687
81000009343 154.366476
81100008221 188.555236
81200020492 141.065399
81300025115 168.623852
81400008899 141.065081
81500012946 155.603568
81600012294 182.635118
81700005705 133.692316
81800011088 175.965702
81900012949 180.723950
82000009596 141.220502
82100010851 164.764968
82200012749 178.451343
82300013735 138.829420
82400013460 173.621914
82500015049 173.303172
82600020870 143.616570
82700010976 166.557448
82800012169 173.167523
82900019534 148.502514
83000014910 168.718186
83100013600 168.950283
83200012638 146.855269
83300022694 166.338340
83400011125 177.742453
83500020577 139.367336
83600012985 166.894689
83700012196 177.913039
83800005632 149.232268
83900012333 165.775844
84000012959 181.194996
84100008005 129.381015
84200013396 174.057646
84300019513 174.249558
84400023781 156.289821
84500008816 157.900450
84600031556 149.569092
84700019429 166.795501
84800015391 165.132979
84900020166 142.478930
85000014691 166.845105
85100012460 178.686504
85200019896 145.918684
85300015100 164.188664
85400013354 169.172072
85500026043 154.111856
85600010616 162.009689
85700013108 168.800118
85800015581 144.386119
85900018750 165.188925
86000015857 163.516786
86100010225 161.995760
86200013060 158.627013
86300016654 147.815082
86400011491 163.604321
86500013611 169.947530
86600020157 157.520633
86700008856 166.070384
86800012573 161.831656
86900026372 181.575387
87000008280 148.446386
87100014430 158.903604
87200026893 180.664686
87300010882 148.893028
87400010829 166.333901
87500009006 146.626933
87600018317 161.653526
87700011260 185.241914
87800018180 139.346770
87900012824 166.494880
88000011581 186.805057
88100027008 137.287740
88200010616 165.688589
88300023506 190.330631
88400009651 140.801468
88500013067 156.834582
88600021154 158.287015
88700010299 162.989662
88800014629 162.014564
88900011338 163.521417
89000019296 162.469524
89100015305 157.142335
89200024409 156.403598
89300007201 158.581174
89400012681 163.858131
89500014006 164.837551
89600015770 160.088316
89700005749 158.386024
89800023212 156.836891
89900014998 165.986830
90000016811 164.246651
90100026302 156.590321
90200011478 160.970124
90300013444 160.249047
90400027478 163.270747
90500007229 151.293609
90600012712 170.040800
90700011283 170.446166
90800007317 146.091068
90900011212 175.164761
91000013045 187.181045
91100005604 139.061326
91200011990 165.800336
91300015043 173.351032
91400027325 140.795823
91500013372 175.455296
91600010378 182.610535
91700013983 144.872646
91800004942 158.622290
91900020554 141.320397
92000013488 175.258904
92100015107 178.224112
92200024825 133.124641
92300012360 165.920433
92400011840 186.118283
92500019849 139.565161
92600020763 158.900409
92700008545 176.723242
92800004417 139.011723
92900012262 174.352978
93000012044 165.661795
93100015777 142.890576
93200013302 169.875732
93300022896 173.819295
93400013284 158.264088
93500013141 152.488423
93600007385 134.752285
93700012573 172.625768
93800007503 167.861949
93900013432 168.894423
94000010661 142.725049
94100004051 146.841083
94200012213 170.924070
94300013241 165.495707
94400005361 161.429216
94500011951 159.839093
94600027632 157.759041
94700016393 163.960689
94800014677 160.906607
94900024711 161.723358
95000008775 152.759219
95100085277 168.357136
95200009485 163.928160
95300006433 144.120582
95400014585 174.057827
95500021625 159.498743
95600007262 160.207640
95700011230 165.059879
95800015223 163.915993
95900012781 159.635704
96000013805 162.808412
96100027526 163.683621
96200005000 147.281340
96300013264 169.996683
96400012405 164.049071
96500006184 142.683919
96600014647 176.406830
96700011782 164.581175
96800016054 166.071868
96900014015 162.817899
97000021036 151.115661
97100015241 154.637346
97200012542 177.855319
97300015089 144.106793
97400019753 163.308196
97500012883 186.682810
97600025771 133.261938
97700021702 159.383250
97800009987 189.113114
97900025442 136.189273
98000012441 162.633684
98100016135 175.665453
98200021667 151.183550
98300012590 161.169342
98400012173 183.763762
98500028023 127.264234
98600012425 163.926590
98700012599 177.898013
98800015153 151.720095
98900013434 159.026258
99000027626 159.099144
99100010566 153.099046
99200013924 174.427023
99300012165 158.877748
99400006211 147.740807
99500011495 176.492342
99600013128 160.392448
99700008685 155.239924
99800014806 169.645190
99900011046 165.201065
100000007259 141.315185
100100010106 180.359199
100200011988 164.905373
100300013868 152.189904
100400009451 167.777524
100500023770 154.970903
100600013834 152.487995
100700015801 185.774796
100800023142 140.647315
100900018747 160.260971
101000009866 183.348630
101100023541 149.287173
101200005864 151.506153
101300012782 179.921651
101400174110 138.402825
101500012142 176.510819
101600013317 153.811634
101700026160 149.134310
101800008857 171.425416
101900013592 164.175051
102000021398 158.702076
102100012005 163.433587
102200006301 171.737231
102300013345 157.260407
102400011241 160.046623
102500005988 181.697512
102600026577 150.294479
102700009922 148.269951
102800013052 181.821593
102900014939 156.961594
103000006363 139.830264
103100012912 187.438106
103200013451 167.307770
103300015227 146.336197
103400010450 181.672449
103500011651 160.322134
103600020362 158.031035
103700013811 172.741943
103800023795 157.288920
103900013852 148.839573
104000011065 187.359849
104100025368 137.008110
104200020676 158.980707
104300006821 169.044735
104400024905 163.361281
104500006875 152.894370
104600013316 187.978224
104700015415 152.141246
104800008267 161.759749
104900024802 154.702477
105000010511 147.714436
105100027857 194.146208
105200006594 141.704845
105300011912 163.235221
105400008339 145.329630
105500014130 160.016868
105600019975 156.379592
105700008585 145.537590
105800010202 187.815788
105900012028 149.600056
106000011901 146.297894
106100011273 191.768038
106200027778 150.861621
106300010383 157.524805
106400012908 185.390932
106500010963 142.699659
106600016095 174.298188
106700005508 130.209295
106800011804 171.207818
106900026598 149.998350
107000013761 154.912720
107100016460 162.550282
107200026556 166.167818
107300011142 151.479115
107400011035 180.952915
107500013761 157.264729
107600008725 144.924985
107700012496 197.407043
107800026379 148.545797
107900011062 156.237989
108000008783 170.158944
108100029278 152.406625
108200013565 156.504162
108300012512 160.734476
108400022817 163.630613
108500020222 163.917124
108600007153 155.522387
108700023763 170.152316
108800006470 159.334372
108900007210 160.108363
109000025889 171.373726
109100005323 152.112190
109200013361 162.476003
109300021969 149.017404
109400020101 175.125990
109500007528 159.464154
109600151215 150.937444
109700012881 177.241135
109800014070 163.672707
109900024797 145.301751
110000013958 182.891419
110100011116 163.052511
110200028795 139.822115
110300010272 187.393076
110400023623 159.115867
110500021652 154.854786
110600007818 154.235001
110700025248 167.497996
110800006408 161.575042
110900011650 154.865463
111000012040 176.388345
111100008004 147.155807
111200012819 174.834344
111300022937 169.758642
111400011864 155.013341
111500013563 155.669375
111600022857 171.156759
111700007300 151.394250
111800012493 161.923306
111900024926 176.364323
112000007960 152.232008
112100012798 158.671842
112200025056 158.270205
112300014945 173.024937
112400024105 162.228199
112500015941 149.851456
112600010882 153.959900
112700025953 166.190486
112800004794 162.130762
112900012159 156.556591
113000025610 175.453747
113100007720 153.501143
113200013550 160.283916
113300020803 152.203627
113400022141 160.772920
113500007794 143.823965
113600006110 122.382011
113700008423 188.364192
113800068931 152.544165
113900007638 156.135758
114000012133 160.738590
114100025203 170.388843
114200006674 153.305555
114300012642 158.095058
114400009284 170.014694
114500010799 156.956766
114600002677 159.601478
114700022574 152.292673
114800014388 171.490143
114900015777 164.311553
115000030015 139.759773
115100010373 200.107709
115200030289 133.588011
115300011900 167.236244
115400010320 162.838787
115500003755 134.988054
115600010721 189.523271
115700013404 150.234542
115800006860 158.107265
115900012948 163.990683
116000014054 174.385683
116100014071 158.949834
116200006535 154.923145
116300025004 170.810064
116400012877 159.559064
116500011190 165.205676
116600033075 139.216568
116700011733 175.561334
116800010150 162.903180
116900027057 145.595209
117000014473 185.877133
117100025682 142.899608
117200013564 165.436171
117300015315 164.744063
117400008819 141.273726
117500013463 184.048552
117600028157 137.365615
117700013514 180.430721
117800013683 167.733641
117900005753 145.947676
118000009820 158.603782
118100026646 166.070944
118200009039 167.437934
118300012016 149.745954
118400026971 162.711613
118500013452 169.359832
118600012726 156.035249
118700004332 148.604142
118800013088 159.256150
118900013031 171.283881
119000012782 160.299584
119100006707 159.289711
119200016957 154.574603
119300018602 175.441817
119400010417 150.430448
119500028981 147.020870
119600009343 178.918107
119700012837 159.635185
119800012340 177.333563
119900028016 154.255428
120000014015 161.307061
120100025546 164.154232
120200017376 148.039051
120300014070 158.805864
120400024069 153.391196
120500021346 178.166250
120600012061 149.201402
120700008202 145.931089
120800012659 180.684964
120900012681 157.829756
121000019879 143.708876
121100013783 191.070400
121200011669 155.964918
121300014340 161.276418
121400022405 146.834899
121500019670 156.071792
121600009916 156.306618
121700024902 144.838697
121800010123 188.487263
121900009906 161.261661
122000011579 142.431251
122100009203 158.676844
122200019503 162.929933
122300008982 175.978880
122400025953 142.484197
122500021069 169.621075
122600013967 119.807410
122700006285 159.603336
122800021759 152.860678
122900021432 175.176312
123000012026 153.494705
123100016456 146.489748
123200011526 168.442996
123300006342 170.191108
123400018173 149.727766
123500014246 166.872051
123600009435 174.328448
123700007040 143.164836
123800009812 169.389751
123900014109 164.615429
124000010581 167.859431
124100013903 155.287217
124200016291 171.137296
124300008368 180.649853
124400015735 135.300099
124500015373 162.187359
124600018127 144.075232
124700013290 167.176651
124800005249 148.692060
124900014486 161.202985
125000026822 150.812976
125100010268 157.720989
125200012575 154.244343
125300012906 154.193273
125400012560 160.674962
125500032050 140.005161
125600012739 157.317466
125700011335 170.753316
125800019500 171.277032
125900014768 155.930634
126000017532 160.345478
126100022012 167.789658
126200014523 159.984179
126300012452 159.057738
126400010106 159.840225
126500018115 155.784395
126600023583 140.175367
126700013681 177.671927
126800013022 154.291385
126900021442 159.091228
127000011040 175.517960
127100011697 156.791117
127200018905 158.469740
127300021922 168.832799
127400013154 167.176181
127500013184 168.777955
127600004980 130.890948
127700012425 169.513223
127800041219 153.571192
127900014470 179.031225
128000026565 152.108451
128100011853 153.847736
128200011800 150.868809
128300014084 151.894207
128400010637 183.011600
128500013326 164.948932
128600001952 163.874457
128700025119 158.492166
128800019271 165.887461
128900010556 150.335045
129000019871 149.123809
129100018972 158.473155
129200012790 173.956054
129300028779 150.742846
129400012305 168.151196
129500005521 142.706645
129600013373 183.803757
129700013903 154.688540
129800008182 158.331660
129900010335 158.432964
130000014522 170.171239
130100003551 166.233877
130200012658 151.069664
130300012653 169.307978
130400011776 173.152583
130500013444 135.225640
130600016894 160.490900
130700015501 151.677186
130800021454 151.742263
130900015921 160.986640
131000012933 176.633166
131100025590 150.983425
131200014470 163.963401
131300011836 167.143423
131400030595 149.888145
131500011880 171.534059
131600026330 166.867891
131700011712 171.435713
131800009199 147.807148
131900022668 148.280380
132000012152 172.906751
132100023950 161.879721
132200012501 168.877927
132300010068 157.910238
132400022090 135.729430
132500013833 162.348664
132600012295 174.771740
132700011591 180.261674
132800022662 142.651136
132900011846 133.110024
133000012564 161.481523
133100030810 151.244670
133200012699 172.494583
133300010520 171.865660
133400013659 175.436794
133500011816 145.001446
133600018677 153.272838
133700095720 153.442236
133800015710 170.664875
133900017745 157.056351
134000009771 152.457186
134100012889 168.253187
134200010465 160.817712
134300024188 137.479999
134400022957 158.519503
134500013164 173.457325
134600007690 147.655115
134700011286 156.455010
134800011712 160.857628
134900008633 148.759867
135000012551 170.728336
135100028566 170.419902
135200020968 150.168513
135300011122 182.009072
135400018194 158.841548
135500016722 157.998692
135600021529 137.360409
135700011718 162.689212
135800013172 168.173560
135900027381 161.558646
136000013137 153.246550
136100014175 172.936383
136200022213 177.686076
136300013514 149.852101
136400007101 149.357151
136500011403 160.788140
136600024877 159.117498
136700013543 154.442035
136800012550 167.479413
136900004536 154.004673
137000012328 173.952940
137100026845 150.881235
137200013757 159.792194
137300014641 172.220313
137400027421 146.707390
137500014879 154.626944
137600008775 155.391159
137700009898 186.555187
137800023499 155.988321
137900009900 133.971114
138000017092 156.262230
138100017826 179.788785
138200013384 155.833915
138300024862 159.679787
138400014831 147.049423
138500008240 162.055343
138600007886 161.257914
138700011033 164.785539
138800014511 169.928791
138900021562 140.259734
139000013095 171.820648
139100014748 148.689190
139200014397 173.474396
139300011499 163.992868
139400003295 135.659990
139500010908 183.818942
139600026937 173.022976
139700012673 149.526499
139800010390 160.557092
139900023742 156.878100
140000014574 163.963924
140100011572 164.957127
140200019879 149.558816
140300013237 168.092213
140400013217 168.170770
140500021347 144.271527
140600015190 179.626532
140700012795 170.402622
140800008530 142.304112
140900014048 179.477215
141000011859 173.109261
141100012601 137.220219
141200109184 169.310382
141300021840 165.994514
141400013144 163.248322
141500011906 169.522360
141600022636 141.725398
141700013731 172.026173
141800012120 169.206907
141900026311 141.334964
142000013969 182.422006
142100011041 172.292437
142200004699 139.882094
142300014076 167.689973
142400014558 177.474616
142500006046 144.877882
142600007678 166.730214
142700026504 178.531001
142800012088 148.374479
142900013951 163.039935
143000025819 175.143396
143100015280 153.103808
143200006140 161.367028
143300007908 158.778034
143400012747 165.013109
143500027418 166.761423
143600011326 144.981425
143700007051 162.424687
143800022661 165.963238
143900010966 152.407586
144000011627 167.921245
144100008317 141.197815
144200013922 179.384079
144300015063 160.769903
144400011729 158.616394
144500013541 169.824121
144600021212 140.148039
144700013705 167.567425
144800012807 168.200281
144900024981 145.376246
145000010536 175.235385
145100012608 171.347417
145200014967 139.492805
145300012882 186.245932
145400012028 171.026477
145500004750 144.295990
145600014589 165.505941
145700025949 179.131068
145800006746 142.323257
145900011413 162.214314
146000020821 165.713130
146100013453 159.232588
146200013452 169.773725
146300025680 133.860985
146400011075 181.568455
146500006835 179.424299
146600012021 148.877720
146700007734 161.907843
146800023081 186.161802
146900014366 140.081851
147000024875 158.359752
147100010644 153.180171
147200011683 156.811559
147300024185 165.243926
147400012068 158.810006
147500013420 166.521435
147600025514 148.646469
147700014067 173.695449
147800011941 175.208425
147900011741 144.844587
148000013654 169.997263
148100108769 156.874828
148200011455 155.407059
148300012058 165.728887
148400006929 139.369651
148500013455 183.462218
148600012788 175.203261
148700004949 146.033064
148800011866 152.884377
148900022797 189.497435
149000004315 138.749089
149100016419 160.535019
149200006287 177.348049
149300013718 155.560354
149400016579 163.838393
149500020543 151.500744
149600007137 160.264138
149700015041 168.602035
149800010395 157.313903
149900020166 153.484171
150000011600 161.667166
150100012008 159.460247
150200013528 152.506431
150300004640 171.398130
150400020653 153.120528
150500012887 172.039818
150600011720 157.450352
150700013346 141.205805
150800012756 169.129178
150900024159 186.451188
151000011008 141.900363
151100013885 161.885763
151200018572 165.503977
151300020207 157.426296
151400015469 170.478059
151500006391 142.490372
151600010963 175.394794
151700012567 180.329274
151800004421 132.919510
151900015022 164.684763
152000021440 172.075975
152100020870 151.011480
152200012582 148.812264
152300019445 141.831465
152400011744 170.365442
152500023437 168.557885
152600022174 149.033045
152700013866 163.782579
152800005731 159.106625
152900012646 155.100107
153000022894 169.006579
153100006209 153.858003
153200008616 147.520253
153300018663 148.678212
153400013882 168.795527
153500008506 163.110842
153600012394 159.038600
153700012899 162.376165
153800015731 146.216126
153900025410 138.704140
154000012871 172.677894
154100010212 164.759697
154200027344 130.747576
154300012353 167.911818
154400031302 168.629827
154500014029 159.242152
154600014188 169.673405
154700021473 132.890194
154800012340 178.882162
154900013057 190.581285
155000008872 131.635859
155100013384 172.974588
155200023862 177.601485
155300019856 149.285580
155400005952 162.460728
155500005765 135.718988
155600011336 184.930036
155700012580 178.126756
155800012013 147.947189
155900011105 160.527374
156000008213 158.303013
156100013519 163.435935
156200020295 149.736193
156300013080 164.173759
156400011796 164.938783
156500020806 151.169287
156600012491 160.373387
156700027263 163.117380
156800014343 161.901942
156900007013 168.953697
157000016299 140.537084
157100011666 174.303953
157200001095 185.278852
157300004643 144.728284
157400014107 153.358807
157500011809 155.365556
157600023573 168.473842
157700012977 171.116805
157800021551 147.489839
157900012897 167.144970
158000012578 180.017947
158100032684 139.868188
158200013085 172.715650
158300012734 190.440651
158400017692 126.779987
158500011988 180.911046
158600014074 189.112978
158700008911 139.769579
158800008086 162.798651
158900020094 151.470720
159000022189 166.473067
159100011609 174.284617
159200015942 139.363876
159300013812 175.353695
159400012356 192.753966
159500006154 122.737860
159600012764 181.403093
159700010266 177.954704
159800005739 145.299013
159900013566 172.195699
160000013644 155.422215
160100019240 166.611773
160200010847 174.190101
160300022465 131.109824
160400011766 174.443147
160500013884 186.282322
160600006214 127.704928
160700014173 181.309257
160800027853 168.213630
160900021040 161.357550
161000010530 165.748324
161100030541 135.674469
161200013852 179.311082
161300014115 187.831477
161400011857 136.614258
161500009614 167.826512
161600022310 142.180045
161700013145 176.962972
161800013629 189.584603
161900010057 130.609796
162000010022 169.021973
162100024632 146.232034
162200012528 172.075970
162300010755 180.942990
162400010436 139.581092
162500011840 161.768331
162600028575 161.259539
162700009297 161.931897
162800005996 170.628118
162900023182 151.658744
163000013513 162.546428
163100013412 179.919009
163200013014 143.106340
163300014571 167.842785
163400012780 193.528028
163500004834 131.410481
163600013344 165.919747
163700021587 164.101906
163800011926 154.382054
163900012582 179.394292
164000009134 148.762847
164100008270 164.178039
164200019890 143.850392
164300013454 172.364629
164400013565 182.287231
164500019662 142.842259
164600014249 160.160890
164700019754 146.423217
164800023379 170.845193
164900013917 178.917051
165000005189 123.985464
165100012554 179.265192
165200012438 167.258858
165300007930 154.927892
165400017241 177.191039
165500025597 151.500123
165600012465 161.912168
165700015321 184.267782
165800022207 128.556366
165900007357 176.182947
166000014049 163.747110
166100011838 147.253368
166200011516 184.075362
166300013553 164.235070
166400017042 160.068263
166500013520 174.003463
166600022472 146.000988
166700010848 165.167726
166800011208 184.961065
166900017084 129.880694
167000012186 174.958935
167100025573 160.286975
167200012198 163.955780
167300006926 168.178434
167400025320 153.007405
167500013816 158.792393
167600010494 189.615867
167700020359 134.283858
167800011086 166.325740
167900007603 179.832810
168000022779 141.123981
168100013473 174.373595
168200025081 156.421712
168300011253 166.641401
168400012494 169.541484
168500028162 135.622312
168600013275 172.088152
168700016838 178.243528
168800010718 151.835089
168900011048 164.916198
169000008118 136.946757
169100012007 173.672481
169200015216 175.434947
169300003613 148.667885
169400012666 163.843442
169500024795 157.336455
169600010680 159.542327
169700012547 187.712543
169800023022 132.688872
169900010708 169.481250
170000009716 162.816389
170100029007 146.643435
170200013006 186.214340
170300012990 161.543249
170400005393 151.985860
170500013857 176.671433
170600019098 151.213685
170700026720 158.071573
170800011695 194.261477
170900027987 129.374997
171000009998 171.592732
171100013611 163.555264
171200026051 143.783629
171300012212 191.021512
171400013940 162.633517
171500007162 146.698914
171600011712 187.027784
171700024008 157.685704
171800018575 156.124156
171900012816 188.511307
172000025594 129.324170
172100009724 165.847876
172200014314 164.722245
172300005744 147.945888
172400012421 184.033650
172500013551 163.150125
172600006813 150.318368
172700014746 189.131254
172800020390 140.995713
172900020128 165.339299
173000012221 186.538790
173100017487 147.264369
173200013924 165.144772
173300006150 138.033852
173400011592 167.900668
173500018858 157.396736
173600019605 161.742298
173700012398 189.926628
173800005669 131.574425
173900006934 168.527146
174000026479 160.755802
174100010941 146.727777
174200012303 174.098681
174300023735 151.004635
174400009670 162.790883
174500008631 160.573724
174600028084 146.056621
174700011755 186.407249
174800020487 148.682114
174900013282 171.961294
175000014844 190.467395
175100021929 126.535904
175200010959 166.300986
175300026562 164.637072
175400004993 156.939455
175500010034 184.019204
175600022673 143.521353
175700012158 159.699506
175800015057 160.650466
175900016531 151.891359
176000012568 183.033265
176100012102 164.751613
176200012687 151.188859
176300013981 186.040721
176400029060 137.494308
176500015212 159.966315
176600013945 160.669831
176700026328 156.344068
176800012272 174.410462
176900012283 159.436773
177000011874 158.223252
177100008493 174.950467
177200026288 138.192878
177300091908 173.178900
177400012058 164.029329
177500032457 144.675027
177600015757 186.184285
177700013318 153.725013
177800008062 147.548132
177900010217 185.958111
178000024813 156.378403
178100014296 158.376338
178200012865 162.178382
178300033186 154.566968
178400013709 174.330247
178500013112 164.276906
178600006761 138.877413
178700012677 200.561031
178800014275 153.586875
178900021046 147.234405
179000013745 170.337357
179100010254 159.064866
179200008476 165.205622
179300023968 152.643049
179400013172 159.069241
179500027476 149.405525
179600019177 167.058170
179700014741 179.341228
179800030469 141.320216
179900014166 160.856653
180000014273 160.327745
180100006764 148.473954
180200012011 189.506434
180300022876 142.555295
180400021162 160.724463
180500012394 165.681660
180600016602 144.362093
180700014507 189.952992
180800013012 162.154402
180900008532 134.489479
181000014165 180.603608
181100010897 169.010940
181200012286 157.966188
181300011046 160.449750
181400029777 149.699599
181500011240 187.068146
181600018235 156.889963
181700016513 157.763603
181800012602 162.815310
181900023438 155.378975
182000025769 161.251088
182100013224 155.718058
182200012968 143.189658
182300011769 201.085218
182400012756 152.033673
182500004933 154.624753
182600009866 159.639516
182700004611 166.197036
182800006365 170.668232
182900020627 147.532706
183000013014 169.912374
183100013827 149.106265
183200021791 145.698421
183300012814 192.728041
183400007684 156.938211
183500014037 159.466508
183600007944 161.634199
183700019825 162.289268
183800013560 165.108012
183900012831 166.506911
184000005281 138.981966
184100013156 204.457755
184200012783 144.569585
184300013158 152.409919
184400013729 159.563500
184500021825 149.016165
184600011494 189.055773
184700024209 141.842884
184800011498 179.888444
184900014146 161.826176
185000018474 162.241933
185100015534 136.242030
185200029220 160.214719
185300018120 172.822821
185400013239 164.692587
185500030463 153.274406
185600010880 187.530856
185700015200 142.827369
185800014289 166.537577
185900028038 141.833121
186000013758 158.466012
186100014758 163.403828
186200032228 132.708964
186300013423 179.409276
186400025305 173.440894
186500010456 161.636932
186600012950 160.590911
186700012057 144.039467
186800008404 183.427177
186900004803 130.130626
187000012714 169.342978
187100014449 153.076893
187200013398 169.453855
187300011568 163.674523
187400008632 147.081594
187500014204 179.938909
187600010659 152.727371
187700010062 163.168135
187800008147 156.435229
187900031422 144.005975
188000014684 191.214466
188100012692 155.084362
188200026553 140.352580
188300011722 177.820440
188400011989 176.392997
188500006804 162.030465
188600005043 156.985464
188700023248 162.792234
188800013426 171.331389
188900008435 150.412747
189000019174 151.814542
189100011558 184.037454
189200013704 156.731323
189300018769 144.440683
189400015263 172.705332
189500010407 177.506334
189600021347 145.289433
189700011630 173.217775
189800013493 172.449541
189900007901 162.587196
190000015603 156.285475
190100011543 138.413404
190200012589 184.893496
190300017444 139.676695
190400014327 154.498656
190500019710 151.093821
190600024839 171.360972
190700014010 163.339906
190800025016 139.169096
190900012122 175.155556
191000012773 178.447566
191100005880 148.578162
191200013205 159.780722
191300023236 170.333234
191400006788 169.210141
191500011374 152.714586
191600014356 161.861197
191700013534 186.349409
191800008501 144.732376
191900017275 152.054388
192000010923 173.433715
192100028167 159.971425
192200011053 164.528582
192300013008 160.290156
192400016269 156.557439
192500011407 146.040330
192600008327 174.958333
192700019499 147.663023
192800009108 168.915352
192900014258 174.588855
193000013491 149.923121
193100014202 172.461320
193200025111 158.534784
193300018438 179.494215
193400013413 158.479320
193500029655 142.381765
193600012054 172.622554
193700015277 179.361988
193800002997 159.934720
193900006617 151.267261
194000014055 161.048675
194100019831 186.745463
194200011797 146.805627
194300030509 149.064613
194400012875 168.858767
194500014414 175.106856
194600006521 167.396387
194700015026 156.021716
194800020815 157.146125
194900013328 180.871908
195000014613 155.574895
195100028722 137.596291
195200011007 176.772463
195300011052 151.345131
195400011596 187.683612
195500024670 152.819908
195600016010 161.527634
195700010848 157.134442
195800021404 145.636924
195900012701 164.955355
196000025158 178.942698
196100012079 164.974399
196200012586 155.868076
196300027749 147.627113
196400024454 166.373794
196500011406 168.435626
196600010362 167.119958
196700013536 156.389564
196800020478 159.606150
196900020519 173.213027
197000012338 160.423327
197100006647 149.607813
197200012123 163.785908
197300027389 148.500279
197400011233 193.596454
197500014510 152.822982
197600009269 151.296107
197700012446 160.518122
197800023324 144.423981
197900010053 179.986222
198000024407 150.543690
198100014717 172.882196
198200010267 167.833999
198300010100 149.074644
198400013605 150.762102
198500006363 138.841974
198600011300 187.276568
198700012652 167.876007
198800007529 175.152770
198900009073 142.484226
199000026715 149.622385
199100013958 164.304204
199200012370 176.983847
199300008751 148.184788
199400012353 161.364864
199500013187 171.106558
199600007473 182.475915
199700014014 139.571977
199800028201 151.342908
199900013404 168.398703
200000026772 179.742520
200100014682 166.191174
200200014264 156.072824
200300004867 152.963856
200400012514 160.170246
200500005992 157.138275
200600015042 177.585342
200700153931 142.570080
200800011241 160.549873
200900014130 163.682796
201000010330 147.155490
201100012785 167.474923
201200021397 152.498712
201300013175 186.375841
201400011294 138.518521
201500028663 143.872385
201600012800 175.311284
201700011839 170.538757
201800012408 176.015089
201900005737 148.073065
202000028758 143.178516
202100008443 179.122321
202200024663 172.562226
202300015957 168.013418
202400015110 156.767002
202500007543 143.421541
202600012980 159.535716
202700025911 168.029158
202800019666 151.311168
202900014366 165.784903
203000019576 158.010452
203100011987 160.313914
203200012205 171.701984
203300032297 153.258870
203400013089 170.679253
203500022348 148.906662
203600012645 206.314959
203700012666 153.687505
203800013807 157.597375
203900014463 153.037396
204000011269 140.333186
204100015492 165.504645
204200013563 172.196122
204300019679 174.085596
204400120533 144.277552
204500015849 151.137877
204600011195 166.497665
204700010394 175.274179
204800006282 147.625887
204900013060 155.212677
205000028078 149.881984
205100012045 169.316699
205200023471 174.944641
205300015771 167.248499
205400022614 162.486086
205500010990 157.128380
205600006014 161.850148
205700023933 136.774061
205800014554 162.110856
205900011465 168.005996
206000014321 185.387518
206100005569 140.515438
206200004978 142.046452
206300011926 179.660878
206400012243 176.286614
206500013042 167.787223
206600013553 152.243673
206700026487 137.626641
206800009564 167.599851
206900012885 171.347121
207000009906 156.914475
207100013000 161.242521
207200027648 165.490010
207300013205 154.888724
207400013477 169.929281
207500015779 158.955800
207600013958 162.649655
207700013041 171.479196
207800018372 176.794136
207900012176 148.898476
208000021011 151.366424
208100013898 154.215468
208200013115 171.559894
208300006011 170.279454
208400010621 147.635403
208500021437 157.925513
208600025421 158.436525
208700012760 174.318238
208800025283 156.528186
208900012639 162.246415
209000023937 168.401316
209100112886 158.869255
209200011626 164.560313
209300044434 155.650954
209400009577 153.238905
209500029178 166.016664
209600021569 179.853920
209700010961 145.998398
209800017688 152.854411
209900014171 158.716107
210000012368 170.961758
210100007180 154.597261
210200012410 170.196333
210300006794 160.405744
210400013107 163.863212
210500014128 165.977656
210600020180 169.716771
210700013800 147.181325
210800019170 153.907526
210900011948 152.719003
211000012229 169.066864
211100023958 145.205971
211200012892 178.820613
211300012497 170.249209
211400018644 152.826836
211500011579 170.752902
211600024737 150.649147
211700011517 171.968730
211800011673 158.549880
211900013466 148.416141
212000006859 171.317559
212100011081 146.394410
212200013806 166.838362
212300021482 160.091804
212400012865 159.479890
212500014294 176.743172
212600013126 159.743762
212700015430 161.453663
212800014692 165.767710
212900015192 146.848579
213000023859 155.567051
213100021596 181.240826
213200013150 155.248141
213300032981 137.980360
213400010344 168.971914
213500020165 164.702096
213600017901 156.707883
213700013702 170.080530
213800032059 156.613623
213900011208 151.594926
214000011429 168.219883
214100007083 148.933353
214200014419 172.105123
214300025317 166.938711
214400019550 153.795104
214500014792 170.823337
214600009318 161.293225
214700007167 160.069888
214800028071 164.442342
214900015874 155.792857
215000006418 151.715245
215100007505 150.371812
215200012314 176.914585
215300012835 172.797129
215400004950 150.796234
215500016613 166.623948
215600007366 158.085667
215700007529 166.279929
215800025594 163.049713
215900011234 163.184865
216000013210 166.628311
216100019150 161.629328
216200013987 136.709889
216300010231 171.026298
216400007704 136.221141
216500012766 186.934107
216600024185 170.572039
216700023282 154.221454
216800012176 172.840314
216900019714 183.171772
217000011399 141.399575
217100006968 148.511459
217200009940 170.225636
217300028263 150.709028
217400017096 152.509270
217500013175 167.915145
217600021458 159.599808
217700012419 154.939857
217800012747 171.868174
217900029730 136.538958
218000011519 186.402548
218100024929 167.026417
218200020326 116.794240
218300009329 172.282683
218400010376 164.622832
218500012419 157.303583
218600025318 150.919546
218700022823 155.057669
218800013878 164.958443
218900022466 155.556975
219000012609 168.178977
219100027104 171.900212
219200018762 148.729558
219300012002 172.987591
219400008466 177.562973
219500014147 144.367909
219600027545 154.806532
219700022282 145.739772
219800014028 164.962865
219900003650 143.273559
220000008584 180.710888
220100026170 172.940399
220200017598 150.811331
220300011987 168.615138
220400011309 145.133318
220500006482 178.165467
220600020567 171.667648
220700019120 153.755984
220800008653 154.223829
220900018862 143.758856
221000014059 174.912632
221100012565 179.034906
221200005043 150.504330
221300011419 165.411755
221400028664 174.428281
221500012394 147.083656
221600012997 171.510775
221700003227 152.148213
221800014590 165.258571
221900024433 165.896044
222000020379 153.629191
222100015023 155.923869
222200020953 137.653608
222300012996 182.202191
222400012372 182.068713
222500007540 143.504068
222600015470 171.016890
222700017455 175.686229
222800013346 150.266882
222900005744 169.951853
223000004909 147.589812
223100010889 174.341252
223200018865 170.469773
223300013367 154.737009
223400015622 167.332004
223500025264 128.111953
223600014084 177.150953
223700026439 181.641513
223800010827 148.689561
223900014162 164.240401
224000022750 159.828471
224100013726 163.931200
224200029823 165.576042
224300022378 155.529859
224400012796 171.592654
224500021565 144.123687
224600013248 177.682867
224700016827 168.448067
224800014374 138.995662
224900006015 167.953282
225000029427 147.779762
225100013165 175.093838
225200013971 174.825234
225300010440 154.983351
225400013411 162.533649
225500029132 158.994821
225600013415 163.138275
225700014726 173.885106
225800008024 139.891715
225900010352 159.268833
226000020112 164.509225
226100013427 162.371310
226200022563 170.960866
226300023663 153.961506
226400013628 159.470005
226500009420 176.148042
226600012641 142.107404
226700026699 153.919249
226800011450 161.947251
226900014036 184.802848
227000006532 129.387797
227100011987 176.364501
227200016463 161.714915
227300018582 160.051175
227400013759 171.265997
227500013349 155.158378
227600012445 170.557960
227700020921 176.669386
227800009932 149.618703
227900015452 151.407585
228000012474 160.663773
228100031141 131.438821
228200013844 180.427169
228300021597 158.682893
228400025948 168.457816
228500012598 164.273963
228600026774 121.311068
228700012038 171.847526
228800015509 181.518449
228900010625 145.156892
229000012801 166.429277
229100024796 140.408295
229200013182 177.671979
229300015433 193.428381
229400009518 127.188166
229500015344 177.644936
229600025758 142.893320
229700013371 184.303369
229800013775 180.509995
229900005908 140.486115
230000016195 157.930954
230100024351 152.084615
230200008868 167.172964
230300013511 176.096275
230400030019 138.288177
230500013545 175.231205
230600024649 193.996865
230700013714 140.977982
230800013363 170.217902
230900007460 137.093007
231000014232 187.027661
231100026231 183.179086
231200014271 140.751215
231300013013 154.721748
231400009231 138.241085
231500012356 177.717307
231600019826 178.911284
231700013172 147.876515
231800027462 164.713973
231900023338 158.149454
232000019450 160.512427
232100012084 159.545814
232200013145 177.040679
232300005400 131.072885
232400013983 169.799501
232500027074 142.274215
232600012287 166.504338
232700015150 181.368676
232800007511 140.106244
232900016669 173.579753
233000025677 169.519804
233100015598 140.253494
233200013258 176.889084
233300025215 134.077189
233400013046 174.789992
233500014328 175.437110
233600013281 158.743038
233700011126 167.234968
233800008661 140.776490
233900012743 182.965873
234000024316 183.622331
234100019370 147.249683
234200008066 161.340270
234300015822 146.824402
234400012351 153.025327
234500011546 186.172649
234600020698 144.527710
234700010987 167.407350
234800019004 145.948109
234900009459 172.468096
235000013766 180.824212
235100010186 134.674187
235200013770 191.410977
235300022036 150.058754
235400025599 166.770399
235500012824 182.830991
235600032984 134.540931
235700013135 161.525002
235800012857 164.751849
235900020073 158.970866
236000008570 173.869608
236100024204 142.656253
236200014156 170.485343
236300012381 196.051563
236400004408 123.266638
236500012104 185.600432
236600028264 161.238871
236700018616 157.974716
236800014391 183.511559
236900022262 133.986041
237000012170 173.535907
237100011472 177.774353
237200009754 140.558127
237300012765 174.365954
237400007255 148.279994
237500010787 169.437732
237600016620 186.329456
237700013353 144.372056
237800019037 170.331820
237900014004 150.130754
238000023374 149.034306
238100012102 163.405294
238200012018 153.893825
238300005446 149.952150
238400005350 162.002768
238500010417 135.346056
238600012672 183.121536
238700026013 175.390357
238800010332 153.073820
238900015862 167.855034
239000018888 134.172732
239100012953 164.776468
239200012351 167.795201
239300029039 143.948446
239400013345 192.002793
239500014860 155.606479
239600012164 163.315538
239700010096 189.285317
239800026425 125.922412
239900009858 183.001142
240000013294 162.287589
240100010328 159.385152
240200014251 174.789765
240300021675 132.457615
240400013063 176.191000
240500012810 172.703220
240600013225 161.016939
240700013409 172.994965
240800029453 136.434497
240900011965 175.664890
241000025350 182.814827
241100012165 149.453202
241200012354 167.874140
241300022703 139.619330
241400014507 154.685969
241500012811 165.290720
241600027774 144.456677
241700011424 195.815882
241800024115 148.976997
241900019750 165.006812
242000012163 194.807451
242100011437 138.055645
242200011941 166.408411
242300015765 142.582104
242400013600 175.066225
242500026783 186.511169
242600016022 142.205317
242700009357 154.208994
242800020419 139.355893
242900012635 170.411246
243000012583 163.233158
243100006858 159.792985
243200012503 175.857744
243300025795 146.895992
243400013247 165.174470
243500013186 181.822055
243600009933 150.272740
243700013049 166.694809
243800021159 144.891080
243900011545 152.462884
244000014536 175.879698
244100024628 156.675817
244200010621 168.814948
244300021623 142.221629
244400013807 168.674358
244500027550 143.487105
244600014145 182.832570
244700022744 180.990710
244800014858 145.097169
244900010970 167.229611
245000024237 127.634374
245100064868 168.842784
245200014812 165.776931
245300008310 153.823810
245400009159 186.426595
245500031157 130.726053
245600011982 184.788271
245700022525 150.121736
245800011429 173.830049
245900011048 181.308477
246000008899 122.571787
246100015003 179.263504
246200026306 159.938552
246300014403 153.689567
246400009064 165.737863
246500005080 150.658538
246600009019 185.057216
246700025721 144.228500
246800011970 177.752508
246900025139 165.344346
247000013846 139.883029
247100013168 180.910433
247200026593 132.946338
247300011710 177.561322
247400019734 153.292908
247500013924 161.207951
247600012634 177.470311
247700010805 149.662676
247800009104 175.537667
247900023130 148.670886
248000064421 150.980993
248100022819 154.365198
248200013194 174.593942
248300014507 183.129189
248400005236 144.668575
248500013115 162.738053
248600019762 150.735370
248700020902 155.582562
248800011970 150.479768
248900014249 143.040881
249000013702 200.456304
249100011811 154.317688
249200007677 152.117019
249300012452 167.365209
249400023991 159.062055
249500016290 171.102676
249600013453 160.767706
249700031665 144.250827
249800013209 200.895755
249900026216 151.327090
250000012719 158.277452
250100009669 161.448312
250200007973 154.205145
250300011872 174.261473
250400012531 148.397001
250500029068 140.469476
250600011742 208.451682
250700025798 142.255866
250800015627 164.602811
250900015029 164.700035
251000015704 161.426738
251100008550 177.519313
251200021976 139.952890
251300014879 170.086289
251400011344 162.622450
251500006929 147.367972
251600013234 158.525240
251700021035 165.381401
251800020448 165.543806
251900023825 158.281574
252000016027 162.093051
252100014494 187.640005
252200033381 128.670590
252300013909 182.988755
252400021348 146.108441
252500013594 164.063383
252600013370 168.396688
252700006487 132.853660
252800013744 192.634434
252900024344 157.843516
253000022839 157.786140
253100011223 158.376500
253200022778 150.603915
253300012850 188.761131
253400012848 156.579082
253500012172 153.489114
253600013980 167.140660
253700027403 146.697209
253800014646 182.966492
253900014177 161.556039
254000027863 145.070808
254100012753 157.053606
254200026794 155.195471
254300014616 181.192186
254400014266 161.290979
254500009021 148.202268
254600013288 168.264174
254700013108 173.746076
254800012448 172.254459
254900021394 142.788820
255000015131 170.074281
255100011787 198.222503
255200015558 138.002400
255300012931 135.265672
255400032287 145.236135
255500010838 192.055557
255600013515 159.210167
255700010946 157.290014
255800013442 159.574042
255900031341 149.679963
256000013090 191.147469
256100013038 155.955856
256200004903 139.883401
256300007881 163.918077
256400023301 164.230369
256500014528 172.408551
256600013890 158.724135
256700026463 145.394476
256800013108 190.844579
256900013399 161.580857
257000004665 156.724985
257100014645 161.823344
257200011234 160.147781
257300017149 187.981269
257400027017 147.085349
257500019450 163.296952
257600006726 171.348766
257700005209 145.906294
257800010992 159.836685
257900026186 158.960641
258000012081 165.762098
258100013641 161.080366
258200013799 143.203386
258300012036 197.863106
258400022991 148.993924
258500021246 167.343399
258600013136 160.390108
258700031718 145.437488
258800007792 200.064236
258900014407 137.765645
259000008476 161.531919
259100010826 158.244016
259200020343 155.704505
259300012652 190.591251
259400024911 136.062157
259500020373 163.844362
259600014714 162.867673
259700007044 159.570560
259800010969 178.451364
259900031635 142.283912
260000014633 184.562689
260100012282 161.571056
260200012934 136.157447
260300013697 166.842444
260400021441 167.927142
260500020612 176.466260
260600012153 149.075651
260700026811 145.047191
260800010924 173.215168
260900012483 176.383643
261000019253 167.394603
261100013552 154.232275
261200016496 153.660115
261300013059 195.276824
261400012709 150.774210
261500007030 154.972302
261600009552 151.426472
261700029514 152.158136
261800014764 191.578588
261900009297 156.948867
262000026669 155.215211
262100011996 163.936904
262200013770 151.097825
262300014099 198.256068
262400013975 141.069888
262500010345 161.599320
262600012435 161.973224
262700029144 132.296600
262800013291 167.923029
262900023616 178.692689
263000020091 169.025662
263100015942 154.599062
263200021010 152.246057
263300011809 194.705777
263400013183 151.317741
263500007434 158.461639
263600008190 157.640492
263700029567 156.709764
263800013445 191.079257
263900014895 148.837570
264000009016 153.447476
264100007773 150.977194
264200007197 164.604797
264300010042 184.417291
264400019059 139.490666
264500012252 168.919832
264600060982 162.794197
264700005809 150.031715
264800013608 160.972277
264900022420 162.859182
265000009190 183.591393
265100012814 136.678443
265200027263 148.388960
265300014137 170.116065
265400012190 174.448047
265500009079 163.057160
265600006303 160.934913
265700021458 159.392447
265800017058 174.688490
265900012363 161.699002
266000008839 163.892009
266100011315 156.370295
266200005098 139.275969
266300013629 209.184213
266400025055 146.009172
266500024073 165.065466
266600010691 160.341016
266700020145 134.995155
266800012732 181.902577
266900026158 162.585511
267000023287 179.743910
267100015051 150.676386
267200004882 143.347439
267300013655 176.256742
267400023398 173.410345
267500018534 176.922638
267600012986 149.700876
267700031096 135.340535
267800011985 174.114547
267900025091 173.946245
268000011191 171.057490
268100012038 153.500757
268200034191 140.171613
268300012798 178.825463
268400001874 175.961791
268500012341 167.498925
268600014690 158.354795
268700007468 146.519499
268800010541 172.993900
268900029246 168.255965
269000014856 171.290893
269100012161 146.404779
269200005956 141.157557
269300012549 178.446999
269400028761 169.129130
269500019503 178.967209
269600009420 146.939113
269700012535 149.429547
269800012846 167.987487
269900025483 156.351641
270000013664 191.298289
270100025112 148.499235
270200023686 165.142920
270300011050 159.013168
270400026360 137.619426
270500012014 179.990026
270600019162 165.434169
270700010904 171.582420
270800014145 153.708293
270900005372 144.874288
271000014143 175.371348
271100021186 170.035923
271200018252 179.717272
271300012066 131.596511
271400010641 155.175746
271500012280 165.690462
271600009492 172.103465
271700014277 177.994269
271800007756 146.236751
271900034268 146.654710
272000013684 170.982397
272100036368 176.610929
272200018431 169.846950
272300013117 155.513301
272400019276 143.408731
272500013087 181.024330
272600024087 173.563927
272700014871 171.928338
272800012427 141.576433
272900006550 153.356932
273000013617 163.808645
273100025762 158.075739
273200019233 188.456444
273300013233 148.341421
273400007212 149.224168
273500013272 168.088152
273600020557 160.796083
273700011711 166.445574
273800009352 165.979064
273900014693 151.966219
274000012961 158.659775
274100012811 173.018108
274200005379 166.939487
274300012063 156.858234
274400020289 158.429588
274500011586 161.233803
274600013759 172.719622
274700014076 184.716032
274800013343 145.280626
274900024495 147.614471
275000013009 170.601548
275100011218 177.938235
275200017334 168.419453
275300013011 156.863111
275400017173 150.785742
275500013628 149.092176
275600023465 149.517264
275700012821 197.037751
275800011966 151.458467
275900011445 152.258779
276000007978 166.451125
276100018880 161.280181
276200012736 161.839975
276300012124 172.816059
276400008548 162.989746
276500009565 159.339638
276600018304 154.403630
276700012366 157.571687
276800012482 173.587509
276900004430 155.720776
277000013362 167.860491
277100026064 165.834157
277200015759 151.862391
277300013752 171.006624
277400030889 158.857904
277500011565 165.642059
277600026715 169.971960
277700016729 161.517831
277800014988 162.640009
277900004261 162.383591
278000014026 157.272853
278100020470 133.711206
278200013852 189.404359
278300014575 163.489169
278400011852 161.452509
278500015626 159.079242
278600019243 160.411745
278700013120 160.098955
278800013440 172.670101
278900005608 168.359747
279000007475 154.845824
279100031448 156.208285
279200012865 165.979575
279300025821 158.674202
279400027248 183.337651
279500015141 144.167282
279600023948 150.224272
279700008372 168.280037
279800014499 170.502873
279900007188 145.957890
280000011877 176.369492
280100021327 162.088967
280200012632 159.538340
280300014044 174.232398
280400005962 165.779105
280500015550 159.712258
280600028337 163.615291
280700019454 144.677137
280800013462 171.477073
280900021619 165.307545
281000012953 157.167424
281100025257 141.053553
281200014001 174.341598
281300012660 172.525295
281400012829 174.492841
281500014997 152.653795
281600005505 146.375906
281700007622 172.681583
281800021705 173.876620
281900014408 159.866874
282000011322 154.715429
282100012154 175.493658
282200015385 152.095292
282300022226 153.458295
282400014161 162.997606
282500023760 170.982250
282600012847 176.329112
282700011537 154.466254
282800085805 160.666486
282900009420 152.539688
283000010765 157.344318
283100010505 146.885792
283200027658 165.879556
283300013266 163.533132
283400012833 161.655447
283500014619 164.615286
283600013753 152.394869
283700003614 147.660978
283800013827 171.099161
283900026841 166.902689
284000022008 141.157779
284100014331 173.542649
284200018718 144.597775
284300012734 181.806123
284400021608 162.998245
284500012024 161.439951
284600011965 171.581790
284700004578 171.980365
284800014252 150.186039
284900006919 148.372328
285000009595 152.860122
285100020333 145.198991
285200019454 169.981034
285300012887 168.745887
285400003714 166.310960
285500015533 154.849650
285600023331 142.902419
285700013659 170.464585
285800013990 172.306562
285900009425 157.701270
286000010315 145.934074
286100016163 163.306610
286200012798 159.678598
286300009197 169.427645
286400006831 140.051861
286500011568 183.702053
286600023894 175.852438
286700012733 151.344690
286800020945 169.247440
286900014233 165.979267
287000012113 165.432074
287100008318 154.497595
287200013870 169.143562
287300029350 163.923103
287400012654 139.478403
287500016485 167.915288
287600024400 168.284283
287700013602 153.881479
287800012622 176.799829
287900005200 148.257766
288000014246 170.440173
288100025057 164.821125
288200012586 156.507298
288300025480 174.052479
288400020559 153.077672
288500014085 169.001533
288600020191 163.009487
288700010036 143.470420
288800012663 174.735635
288900015109 152.894356
289000024424 162.824333
289100012223 191.299769
289200009813 149.287496
289300007960 154.222468
289400009083 164.768040
289500030820 154.628771
289600011646 157.539739
289700009830 155.241710
289800013875 142.410973
289900014789 177.883937
290000023316 171.933365
290100020136 152.467363
290200014411 172.565026
290300008272 141.856797
290400005111 179.295579
290500029088 173.289356
290600020506 151.718624
290700010653 169.910270
290800006601 151.580426
290900013362 155.762436
291000025908 173.060665
291100017929 151.960078
291200015574 170.087211
291300030118 142.776541
291400013390 184.270072
291500011315 179.809027
291600014892 146.122728
291700013945 171.118096
291800011775 145.676388
291900015075 179.206142
292000025283 171.496107
292100013484 152.746606
292200011311 169.295787
292300025652 121.810937
292400012985 185.436534
292500012786 186.867499
292600009279 145.674419
292700016249 164.818473
292800020194 152.237859
292900014211 170.692904
293000012772 180.662118
293100008524 136.523897
293200012029 183.352317
293300020837 175.684762
293400013344 147.338249
293500013543 173.991226
293600005841 135.702670
293700012110 185.840653
293800028579 182.643667
293900013811 131.697084
294000023959 170.424145
294100012887 154.622419
294200012510 170.974497
294300008970 174.051834
294400014868 154.866828
294500029727 146.748346
294600012991 169.160539
294700012183 165.932860
294800014745 154.395194
294900014344 171.597865
295000026564 145.846715
295100012330 157.835611
295200014668 176.653615
295300012337 145.348581
295400014093 168.841001
295500020364 143.943690
295600013283 178.109541
295700013642 182.201575
295800005700 144.011567
295900006519 170.625063
296000024068 167.666739
296100011275 155.312382
296200012958 178.259473
296300011516 132.963512
296400004375 168.668558
296500006055 156.279688
296600013564 167.955194
296700021302 168.976998
296800014557 156.326523
296900026395 167.569528
297000027358 154.157285
297100014205 172.457076
297200003779 178.244384
297300012894 147.404764
297400024427 155.204407
297500011642 132.420901
297600013767 167.580557
297700006996 136.699119
297800012265 191.354101
297900027260 163.479132
298000010573 154.601315
298100014334 177.741947
298200006601 131.891712
298300014858 190.199449
298400022308 173.266092
298500014170 146.615828
298600002832 170.411727
298700014528 139.627175
298800012084 165.687438
298900018692 173.112930
299000009919 149.188224
299100015226 184.230921
299200007804 138.765009
299300012188 179.650669
299400024347 144.141040
299500010581 179.168786
299600010046 180.964459
299700008415 140.114810
299800010940 176.568525
299900025227 168.160105
300000015443 137.466662
300100012351 180.684500
300200014035 141.177747
300300006057 177.777389
300400021811 159.975410
300500013772 167.404680
300600012696 181.123884
300700012500 150.135540
300800014158 165.831721
300900024462 152.090726
301000011582 168.329305
301100013447 177.280873
301200012168 138.879072
301300009968 162.107355
301400026209 150.849222
301500015430 168.500467
301600013485 183.292673
301700014366 148.189326
301800008787 168.828880
301900004348 151.622144
302000007971 173.689024
302100021650 167.316938
302200024215 153.900887
302300010890 171.820052
302400114039 152.013335
302500009788 149.639469
302600026628 146.679214
302700013158 177.354648
302800005364 178.664470
302900006408 158.151051
303000005966 150.027255
303100014807 168.527176
303200013467 166.497667
303300012044 182.020904
303400015245 148.782554
303500018799 108.245603
303600014403 186.111811
303700013361 163.415052
303800005745 155.980906
303900013489 179.990139
304000021068 135.278622
304100013183 183.067651
304200022179 177.320290
304300011852 149.681798
304400010342 173.801055
304500007230 143.704910
304600013393 157.945292
304700026686 180.253584
304800020727 144.354099
304900011937 180.908080
305000022058 135.445530
305100011824 172.698598
305200003949 136.182481
305300012826 192.518163
305400022376 175.591462
305500016126 150.114995
305600012159 172.217093
305700008383 150.721299
305800013984 148.730057
305900013180 144.325789
306000012814 185.332172
306100011483 179.230548
306200019094 149.907201
306300012236 167.207594
306400011336 155.844184
306500015785 166.482121
306600023831 153.355486
306700011892 166.201933
306800010695 177.403713
306900007641 125.241109
307000015957 176.219128
307100023172 150.072357
307200018553 162.913797
307300023694 192.567422
307400013318 140.653358
307500019158 167.122157
307600013686 154.942591
307700013193 171.674394
307800018105 158.313409
307900013143 165.058724
308000023740 152.471401
308100009961 148.465949
308200013435 171.964039
308300012644 153.016258
308400011815 164.220310
308500030304 144.913337
308600009898 183.381592
308700013624 183.686026
308800010768 144.641873
308900010249 165.303922
309000024687 139.857135
309100012908 160.670390
309200014874 159.764809
309300008304 156.314616
309400014222 183.528126
309500027340 147.535352
309600024292 165.624130
309700013095 184.465642
309800016453 152.048818
309900014838 171.632939
310000028991 139.867112
310100011857 177.756010
310200013041 196.414682
310300013049 133.459756
310400017609 169.970139
310500022538 133.955064
310600013798 165.450729
310700012714 169.922902
310800004214 143.393074
310900013233 194.727361
311000025182 152.584351
311100013553 164.140454
311200011855 189.448062
311300005824 131.336517
311400013430 183.624810
311500019244 147.817546
311600012713 172.729349
311700012089 196.505857
311800121953 139.372784
311900008805 165.066350
312000023394 124.458121
312100011683 189.154480
312200024250 167.743547
312300017097 157.468912
312400023745 161.749417
312500016971 146.990471
312600008051 168.126948
312700026544 132.613278
312800014400 191.229440
312900023330 187.741414
313000017834 142.882389
313100011430 179.860510
313200004274 138.378597
313300005817 170.113022
313400026567 147.079317
313500012664 173.806083
313600022185 178.935496
313700013362 150.075972
313800011727 173.172950
313900011793 148.771655
314000012501 171.907483
314100013977 164.425240
314200027643 141.791258
314300022103 151.208649
314400013409 167.098970
314500031679 157.552620
314600013204 159.074407
314700011955 173.879100
314800014883 146.550103
314900012186 163.805743
315000008211 137.361903
315100012842 179.570603
315200006770 151.897631
315300028754 171.538090
315400017335 173.518798
315500007351 151.969122
315600031126 149.331274
315700013123 167.028805
315800012022 156.444571
315900021109 138.668877
316000013304 185.864395
316100012291 120.567878
316200012838 187.783074
316300026119 158.172801
316400014344 163.234532
316500009508 184.564004
316600007387 130.696915
316700012849 166.260172
316800027103 140.048850
316900012510 184.061175
317000013130 182.908088
317100018601 148.052474
317200011489 175.319736
317300015988 150.754161
317400014036 165.782833
317500023962 141.106071
317600013974 172.509375
317700012875 197.645334
317800005887 108.331648
317900009545 184.664105
318000024307 145.021146
318100022879 165.079209
318200011941 162.194169
318300031502 142.790247
318400016305 216.201861
318500025217 141.635126
318600011973 165.792499
318700013023 163.123455
318800015887 170.466128
318900012692 176.487463
319000031754 137.227830
319100011141 159.207973
319200013448 164.125192
319300005017 161.280759
319400013062 179.048902
319500028490 144.720755
319600013381 164.286796
319700012545 165.418278
319800023062 161.335801
319900013306 200.098429
320000012070 132.074113
320100015382 170.686712
320200031613 138.331649
320300014534 182.750242
320400012467 188.951367
320500007624 126.296475
320600015388 176.705020
320700020418 134.376488
320800013783 175.735752
320900012875 163.107107
321000015022 161.704155
321100007086 185.963173
321200025317 130.774037
321300014160 182.001623
321400014257 162.736817
321500010812 142.381989
321600014878 185.966133
321700020413 138.788676
321800010421 174.150873
321900013657 159.018079
322000007980 145.923321
322100010792 197.512664
322200006201 141.287948
322300016555 183.775098
322400020978 154.779224
322500014723 165.210728
322600013866 190.567768
322700020639 125.372584
322800012924 183.960052
322900012052 163.224133
323000011444 140.638571
323100013016 160.167411
323200024715 146.809351
323300011601 198.013879
323400020877 146.948847
323500014296 172.151613
323600013876 170.493693
323700015126 161.400277
323800028065 184.703076
323900014725 143.627052
324000009031 166.349225
324100024772 139.100300
324200013065 160.773261
324300025919 180.022426
324400020199 149.326217
324500013898 142.322416
324600029996 146.704464
324700012374 197.861935
324800019454 136.555629
324900012457 170.427680
325000013054 147.907496
325100004553 143.228470
325200012377 210.776982
325300028448 142.650731
325400013119 163.324703
325500013787 161.157268
325600024179 154.684356
325700012595 202.126109
325800027274 150.241842
325900015835 165.268639
326000011780 161.821306
326100008147 142.995253
326200013174 208.412585
326300025546 148.778658
326400017101 157.767737
326500011014 149.538669
326600030181 150.217925
326700013060 190.010837
326800018303 142.081194
326900012303 176.590705
327000021471 149.522787
327100013871 173.305196
327200013861 191.533676
327300007998 131.388955
327400010810 179.507582
327500030350 138.434182
327600013323 159.652680
327700009017 162.548136
327800019114 153.483523
327900012893 166.570504
328000007327 141.259522
328100013433 198.923461
328200026592 157.098479
328300018920 162.096879
328400012571 153.186809
328500005188 148.111786
328600012618 204.806616
328700020720 121.211017
328800011271 173.920490
328900013346 162.281992
329000010108 161.037404
329100010455 173.971945
329200027158 143.534004
329300012279 189.349415
329400013171 160.377898
329500013116 156.437137
329600016807 162.995682
329700018659 153.000012
329800012775 181.854322
329900025619 124.770163
330000010993 172.171409
330100014718 161.794086
330200019283 156.560530
330300013199 187.100274
330400008008 133.809468
330500013051 178.298358
330600016054 153.539858
330700018406 162.177818
330800013625 166.263873
330900011623 157.120341
331000021832 185.925977
331100014426 125.869637
331200014337 174.805807
331300007876 135.975993
331400010768 180.667018
331500013744 164.601583
331600021237 160.193741
331700013895 154.729796
331800024449 125.457247
331900012317 178.914725
332000026447 175.366224
332100016661 169.936764
332200013147 156.514789
332300006941 140.469926
332400011717 192.714466
332500025839 163.279760
332600014188 170.412101
332700031703 136.334644
332800012577 182.042398
332900014923 160.039534
333000003770 164.155206
333100012038 174.889233
333200017753 141.927205
333300012740 155.442816
333400012681 163.897352
333500007238 155.519843
333600014392 166.081837
333700024946 160.672091
333800013793 193.714984
333900012986 146.433260
334000018975 166.025530
334100014935 156.014227
334200010750 144.462480
334300012589 192.664514
334400011469 141.941104
334500069742 162.210766
334600016015 131.466319
334700011768 179.462349
334800026927 161.938932
334900011797 159.447134
335000012901 168.134866
335100012405 157.164819
335200012331 179.770554
335300032219 139.431386
335400014348 186.590763
335500012042 143.509802
335600005780 158.913533
335700013260 157.021591
335800023045 155.916867
335900012594 195.060934
336000001938 149.930736
336100015237 164.454637
336200012711 152.462406
336300024734 146.226162
336400011986 200.563194
336500027385 148.330247
336600012701 171.536525
336700012354 143.521589
336800004497 143.613551
336900011596 191.085779
337000026803 161.726441
337100010713 172.210104
337200015462 155.911065
337300009793 147.120226
337400014713 171.922044
337500022669 164.424629
337600020398 184.741977
337700014035 148.074279
337800006160 151.896550
337900015124 170.777031
338000027261 147.077953
338100021382 190.948535
338200014304 143.899603
338300005684 157.311082
338400008347 162.165167
338500020813 158.385992
338600012456 189.838359
338700012140 150.959419
338800012526 160.556014
338900014091 159.395451
339000021835 145.357973
339100013564 191.582751
339200016857 160.853115
339300009705 166.125836
339400013483 136.530474
339500015229 154.607698
339600013107 172.414623
339700011995 171.849672
339800010441 167.912314
339900023135 148.208070
340000018779 158.793301
340100006060 162.208525
340200009318 164.867751
340300013557 177.564477
340400017237 141.556127
340500012996 168.022173
340600013943 163.016278
340700006268 128.250091
340800016159 181.276818
340900025130 149.808879
341000012703 168.329709
341100022388 161.213033
341200011475 181.988194
341300013943 159.062107
341400003695 150.774809
341500014297 187.777262
341600024077 129.171439
341700023408 182.452691
341800011803 148.341877
341900026046 141.266037
342000014674 181.006756
342100027257 159.450447
342200012259 165.938649
342300021088 137.826407
342400011909 182.727684
342500012966 160.033187
342600006664 152.602031
342700014843 194.744422
342800018763 121.854642
342900010376 177.287243
343000012959 158.308308
343100006255 161.470334
343200014417 168.164991
343300025370 167.361274
343400014752 154.205906
343500014272 180.082934
343600011148 168.790187
343700013518 157.281657
343800019663 144.975303
343900013444 192.418557
344000022382 145.649172
344100015480 180.020576
344200013231 143.614017
344300005379 150.601687
344400008294 168.220609
344500028772 147.555981
344600013876 201.073000
344700019242 142.358904
344800020889 172.094744
344900013472 151.999984
345000006100 146.165750
345100014558 173.359160
345200014686 148.099796
345300021444 189.106313
345400009641 143.570024
345500029673 151.064509
345600010998 170.757797
345700000625 170.012831
345800017190 151.362243
345900009192 178.396012
346000007645 157.633175
346100014586 164.507607
346200021025 152.488941
346300015414 183.106676
346400012779 161.861165
346500007307 156.810933
346600014060 146.987850
346700030374 156.881121
346800022761 157.616325
346900012053 175.058568
347000032029 158.920019
347100015002 164.045065
347200026238 161.322617
347300024477 157.293736
347400012226 171.970118
347500028202 155.926289
347600012288 167.975398
347700026211 173.129799
347800012602 154.931723
347900007006 151.421345
348000019995 165.383074
348100013729 157.483585
348200012371 172.925370
348300005584 149.226722
348400003618 175.176159
348500026472 167.936072
348600012350 153.607359
348700012733 177.637530
348793410673 192.958384
