100013116 51644334
200019784 63415423
300013892 53043745
400028987 66377831
500014903 56000718
600017859 55484555
700019286 57718076
800009546 86736086
900133681 88767155
1000020415 54376770
1100018318 55476424
1200020498 56824705
1300018278 57639269
1400006843 66005704
1500008505 71805235
1600004395 96701744
1700006493 132297413
1800007474 144760543
1900007688 151109846
2000009743 156281334
2100020727 155832833
2200020097 54518373
2300018861 55938209
2400019902 60599379
2500020649 54992067
2600020318 55061271
2700014537 55809562
2800012610 59208404
2900019074 59018811
3000021041 58575401
3100016125 59452905
3200017615 62002686
3300014122 61723581
3400018025 68096572
3500003970 74327796
3600004481 93152109
3700003344 170958164
3800004680 219554974
3900009424 204235170
4000018707 57232934
4100007796 52960195
4200017661 52231595
4300020504 72020574
4400018429 56232152
4500018330 53909367
4600020243 51620856
4700020430 54758393
4800020065 58606872
4900019466 53523748
5000018849 53727529
5100016413 57126727
5200019298 54653710
5300016333 54368816
5400014986 58386966
5500017191 55055653
5600009059 53322256
5700019827 55190280
5800020852 54723141
5900018618 59338943
6000017246 54702325
6100015386 55145440
6200018266 55798569
6300019735 58366413
6400018866 64484267
6500004658 62077715
6600009598 63982051
6700016217 70679452
6800011004 77513476
6900010848 106622223
7000006249 141690577
7100005078 157833751
7200002794 169486821
7300010136 180077022
7400003301 185533584
7500003206 194427096
7600003543 193004733
7700005606 197830558
7800003713 195878384
7900004884 197301250
8000004555 212186146
8100005162 219727759
8200005033 239703688
8300003002 266326161
8400004453 284039650
8500010082 203795114
8600018119 85120814
8700020041 52363693
8800025381 52695852
8900018277 78985521
9000018747 76835010
9100018765 76569157
9200016776 60319183
9300018406 52288849
9400005829 53533539
9500021061 53746994
9600006183 52645826
9700016652 55712942
9800018666 60281407
9900016012 60403632
10000015533 53507489
10100014729 59660116
10200005528 55930345
10300017396 63681358
10400014613 57879543
10500020257 73121652
10600017748 62287112
10700019775 80841609
10800020859 66474747
10900008650 91287928
11000005408 79165760
11100007566 85177970
11200003764 95588561
11300009514 78885619
11400005953 105988799
11500006411 96438911
11600006197 105075798
11700006308 108728094
11800020914 81325648
11900018171 117285475
12000007951 105565850
12100017303 78806656
12200003635 100325608
12300007647 126015529
12400018296 117100317
12500003901 103847826
12600009074 129155107
12700003851 132718132
12800004050 136335807
12900017382 117123487
13000016791 87548849
13100003249 125874982
13200019563 117413448
13300021423 94929098
13400005988 121747268
13500011985 127886566
13600007310 104822672
13700005282 104090467
13800012715 141363198
13900005612 143615224
14000003327 144578629
14100018405 127855087
14200006741 132924360
14300003289 144611214
14400005751 147887607
14500007123 142774586
14600003563 138556473
14700004217 147957251
14800008639 149514809
14900006807 147937758
15000004147 135772690
15100006984 141161682
15200014701 155074922
15300005619 153974748
15400003077 156724474
15500005400 137084351
15600003243 147941620
15700014478 153264647
15800006285 157123355
15900017072 147772933
16000017198 141256997
16100020389 147003227
16200005920 159156440
16300006071 158954904
16400005804 154048837
16500003826 142488914
16600003318 155350105
16700003457 159301985
16800003292 160260697
16900006956 158418958
17000011701 152443049
17100003466 153483649
17200005424 156313476
17300003683 148131935
17400004079 142561806
17500006505 130690209
17600003913 145376748
17700005269 160658001
17800007348 151127550
17900003962 142872580
18000011850 130815954
18100004814 146611730
18200003368 163402184
18300003335 155478564
18400017174 148330126
18500055073 141428193
18600007585 146054213
18700006080 168606106
18800008302 166441135
18900003885 162913230
19000009923 169343951
19100005447 182923248
19200005745 216750205
19300003176 247235600
19400003516 266512380
19500003643 288334069
19600002928 309134021
19700004258 313288988
19800003693 317305685
19900002903 318803155
20000008720 207128617
20100005270 160447932
20200002438 64224783
20300010066 50623975
20400033449 46531029
20500009904 74627525
20600014390 90649273
20700007030 81066705
20800019113 65005835
20900019122 54171549
21000007613 57859643
21100020923 57275264
21200020420 50664667
21300021129 50337218
21400018722 50764776
21500010418 94993703
21600020923 50953876
21700019528 51822502
21800020029 50718188
21900008239 52082126
22000018641 51310530
22100020246 52761939
22200019965 51518168
22300016398 64637344
22400020372 51476718
22500019455 51535066
22600016180 51221728
22700019345 51821482
22800019453 51437733
22900020049 51336481
23000018963 51251211
23100018036 51390843
23200008869 51198037
23300019779 51851807
23400013264 51587541
23500018984 58395901
23600020293 52137039
23700008701 65700462
23800019404 52026422
23900019063 52721365
24000019500 53012787
24100019641 81128424
24200020099 52714562
24300020576 51856296
24400018154 51522359
24500021185 51701772
24600017243 51691868
24700020416 52705249
24800019511 53196443
24900021159 53248292
25000013077 69684376
25100018030 57485607
25200020547 52853487
25300019787 54494132
25400009913 64401390
25500003686 122327639
25600007618 126747357
25700006739 96068886
25800006723 111219952
25900005605 184827026
26000011617 217638866
26100009850 191428384
26200004929 152430095
26300013087 128735540
26400002652 59539098
26500034628 47859151
26600036281 51327232
26700019794 56726936
26800032212 50069393
26900025096 56112714
27000002606 55726299
27100027387 61809410
27200020556 67838016
27300008885 66814373
27400020354 82680222
27500017013 71648172
27600014947 72310429
27700020555 57573637
27800029640 59972163
27900003068 60024660
28000014758 65901899
28100018542 60745114
28200007192 70231671
28300016777 67607221
28400024758 84619140
28500032607 73340733
28600022914 74053973
28700014460 60383769
28800011228 72044496
28900028305 88820585
29000027234 76253862
29100019396 87744457
29200017918 96444628
29300006181 73019429
29400005276 99094427
29500018049 152020175
29600024612 152558616
29700005619 117703553
29800002482 148234338
29900016791 101782957
30000014433 97411448
30100012306 139888290
30200011401 96638609
30300020144 110206926
30400004107 107011762
30500028948 125403982
30600013786 96052143
30700013227 113879277
30800010593 94284379
30900006571 95924148
31000017329 95776870
31100002182 94527364
31200014017 93506159
31300017826 93941314
31400008462 97573115
31500012918 111212007
31600009280 91367955
31700025889 101475083
31800018740 94300061
31900027767 93304094
32000005907 103753786
32100008348 106352011
32200005073 111175002
32300024218 110518214
32400003167 104398353
32500004543 97597319
32600017443 85364820
32700019325 104793258
32800018390 104073309
32900004123 94168120
33000013443 94979133
33100007860 78630144
33200005975 92081626
33300006834 99915018
33400005241 94397982
33500018442 99653951
33600014326 95195158
33700025884 102376015
33800010039 86941014
33900017337 94782519
34000011292 70609346
34100005134 89714159
34200012958 99863824
34300012885 93935447
34400015503 94506047
34500028005 97552423
34600012691 84253974
34700006406 94139421
34800018563 91522722
34900008373 96710038
35000020570 99965996
35100020772 85455688
35200012056 91532333
35300007455 97134666
35400006302 98979313
35500011965 97362618
35600007136 98415747
35700008018 111571560
35800024948 80637247
35900008407 88634302
36000008131 89903089
36100015648 92348289
36200006562 123073286
36300016279 93713764
36400009478 91143458
36500007994 87006162
36600007026 102702110
36700017167 95492631
36800013584 81522664
36900009818 94112363
37000011967 93542157
37100009239 93986444
37200007036 104310351
37300014262 91609860
37400008930 86547637
37500007235 88417963
37600007214 99411494
37700015325 94840231
37800013394 88009599
37900008943 84155704
38000012411 93277130
38100013596 82359764
38200012807 91043944
38300014804 90522192
38400013874 90800954
38500010901 89070852
38600011791 90676936
38700013803 91227170
38800015716 92892843
38900026304 93224414
39000016892 92317940
39100014728 88478596
39200013198 87516285
39300009258 92719338
39400011190 93710289
39500006313 89042235
39600005455 90545542
39700006936 93904943
39800014143 93238721
39900003369 88534574
40000013212 82343336
40100002952 96319228
40200018377 94757980
40300011613 92521748
40400015593 93603374
40500007232 109130762
40600017373 93953430
40700014698 91810052
40800006280 91385347
40900008597 94086098
41000018140 100883793
41100020489 91327712
41200012108 91948812
41300011111 90222248
41400010718 88616091
41500010029 91798926
41600005608 88473369
41700014664 85256088
41800008678 89625416
41900009202 90055506
42000013914 92828730
42100013647 89817762
42200010024 86215771
42300025316 88904475
42400011216 88594976
42500005008 94385985
42600015552 91395119
42700021545 93719695
42800005061 85743251
42900010243 88094055
43000006951 86946179
43100022815 90231918
43200016529 91209875
43300018435 91198065
43400008486 90114126
43500012143 89357839
43600014575 84499601
43700009777 92953404
43800001738 91391537
43900018806 88618976
44000010993 89419751
44100006056 86461232
44200015341 86896736
44300018889 93660639
44400012283 89250308
44500011725 88611937
44600009943 85114258
44700006404 91880847
44800016411 84269104
44900008179 92455286
45000008336 96592997
45100019887 95717410
45200024325 87263568
45300010084 89612399
45400143072 76699755
45500010937 90247661
45600013490 92086349
45700025608 90340826
45800018001 94111240
45900010192 82224849
46000009806 86429054
46100008517 83118980
46200014453 86415663
46300029671 90913765
46400020304 86450091
46500009791 86248241
46600006524 81287593
46700021360 90045533
46800005697 92541454
46900015974 83849917
47000013575 86468133
47100013997 82370581
47200011044 85599594
47300024773 90493772
47400004265 92634775
47500015300 83398791
47600013821 86540242
47700009178 82339029
47800012769 86771898
47900005258 92914774
48000019539 84311015
48100007441 90070061
48200009251 87081320
48300005483 84313179
48400014081 86877035
48500005768 92849475
48600017982 83349267
48700010514 87234202
48800014074 81162792
48900014421 84763319
49000018985 92186876
49100007048 88463649
49200010476 85022021
49300005388 82888129
49400012012 83533305
49500017186 92088283
49600007417 88352344
49700017571 86524122
49800014083 86098768
49900004243 83880669
50000011514 84986815
50100016096 93375734
50200021395 82956397
50300013196 86337251
50400014350 82200297
50500013005 86382907
50600026310 92451114
50700012661 84323583
50800011457 88047868
50900014946 84445435
51000023957 83530640
51100026387 92904961
51200006904 86884804
51300015692 87908998
51400014406 79690957
51500018462 86708937
51600022323 85246030
51700005053 82150829
51800012642 82540396
51900018183 91094905
52000016890 83542051
52100014106 86551241
52200011012 79819541
52300010717 86402753
52400011722 87058521
52500012661 80777710
52600219101 88476305
52700008990 92700115
52800010904 81750289
52900013660 82410419
53000027822 84381092
53100009705 105202312
53200015520 94130957
53300011333 79831806
53400024213 85955006
53500006692 88080916
53600011879 82056783
53700014342 79447429
53800012332 85457340
53900019567 85657356
54000011441 85750443
54100013166 80325065
54200006592 88869678
54300014980 82564627
54400010480 86280316
54500090662 79642625
54600018166 87259056
54700009513 83322210
54800024051 109069117
54900011397 86089006
55000010516 86554074
55100013148 77479161
55200024069 92677645
55300017387 82993861
55400013361 83049846
55500012881 80720132
55600015063 89229955
55700009927 83199221
55800012515 85606226
55900009744 80100155
56000015423 88305572
56100012802 84642800
56200013828 80715046
56300009857 82715854
56400005498 90000718
56500013145 83870272
56600004283 80563953
56700017635 82860314
56800006128 86061473
56900005071 83596336
57000014958 80584754
57100029861 93648576
57200011910 79698102
57300013226 80117225
57400010739 80916121
57500010644 86145762
57600011283 76282858
57700014600 87015560
57800010282 83089648
57900012564 78664464
58000018846 87776275
58100015586 81939608
58200013607 83950981
58300013107 78985934
58400004970 89516666
58500014466 82042784
58600013453 83321218
58700008720 78676557
58800027614 91749169
58900009711 82910841
59000016290 80166064
59100013267 80434275
59200018961 94210309
59300014926 78934838
59400014042 79538605
59500023507 82042600
59600006696 89655730
59700011624 79614080
59800012625 78166827
59900024468 87103351
60000013572 81724241
60100014128 84065081
60200008437 80130759
60300025245 90743141
60400023069 80173161
60500005863 79732834
60600025443 83372115
60700010764 82186560
60800012027 84115215
60900024391 88447958
61000009580 81171034
61100005674 81254032
61200009343 80181943
61300012100 85229708
61400013269 84102159
61500009746 78679883
61600010230 84019422
61700012918 82633042
61800013352 78040680
61900016661 93924849
62000012245 76928194
62100012342 79519254
62200024426 85412939
62300012542 83209601
62400005322 81567229
62500009708 82532838
62600011580 81536092
62700013206 81497716
62800010717 79582947
62900016190 85665002
63000007063 81711951
63100013987 78969115
63200007779 88875332
63300012785 81206737
63400021116 80033224
63500013471 80862908
63600013800 81092890
63700024927 80720035
63800011934 89081707
63900014262 81764669
64000015348 78261145
64100027205 93682558
64200011317 77199273
64300013506 75891148
64400020620 87719582
64500013286 81326312
64600007201 81196502
64700012979 79643201
64800011759 85396462
64900012843 83490969
65000012397 77432799
65100015974 86732445
65200011270 81654572
65300015942 80189706
65400012582 87020116
65500012712 84499813
65600029118 91939799
65700011495 79095726
65800007513 78577061
65900027416 81395481
66000022949 84114848
66100008053 81437658
66200013072 78033727
66300010270 86247807
66400008577 77574928
66500014394 83826653
66600012444 83075110
66700012029 73583960
66800008183 89130001
66900011745 80712726
67000009944 78305731
67100028172 88716906
67200020850 80392842
67300004243 80384806
67400013356 78990615
67500004561 92964109
67600013157 76982873
67700012362 77910499
67800029737 86683727
67900021279 81045371
68000012347 83148873
68100012715 78005738
68200018215 85767776
68300009784 82580994
68400013496 77672997
68500032734 92842807
68600013377 77175133
68700013448 78395799
68800018693 80893906
68900008343 76505751
69000028455 93240042
69100010426 76431206
69200012100 77791720
69300025096 90263035
69400012358 75966643
69500006146 78109744
69600027032 89421826
69700155785 80001272
69800012429 79457904
69900023155 82795624
70000014678 81310784
70100011631 83521769
70200013670 77747625
70300019950 91369108
70400010807 78887677
70500015426 79230416
70600028082 81550304
70700008350 87967506
70800010673 80980102
70900013108 77959426
71000027917 89333699
71100015446 79896294
71200014240 80204697
71300025884 80523132
71400005743 88969161
71500071771 79577616
71600014765 77802124
71700025201 89320361
71800020718 80133604
71900002827 77788646
72000022706 86271418
72100012512 80474350
72200012055 77572833
72300018985 86321423
72400011054 79184002
72500014528 77455859
72600012334 83585219
72700013201 82344554
72800009988 79258798
72900013743 83344770
73000008295 81749930
73100010094 77258137
73200008902 89662443
73300012621 77118012
73400011537 77237187
73500029901 92140491
73600013890 75135905
73700013924 77218205
73800008377 87367463
73900013541 79587879
74000005263 77430555
74100009553 89751730
74200012776 75437817
74300013958 77663538
74400014743 81826429
74500015289 78606303
74600023215 84487708
74700027189 80782321
74800010447 79873818
74900024230 80326547
75000006993 83509792
75100005617 83282081
75200019034 87932686
75300010383 84579198
75400012310 81407710
75500021257 77925377
75600005149 88228730
75700010322 78404761
75800012867 77085387
75900005156 92989907
76000013606 73998981
76100014554 77254196
76200005794 89542870
76300010416 77096970
76400018012 76324316
76500016361 84231475
76600003555 80400436
76700027223 79480116
76800013636 83660223
76900009564 79614052
77000016320 81303084
77100012844 81479179
77200013311 81881258
77300023469 83570727
77400011341 79816632
77500013577 79073990
77600014648 81420409
77700009950 81480283
77800005370 78774730
77900026587 83376264
78000019935 80572485
78100014075 79460745
78200026780 80448947
78300011218 81681398
78400013923 82106850
78500015030 81864568
78600020287 80432132
78700008014 76783538
78800025954 89134150
78900012376 76267877
79000012949 76522039
79100022122 92587751
79200011132 74591018
79300013358 77072665
79400005272 89821737
79500011502 77284084
79600013103 77148749
79700025533 92974904
79800014356 74096188
79900009492 75061344
80000009799 83635460
80100009692 79601624
80200013931 82171512
80300015868 81160593
80400006878 82445478
80500026498 79734109
80600010479 84467213
80700013030 80871877
80800022442 78190829
80900017191 81386504
81000009343 81777247
81100008221 77305710
81200020492 84293282
81300025115 77115026
81400008899 87397829
81500012946 79226157
81600012294 77018405
81700005705 93279992
81800011088 73834843
81900012949 76394322
82000009596 90003156
82100010851 76486228
82200012749 76755835
82300013735 91733582
82400013460 74877959
82500015049 79030605
82600020870 88278064
82700010976 77941789
82800012169 77208326
82900019534 86162239
83000014910 79998166
83100013600 77072442
83200012638 86760969
83300022694 80215738
83400011125 74426216
83500020577 91445009
83600012985 76635654
83700012196 77249977
83800005632 83735266
83900012333 79159159
84000012959 77187803
84100008005 92521401
84200013396 74471315
84300019513 79052012
84400023781 81495565
84500008816 77879679
84600031556 83692668
84700019429 81008180
84800015391 78456703
84900020166 90190994
85000014691 76708252
85100012460 77018362
85200019896 87046140
85300015100 79920455
85400013354 78904019
85500026043 82921542
85600010616 83025809
85700013108 77117568
85800015581 86502322
85900018750 79813297
86000015857 81771132
86100010225 78506634
86200013060 78491687
86300016654 85540490
86400011491 79843257
86500013611 79132381
86600020157 80505840
86700008856 81882828
86800012573 80505072
86900026372 77721447
87000008280 84180818
87100014430 80423349
87200026893 77990912
87300010882 84087117
87400010829 76772476
87500009006 86179033
87600018317 79994296
87700011260 74214600
87800018180 90934658
87900012824 75741450
88000011581 75432511
88100027008 90672415
88200010616 77251515
88300023506 74351745
88400009651 86463742
88500013067 79516971
88600021154 81544804
88700010299 81648681
88800014629 81831723
88900011338 77409421
89000019296 84139976
89100015305 82256961
89200024409 80760639
89300007201 83041039
89400012681 81327004
89500014006 77539062
89600015770 84654750
89700005749 81511278
89800023212 81264299
89900014998 80962787
90000016811 79625744
90100026302 80891706
90200011478 82282643
90300013444 83155610
90400027478 77598402
90500007229 87758559
90600012712 77467782
90700011283 76101832
90800007317 91698071
90900011212 73730957
91000013045 75445518
91100005604 89280610
91200011990 76814473
91300015043 76914433
91400027325 93117406
91500013372 73553737
91600010378 78321778
91700013983 84000825
91800004942 80006410
91900020554 88408341
92000013488 75087706
92100015107 77535657
92200024825 88538052
92300012360 78070367
92400011840 77450434
92500019849 85972198
92600020763 81604893
92700008545 78300860
92800004417 88811555
92900012262 74453373
93000012044 77431251
93100015777 90892870
93200013302 76062617
93300022896 83615427
93400013284 75705063
93500013141 80151253
93600007385 90475403
93700012573 76465525
93800007503 74932397
93900013432 81268887
94000010661 77223980
94100004051 88137633
94200012213 78307222
94300013241 76731878
94400005361 83771994
94500011951 81844536
94600027632 80024827
94700016393 80785595
94800014677 81591384
94900024711 78693642
95000008775 85412920
95100085277 81076802
95200009485 77065377
95300006433 89651948
95400014585 77053953
95500021625 79727639
95600007262 84334691
95700011230 80753262
95800015223 77162519
95900012781 82641230
96000013805 82061518
96100027526 77639489
96200005000 87702550
96300013264 80447559
96400012405 77142993
96500006184 90896043
96600014647 76170273
96700011782 77405296
96800016054 81341936
96900014015 80118107
97000021036 83924976
97100015241 80771668
97200012542 80489059
97300015089 84514166
97400019753 79574963
97500012883 76759602
97600025771 87296781
97700021702 79208141
97800009987 75984481
97900025442 89527596
98000012441 77504530
98100016135 77567174
98200021667 85461799
98300012590 80308777
98400012173 80837602
98500028023 92211211
98600012425 77387079
98700012599 75044039
98800015153 87959799
98900013434 80416748
99000027626 80349464
99100010566 83444995
99200013924 80891386
99300012165 78338655
99400006211 88043011
99500011495 78377050
99600013128 77041351
99700008685 84168039
99800014806 80910388
99900011046 76651586
100000007259 90206300
100100010106 76300083
100200011988 77249283
100300013868 86344373
100400009451 81053288
100500023770 81805832
100600013834 81268180
100700015801 79688430
100800023142 83756839
100900018747 80552840
101000009866 81436511
101100023541 78391610
101200005864 86243626
101300012782 79505738
101400174110 88482955
101500012142 74030569
101600013317 77246125
101700026160 89112498
101800008857 78170439
101900013592 77269918
102000021398 86017893
102100012005 79520875
102200006301 79698523
102300013345 81896751
102400011241 80831310
102500005988 81742171
102600026577 77996889
102700009922 87636834
102800013052 79353391
102900014939 76995627
103000006363 91470665
103100012912 74810324
103200013451 75059884
103300015227 89770171
103400010450 76575838
103500011651 76902669
103600020362 82073430
103700013811 79984196
103800023795 80769349
103900013852 82945072
104000011065 78839381
104100025368 83599643
104200020676 80364148
104300006821 81202712
104400024905 79015875
104500006875 85134070
104600013316 80113709
104700015415 76028991
104800008267 80731512
104900024802 80069659
105000010511 82575274
105100027857 75285192
105200006594 84540280
105300011912 80102454
105400008339 80047194
105500014130 81597602
105600019975 77634334
105700008585 85702270
105800010202 79061569
105900012028 77080890
106000011901 88685897
106100011273 76672024
106200027778 77190305
106300010383 82919489
106400012908 75338450
106500010963 82912500
106600016095 75883353
106700005508 90185853
106800011804 76271156
106900026598 78616695
107000013761 81459594
107100016460 81429058
107200026556 77619887
107300011142 86095829
107400011035 79263231
107500013761 76849781
107600008725 89351103
107700012496 75846221
107800026379 77578842
107900011062 83021038
108000008783 78174076
108100029278 83934099
108200013565 79787736
108300012512 78683012
108400022817 81818742
108500020222 80565946
108600007153 80570242
108700023763 79938388
108800006470 81567403
108900007210 80879291
109000025889 77806050
109100005323 84609512
109200013361 83270725
109300021969 86144056
109400020101 79440636
109500007528 77014219
109600151215 86145646
109700012881 77168337
109800014070 76883902
109900024797 88564684
110000013958 75821262
110100011116 77079396
110200028795 91126357
110300010272 74041059
110400023623 78613816
110500021652 80387805
110600007818 80591352
110700025248 79288178
110800006408 82630831
110900011650 81163915
111000012040 76718633
111100008004 88303858
111200012819 76571891
111300022937 76708265
111400011864 83556351
111500013563 80611617
111600022857 77097659
111700007300 87266002
111800012493 78158326
111900024926 77219060
112000007960 84843225
112100012798 79877792
112200025056 85882862
112300014945 75581244
112400024105 78033693
112500015941 80798851
112600010882 80903333
112700025953 79309977
112800004794 82566957
112900012159 80680416
113000025610 76154668
113100007720 86627913
113200013550 78339897
113300020803 88903054
113400022141 81174367
113500007794 87267995
113600006110 109459611
113700008423 76885526
113800068931 77048661
113900007638 83412073
114000012133 81411960
114100025203 77625057
114200006674 84574626
114300012642 79723428
114400009284 78121205
114500010799 85141153
114600002677 78737275
114700022574 85303501
114800014388 77350282
114900015777 76223313
115000030015 90620197
115100010373 72386889
115200030289 88221308
115300011900 75244868
115400010320 76973687
115500003755 91334035
115600010721 78168170
115700013404 76487506
115800006860 88077742
115900012948 76462836
116000014054 76787267
116100014071 83302532
116200006535 80889539
116300025004 78911020
116400012877 82982870
116500011190 75774460
116600033075 90201568
116700011733 74996406
116800010150 76798166
116900027057 88845381
117000014473 76616476
117100025682 85111322
117200013564 78191211
117300015315 76382656
117400008819 89447733
117500013463 75955195
117600028157 89358951
117700013514 72665493
117800013683 74872908
117900005753 85202839
118000009820 79006966
118100026646 78982762
118200009039 81151981
118300012016 80378411
118400026971 79649989
118500013452 80746312
118600012726 79855336
118700004332 87166615
118800013088 76739083
118900013031 76619087
119000012782 84441369
119100006707 78367648
119200016957 84278269
119300018602 78632772
119400010417 77511484
119500028981 88291584
119600009343 72238331
119700012837 82491224
119800012340 73000179
119900028016 81460472
120000014015 76578556
120100025546 74397506
120200017376 82930649
120300014070 78957446
120400024069 83568409
120500021346 81011976
120600012061 77219016
120700008202 85833763
120800012659 78789169
120900012681 76599221
121000019879 90061673
121100013783 72930777
121200011669 79048173
121300014340 79932128
121400022405 85398326
121500019670 78591454
121600009916 76862493
121700024902 89466447
121800010123 73787595
121900009906 76519501
122000011579 90526788
122100009203 78911829
122200019503 81513701
122300008982 79662101
122400025953 81332401
122500021069 80484017
122600013967 95905071
122700006285 80785051
122800021759 82227366
122900021432 78435802
123000012026 76816982
123100016456 85661744
123200011526 78723843
123300006342 76073454
123400018173 86164768
123500014246 78341808
123600009435 75457710
123700007040 90594034
123800009812 73789846
123900014109 76031203
124000010581 81515565
124100013903 80304333
124200016291 75647843
124300008368 79914938
124400015735 85130382
124500015373 80320193
124600018127 80283940
124700013290 80507045
124800005249 76335824
124900014486 79985999
125000026822 81421159
125100010268 78653047
125200012575 74601115
125300012906 82214977
125400012560 77913005
125500032050 90975192
125600012739 73507298
125700011335 76214423
125800019500 79697933
125900014768 79725707
126000017532 80861605
126100022012 80292022
126200014523 76463970
126300012452 80790445
126400010106 78098557
126500018115 85077561
126600023583 78709718
126700013681 76714304
126800013022 85364172
126900021442 78523797
127000011040 76441719
127100011697 85542114
127200018905 78694829
127300021922 79820337
127400013154 79579736
127500013184 74040195
127600004980 90930241
127700012425 73563497
127800041219 82062621
127900014470 79894565
128000026565 78329591
128100011853 81063999
128200011800 80369694
128300014084 84713028
128400010637 74560619
128500013326 76069803
128600001952 79120745
128700025119 78064954
128800019271 78618710
128900010556 77499162
129000019871 83550490
129100018972 78661720
129200012790 76874358
129300028779 88554566
129400012305 74200451
129500005521 92598504
129600013373 72440185
129700013903 76353332
129800008182 90240012
129900010335 73747807
130000014522 76159307
130100003551 88774466
130200012658 75603170
130300012653 76223525
130400011776 84344401
130500013444 86005260
130600016894 80157612
130700015501 79551749
130800021454 85901615
130900015921 77554736
131000012933 76009549
131100025590 88054241
131200014470 75884518
131300011836 77346268
131400030595 91517942
131500011880 72353381
131600026330 74179051
131700011712 84639053
131800009199 78629067
131900022668 84413914
132000012152 74950520
132100023950 81243036
132200012501 77012982
132300010068 76664498
132400022090 86996474
132500013833 76588563
132600012295 74049438
132700011591 77061689
132800022662 85765853
132900011846 78122031
133000012564 76393429
133100030810 90485028
133200012699 72077963
133300010520 75233708
133400013659 83100822
133500011816 78458528
133600018677 82667485
133700095720 81419754
133800015710 76193662
133900017745 86744569
134000009771 77762207
134100012889 76797724
134200010465 86607172
134300024188 88943503
134400022957 81463931
134500013164 72915708
134600007690 88064997
134700011286 75858229
134800011712 76181766
134900008633 86003328
135000012551 78032166
135100028566 76640451
135200020968 83172865
135300011122 74062422
135400018194 83204038
135500016722 78861090
135600021529 85559072
135700011718 76569462
135800013172 76455084
135900027381 88062792
136000013137 76278081
136100014175 75077929
136200022213 82783015
136300013514 76974830
136400007101 85384401
136500011403 76189993
136600024877 77804688
136700013543 80847184
136800012550 78944259
136900004536 87127746
137000012328 71313164
137100026845 85028153
137200013757 75610816
137300014641 76132018
137400027421 89988650
137500014879 74707784
137600008775 83004699
137700009898 75869219
137800023499 77900121
137900009900 81897709
138000017092 80855274
138100017826 76058238
138200013384 79774582
138300024862 81321319
138400014831 80170572
138500008240 78564070
138600007886 85965416
138700011033 74928530
138800014511 76739845
138900021562 82603296
139000013095 77648515
139100014748 90066265
139200014397 72192996
139300011499 75647702
139400003295 90480754
139500010908 74093106
139600026937 76561771
139700012673 83279614
139800010390 78754880
139900023742 87009259
140000014574 75787625
140100011572 76352401
140200019879 90116836
140300013237 74417335
140400013217 76761194
140500021347 91376841
140600015190 72760784
140700012795 76241507
140800008530 88125378
140900014048 75419814
141000011859 76349489
141100012601 86255245
141200109184 77328448
141300021840 82951153
141400013144 75691715
141500011906 76256929
141600022636 89711591
141700013731 74471860
141800012120 76186359
141900026311 91095956
142000013969 72960416
142100011041 76042825
142200004699 88976441
142300014076 75407230
142400014558 76673541
142500006046 85761281
142600007678 77818169
142700026504 77129197
142800012088 83368834
142900013951 79508418
143000025819 78872535
143100015280 80492339
143200006140 80262651
143300007908 89663536
143400012747 72562125
143500027418 77481098
143600011326 80937566
143700007051 80621600
143800022661 83653794
143900010966 78407598
144000011627 77094149
144100008317 92411474
144200013922 71798122
144300015063 82066084
144400011729 78512141
144500013541 76769392
144600021212 86503828
144700013705 77437724
144800012807 77104595
144900024981 87917752
145000010536 76597564
145100012608 76520240
145200014967 90014418
145300012882 73178550
145400012028 77303905
145500004750 86303942
145600014589 78085612
145700025949 76909759
145800006746 83882745
145900011413 79885182
146000020821 86678357
146100013453 74427638
146200013452 76192216
146300025680 91539579
146400011075 73013704
146500006835 75639983
146600012021 83680462
146700007734 80795659
146800023081 75747323
146900014366 79905413
147000024875 81685517
147100010644 80195260
147200011683 78501889
147300024185 83461057
147400012068 78827481
147500013420 77513275
147600025514 87742830
147700014067 76184798
147800011941 74343125
147900011741 82503174
148000013654 77928442
148100108769 86059325
148200011455 77916269
148300012058 76393134
148400006929 89140654
148500013455 72948426
148600012788 76403144
148700004949 85277176
148800011866 78685702
148900022797 78268308
149000004315 82298355
149100016419 80550128
149200006287 81919019
149300013718 75711532
149400016579 78797559
149500020543 81617433
149600007137 78276776
149700015041 77547732
149800010395 77650884
149900020166 86518131
150000011600 77165115
150100012008 75881255
150200013528 81722527
150300004640 77032749
150400020653 89376556
150500012887 71109965
150600011720 75616379
150700013346 87604511
150800012756 74896705
150900024159 77494950
151000011008 80898454
151100013885 79541949
151200018572 82604222
151300020207 78459250
151400015469 76401002
151500006391 87210103
151600010963 75915283
151700012567 75739692
151800004421 84970220
151900015022 78207666
152000021440 81745879
152100020870 80398391
152200012582 86503941
152300019445 87713810
152400011744 77707373
152500023437 80567974
152600022174 83197949
152700013866 79263708
152800005731 80671048
152900012646 79206510
153000022894 78776363
153100006209 81332183
153200008616 83056947
153300018663 85789913
153400013882 79816419
153500008506 86517252
153600012394 73067316
153700012899 76477100
153800015731 85531046
153900025410 89287051
154000012871 79693393
154100010212 76399708
154200027344 90435607
154300012353 73469819
154400031302 83902810
154500014029 76266901
154600014188 76545815
154700021473 91950392
154800012340 71440001
154900013057 76197752
155000008872 89451282
155100013384 74866068
155200023862 80298264
155300019856 80609454
155400005952 79702977
155500005765 88746261
155600011336 72385901
155700012580 76517074
155800012013 84148872
155900011105 77267411
156000008213 83183876
156100013519 80400923
156200020295 91163045
156300013080 71880782
156400011796 76024173
156500020806 81649125
156600012491 79315767
156700027263 83525529
156800014343 78765971
156900007013 77405328
157000016299 87815657
157100011666 74652018
157200001095 76220385
157300004643 83808485
157400014107 79366293
157500011809 80759681
157600023573 80201606
157700012977 78994420
157800021551 84602956
157900012897 78392787
158000012578 76642015
158100032684 88639819
158200013085 75485374
158300012734 76665469
158400017692 92776014
158500011988 71754883
158600014074 76356723
158700008911 85078053
158800008086 79053302
158900020094 80314352
159000022189 80580373
159100011609 77583815
159200015942 89738763
159300013812 74355672
159400012356 76150434
159500006154 92564252
159600012764 71321787
159700010266 76575523
159800005739 87615586
159900013566 75695524
160000013644 80864771
160100019240 80818844
160200010847 77466003
160300022465 90153677
160400011766 74542046
160500013884 76521993
160600006214 92606236
160700014173 71557596
160800027853 79279815
160900021040 80595919
161000010530 79696580
161100030541 92172952
161200013852 72152251
161300014115 76224672
161400011857 82599817
161500009614 78204699
161600022310 88310718
161700013145 75891521
161800013629 74863406
161900010057 87209608
162000010022 76586234
162100024632 85853070
162200012528 77367202
162300010755 75905455
162400010436 88559038
162500011840 75444343
162600028575 77360892
162700009297 82513588
162800005996 80550403
162900023182 81510919
163000013513 80234553
163100013412 77967263
163200013014 85514463
163300014571 77432743
163400012780 77176512
163500004834 86653805
163600013344 78125722
163700021587 82935029
163800011926 78121280
163900012582 75313291
164000009134 83148791
164100008270 77821127
164200019890 86222282
164300013454 77667021
164400013565 76541720
164500019662 81536324
164600014249 78958239
164700019754 84350781
164800023379 78616499
164900013917 78804563
165000005189 91547506
165100012554 72342716
165200012438 76377724
165300007930 86089739
165400017241 77308650
165500025597 81523438
165600012465 80288154
165700015321 76266694
165800022207 90160777
165900007357 73961487
166000014049 76551680
166100011838 91614018
166200011516 72131761
166300013553 76181404
166400017042 82897564
166500013520 78847668
166600022472 84464883
166700010848 78697875
166800011208 76646991
166900017084 90902138
167000012186 72979203
167100025573 76238804
167200012198 82129462
167300006926 80380104
167400025320 81557455
167500013816 80105898
167600010494 78396834
167700020359 85157220
167800011086 77854150
167900007603 76476347
168000022779 89280129
168100013473 74693440
168200025081 80252263
168300011253 80835898
168400012494 79609950
168500028162 86662195
168600013275 75110300
168700016838 79151934
168800010718 80338143
168900011048 78553285
169000008118 91342679
169100012007 71419176
169200015216 75846897
169300003613 87362586
169400012666 76547797
169500024795 78668909
169600010680 81272271
169700012547 78286433
169800023022 87434831
169900010708 76333593
170000009716 76304648
170100029007 91511743
170200013006 72364586
170300012990 77238871
170400005393 85730607
170500013857 77917109
170600019098 81993733
170700026720 78554036
170800011695 76252614
170900027987 88478133
171000009998 75332646
171100013611 76455581
171200026051 92397875
171300012212 71814358
171400013940 75995226
171500007162 88532452
171600011712 75466201
171700024008 77099305
171800018575 82989685
171900012816 79385390
172000025594 87553401
172100009724 74089101
172200014314 76148218
172300005744 91856779
172400012421 72048049
172500013551 75925766
172600006813 86392684
172700014746 77030603
172800020390 82937428
172900020128 78325964
173000012221 76150128
173100017487 82243853
173200013924 78683756
173300006150 90496773
173400011592 72170767
173500018858 78041540
173600019605 80827679
173700012398 76050555
173800005669 87282754
173900006934 76405603
174000026479 77934447
174100010941 81562173
174200012303 80118011
174300023735 81978435
174400009670 79694702
174500008631 78007623
174600028084 93184982
174700011755 71694988
174800020487 84266980
174900013282 76512419
175000014844 76173152
175100021929 90969969
175200010959 72958776
175300026562 75198749
175400004993 82497083
175500010034 79676131
175600022673 80960978
175700012158 79797731
175800015057 77973053
175900016531 88800527
176000012568 73333277
176100012102 75874484
176200012687 86412500
176300013981 76775821
176400029060 78756265
176500015212 80752092
176600013945 80227111
176700026328 85442158
176800012272 75995879
176900012283 78369168
177000011874 83964742
177100008493 79231673
177200026288 86010142
177300091908 75010314
177400012058 76482331
177500032457 92791663
177600015757 70998981
177700013318 76043436
177800008062 87825541
177900010217 76265915
178000024813 77499867
178100014296 81690486
178200012865 78067080
178300033186 87596112
178400013709 76283200
178500013112 76328440
178600006761 91422838
178700012677 72629046
178800014275 76102147
178900021046 83184164
179000013745 78443904
179100010254 81913135
179200008476 80219788
179300023968 82096154
179400013172 79641110
179500027476 84085171
179600019177 78603323
179700014741 76889079
179800030469 87675264
179900014166 76223507
180000014273 76195262
180100006764 87593178
180200012011 78735211
180300022876 79718451
180400021162 80501905
180500012394 77094548
180600016602 91395007
180700014507 72351776
180800013012 76120648
180900008532 89227527
181000014165 74473273
181100010897 76103476
181200012286 83222850
181300011046 78031567
181400029777 89671267
181500011240 72599970
181600018235 79371020
181700016513 80501665
181800012602 78744817
181900023438 84585540
182000025769 78485300
182100013224 79430176
182200012968 90606823
182300011769 73154132
182400012756 76050999
182500004933 85211289
182600009866 78345651
182700004611 80424933
182800006365 79570797
182900020627 84417226
183000013014 76675950
183100013827 76387035
183200021791 90313851
183300012814 72871200
183400007684 75781811
183500014037 81028106
183600007944 79970947
183700019825 82306949
183800013560 80187552
183900012831 74830637
184000005281 91761284
184100013156 71488891
184200012783 76018932
184300013158 85669132
184400013729 77962897
184500021825 89518879
184600011494 72565984
184700024209 86785371
184800011498 71632900
184900014146 76205651
185000018474 83262680
185100015534 79716770
185200029220 83802424
185300018120 78628231
185400013239 75614310
185500030463 83072542
185600010880 78301393
185700015200 81142915
185800014289 77567359
185900028038 88157380
186000013758 75677484
186100014758 75963459
186200032228 92420036
186300013423 71491449
186400025305 77219348
186500010456 82082906
186600012950 77896812
186700012057 91687926
186800008404 76646122
186900004803 85166787
187000012714 76318359
187100014449 83492086
187200013398 78872124
187300011568 76190544
187400008632 86733305
187500014204 75592666
187600010659 77031760
187700010062 81409523
187800008147 79838608
187900031422 88935527
188000014684 75459810
188100012692 76011087
188200026553 92141921
188300011722 71238134
188400011989 76265448
188500006804 83547745
188600005043 79335151
188700023248 79950229
188800013426 80563468
188900008435 77506028
189000019174 85123047
189100011558 77632182
189200013704 76132905
189300018769 89185374
189400015263 73921474
189500010407 75574932
189600021347 91255764
189700011630 72009070
189800013493 76075418
189900007901 84108960
190000015603 79048956
190100011543 93849003
190200012589 78003963
190300017444 84291097
190400014327 78886735
190500019710 84220639
190600024839 78348847
190700014010 76475238
190800025016 91815760
190900012122 72191580
191000012773 75809771
191100005880 89449264
191200013205 74070376
191300023236 76303350
191400006788 83600083
191500011374 79329042
191600014356 80188100
191700013534 80328903
191800008501 78104281
191900017275 85128152
192000010923 77972760
192100028167 79651589
192200011053 79671993
192300013008 77876886
192400016269 85693370
192500011407 77881550
192600008327 76436506
192700019499 89902042
192800009108 73912976
192900014258 76150232
193000013491 91372140
193100014202 71363143
193200025111 82046944
193300018438 78914511
193400013413 76407308
193500029655 90761035
193600012054 71055689
193700015277 75401970
193800002997 84363466
193900006617 76763423
194000014055 80222635
194100019831 79278937
194200011797 76173944
194300030509 86091331
194400012875 74742936
194500014414 75731275
194600006521 80084231
194700015026 78891209
194800020815 82256967
194900013328 78511936
195000014613 75728764
195100028722 92144820
195200011007 70209331
195300011052 81382562
195400011596 74415254
195500024670 78755755
195600016010 80346691
195700010848 77858563
195800021404 84932557
195900012701 76162867
196000025158 74751060
196100012079 81468376
196200012586 79057299
196300027749 82851595
196400024454 78470728
196500011406 75109202
196600010362 78825099
196700013536 79279296
196800020478 81884336
196900020519 78769553
197000012338 76322294
197100006647 84332178
197200012123 75994239
197300027389 88004022
197400011233 70617503
197500014510 75615281
197600009269 84729621
197700012446 77413134
197800023324 86905915
197900010053 75192220
198000024407 82983509
198100014717 76298850
198200010267 74026089
198300010100 86444699
198400013605 77662440
198500006363 91617199
198600011300 69846354
198700012652 75202278
198800007529 81611353
198900009073 78604146
199000026715 85780577
199100013958 76378038
199200012370 75277666
199300008751 90904436
199400012353 70612263
199500013187 75647321
199600007473 81794725
199700014014 79296173
199800028201 84955322
199900013404 73519288
200000026772 75026250
200100014682 81261333
200200014264 78158945
200300004867 82513444
200400012514 76760188
200500005992 84458215
200600015042 76647481
200700153931 80194488
200800011241 79214309
200900014130 75741064
201000010330 86949587
201100012785 74160400
201200021397 84815834
201300013175 76756222
201400011294 75399382
201500028663 91582197
201600012800 70513845
201700011839 75484457
201800012408 82451299
201900005737 77440565
202000028758 90071868
202100008443 69880068
202200024663 77172583
202300015957 81104886
202400015110 75704313
202500007543 88327470
202600012980 73610875
202700025911 77333699
202800019666 80935034
202900014366 78858480
203000019576 83702403
203100011987 77657548
203200012205 75407547
203300032297 89894011
203400013089 71041089
203500022348 86510056
203600012645 69569009
203700012666 75748608
203800013807 81885997
203900014463 76783372
204000011269 86659059
204100015492 74832330
204200013563 75831356
204300019679 81393920
204400120533 78525641
204500015849 84656139
204600011195 77128376
204700010394 74495296
204800006282 86820028
204900013060 75492334
205000028078 86156173
205100012045 72498439
205200023471 75899085
205300015771 81578403
205400022614 75050678
205500010990 79701197
205600006014 77003822
205700023933 86905128
205800014554 74214423
205900011465 75648902
206000014321 80686554
206100005569 79004868
206200004978 90522014
206300011926 69290018
206400012243 75632969
206500013042 81787374
206600013553 77185426
206700026487 88457107
206800009564 73105793
206900012885 75728211
207000009906 87520056
207100013000 74265319
207200027648 79032642
207300013205 79869421
207400013477 77267009
207500015779 86284203
207600013958 75089112
207700013041 75515866
207800018372 82023062
207900012176 77663534
208000021011 85658891
208100013898 75846772
208200013115 75610276
208300006011 83696021
208400010621 77357843
208500021437 81706022
208600025421 78316583
208700012760 76083647
208800025283 89434999
208900012639 71281788
209000023937 76219076
209100112886 81170142
209200011626 78814850
209300044434 85536514
209400009577 73301632
209500029178 77804435
209600021569 80808166
209700010961 78563054
209800017688 84458240
209900014171 76342667
210000012368 75655303
210100007180 91256468
210200012410 69784988
210300006794 81336194
210400013107 75534731
210500014128 79198218
210600020180 80656410
210700013800 77637221
210800019170 85001313
210900011948 76289012
211000012229 75948757
211100023958 92847722
211200012892 69886574
211300012497 77161090
211400018644 81270258
211500011579 76453230
211600024737 90771054
211700011517 71208506
211800011673 75665021
211900013466 83126930
212000006859 77075345
212100011081 93203807
212200013806 73009544
212300021482 80821286
212400012865 77865959
212500014294 75646363
212600013126 90337857
212700015430 71676563
212800014692 77103776
212900015192 79171819
213000023859 82872328
213100021596 78636286
213200013150 75697068
213300032981 89305648
213400010344 72168594
213500020165 79290176
213600017901 79090249
213700013702 77344880
213800032059 86909263
213900011208 74729702
214000011429 75465882
214100007083 83272415
214200014419 77812865
214300025317 82359676
214400019550 78599381
214500014792 74216536
214600009318 84389725
214700007167 77391241
214800028071 80051645
214900015874 79500669
215000006418 77003324
215100007505 91316123
215200012314 69448018
215300012835 75749996
215400004950 82472665
215500016613 79055121
215600007366 89258187
215700007529 69258717
215800025594 79088227
215900011234 80153668
216000013210 77449002
216100019150 85941131
216200013987 75586126
216300010231 76190962
216400007704 90881822
216500012766 70562054
216600024185 79648331
216700023282 79309753
216800012176 74994562
216900019714 81074064
217000011399 78655579
217100006968 86657996
217200009940 72808070
217300028263 77515776
217400017096 80462447
217500013175 79129946
217600021458 83804749
217700012419 77658356
217800012747 75819167
217900029730 90900117
218000011519 71038592
218100024929 81435719
218200020326 104633803
218300009329 75227357
218400010376 89677078
218500012419 71565520
218600025318 81407107
218700022823 78264887
218800013878 76425684
218900022466 89018562
219000012609 72690893
219100027104 76338094
219200018762 81605983
219300012002 75165938
219400008466 82599039
219500014147 78464655
219600027545 83164614
219700022282 78113350
219800014028 76188012
219900003650 86874597
220000008584 73424685
220100026170 78553537
220200017598 80678288
220300011987 76792803
220400011309 86829232
220500006482 73032355
220600020567 78003473
220700019120 79993126
220800008653 77785197
220900018862 85741184
221000014059 75472838
221100012565 75338767
221200005043 81308491
221300011419 78183033
221400028664 82933278
221500012394 78001671
221600012997 75243489
221700003227 80894829
221800014590 79160554
221900024433 82724226
222000020379 78906737
222100015023 76158542
222200020953 89723554
222300012996 72084035
222400012372 75764762
222500007540 84741367
222600015470 76228877
222700017455 80210333
222800013346 79623351
222900005744 77021771
223000004909 83917273
223100010889 75482391
223200018865 80425178
223300013367 78803173
223400015622 77569164
223500025264 87985318
223600014084 74162247
223700026439 75452075
223800010827 81687412
223900014162 78933474
224000022750 89455765
224100013726 71728561
224200029823 79965873
224300022378 78290842
224400012796 76033473
224500021565 90092742
224600013248 71752045
224700016827 75496093
224800014374 83498564
224900006015 76839831
225000029427 87539973
225100013165 74463261
225200013971 76274760
225300010440 79961926
225400013411 78042939
225500029132 87280533
225600013415 74751423
225700014726 75614443
225800008024 88419506
225900010352 73168022
226000020112 82345910
226100013427 76748937
226200022563 77271017
226300023663 80285310
226400013628 81983773
226500009420 82515035
226600012641 78310551
226700026699 85508757
226800011450 73859066
226900014036 75687893
227000006532 87799484
227100011987 73428774
227200016463 78803301
227300018582 80266009
227400013759 77506825
227500013349 79601854
227600012445 75892175
227700020921 80226381
227800009932 78516533
227900015452 85055424
228000012474 76447239
228100031141 87047508
228200013844 68786093
228300021597 78851256
228400025948 80451088
228500012598 75819308
228600026774 91428036
228700012038 69627368
228800015509 79794704
228900010625 79157886
229000012801 77084121
229100024796 87852903
229200013182 73531726
229300015433 75498820
229400009518 87448473
229500015344 72476666
229600025758 87023471
229700013371 72439025
229800013775 75307681
229900005908 86057447
230000016195 74874930
230100024351 80037120
230200008868 79034224
230300013511 77280598
230400030019 87883698
230500013545 73891758
230600024649 74571402
230700013714 81365923
230800013363 76299463
230900007460 90809008
231000014232 70935234
231100026231 76519692
231200014271 81275888
231300013013 77411389
231400009231 87896748
231500012356 73010416
231600019826 81968548
231700013172 76904608
231800027462 78492761
231900023338 78291467
232000019450 79352859
232100012084 77272236
232200013145 74528552
232300005400 86742939
232400013983 74720361
232500027074 80063572
232600012287 79428605
232700015150 74344741
232800007511 85567817
232900016669 74602417
233000025677 80430935
233100015598 79162559
233200013258 77186098
233300025215 88221176
233400013046 73772957
233500014328 75768151
233600013281 80136027
233700011126 79261566
233800008661 87971533
233900012743 71068375
234000024316 76731289
234100019370 80889151
234200008066 78910086
234300015822 84486377
234400012351 76634468
234500011546 75450122
234600020698 82445291
234700010987 78157685
234800019004 84785402
234900009459 76359166
235000013766 75749731
235100010186 89694235
235200013770 68685906
235300022036 82194811
235400025599 78555820
235500012824 75813962
235600032984 89482495
235700013135 72502325
235800012857 75294241
235900020073 83998925
236000008570 78002717
236100024204 85295283
236200014156 76047444
236300012381 75701198
236400004408 90922279
236500012104 70760905
236600028264 76608439
236700018616 81877360
236800014391 77556472
236900022262 87563857
237000012170 74225959
237100011472 75465472
237200009754 80678909
237300012765 78233809
237400007255 81925844
237500010787 76452886
237600016620 79099971
237700013353 78071341
237800019037 79075451
237900014004 77573858
238000023374 85644198
238100012102 75474822
238200012018 75128066
238300005446 81705628
238400005350 77071186
238500010417 90237831
238600012672 70408798
238700026013 75703426
238800010332 81450945
238900015862 78743640
239000018888 83885599
239100012953 76763543
239200012351 75763983
239300029039 91533932
239400013345 69984872
239500014860 78845817
239600012164 79393481
239700010096 76032368
239800026425 92276504
239900009858 70371702
240000013294 75813897
240100010328 82227301
240200014251 77852031
240300021675 85518622
240400013063 73378054
240500012810 75150528
240600013225 80305588
240700013409 76696063
240800029453 89811250
240900011965 71400122
241000025350 76296517
241100012165 80857856
241200012354 79416899
241300022703 83948548
241400014507 77048582
241500012811 75225144
241600027774 92170119
241700011424 69665015
241800024115 81335925
241900019750 78305351
242000012163 76456157
242100011437 80518732
242200011941 77382299
242300015765 87283171
242400013600 74669509
242500026783 77403154
242600016022 80877656
242700009357 78193883
242800020419 84877332
242900012635 75630113
243000012583 76023547
243100006858 81938311
243200012503 78103501
243300025795 82386430
243400013247 77813104
243500013186 75197458
243600009933 81204494
243700013049 78783039
243800021159 83780451
243900011545 77029490
244000014536 74640875
244100024628 81480649
244200010621 78163673
244300021623 85589871
244400013807 76367290
244500027550 84144248
244600014145 73098076
244700022744 75734997
244800014858 81124846
244900010970 76812669
245000024237 90099154
245100064868 71709205
245200014812 74939125
245300008310 84222710
245400009159 74894328
245500031157 89617331
245600011982 70503550
245700022525 82617023
245800011429 76102231
245900011048 75150856
246000008899 89793969
246100015003 71690524
246200026306 77130531
246300014403 80744914
246400009064 75829998
246500005080 87968801
246600009019 73337849
246700025721 84615252
246800011970 72608289
246900025139 80422312
247000013846 78224838
247100013168 75402315
247200026593 91196659
247300011710 70835349
247400019734 80604049
247500013924 76903741
247600012634 74534157
247700010805 85238013
247800009104 75483680
247900023130 83136067
248000064421 75964216
248100022819 79569984
248200013194 74662926
248300014507 75186465
248400005236 83117228
248500013115 77138957
248600019762 82290344
248700020902 78105505
248800011970 75957248
248900014249 90179763
249000013702 71641349
249100011811 75436707
249200007677 84678398
249300012452 76729404
249400023991 81732172
249500016290 78160427
249600013453 76414985
249700031665 89674633
249800013209 71556044
249900026216 76771497
250000012719 81460176
250100009669 78980324
250200007973 84532423
250300011872 76968664
250400012531 75792122
250500029068 92133999
250600011742 69635008
250700025798 80939637
250800015627 78779059
250900015029 75443225
251000015704 82188525
251100008550 76558615
251200021976 87055190
251300014879 74660093
251400011344 75899864
251500006929 88180330
251600013234 73036055
251700021035 78143095
251800020448 80402536
251900023825 78009448
252000016027 79735525
252100014494 75959766
252200033381 91029801
252300013909 70221066
252400021348 83786784
252500013594 75981078
252600013370 75280621
252700006487 90032186
252800013744 70805013
252900024344 77171552
253000022839 80561725
253100011223 77749253
253200022778 85447205
253300012850 75545445
253400012848 74330096
253500012172 83613487
253600013980 76469832
253700027403 88420843
253800014646 72986002
253900014177 75540374
254000027863 81081133
254100012753 77854969
254200026794 85285127
254300014616 74914208
254400014266 74954674
254500009021 86927341
254600013288 72985190
254700013108 75516013
254800012448 78631916
254900021394 84247059
255000015131 75707754
255100011787 74187669
255200015558 80670560
255300012931 76406324
255400032287 89884368
255500010838 70440034
255600013515 76035254
255700010946 80707106
255800013442 76515680
255900031341 87085610
256000013090 73596618
256100013038 75421622
256200004903 85956082
256300007881 74706054
256400023301 80051743
256500014528 79072201
256600013890 76389139
256700026463 88765133
256800013108 71936709
256900013399 75078448
257000004665 84046981
257100014645 75997508
257200011234 81134357
257300017149 74747254
257400027017 80201153
257500019450 78736536
257600006726 76254320
257700005209 87510238
257800010992 71917089
257900026186 78424056
258000012081 79852381
258100013641 76459338
258200013799 90137356
258300012036 68714046
258400022991 80292133
258500021246 78695643
258600013136 76553372
258700031718 89304473
258800007792 70826452
258900014407 75518445
259000008476 82706941
259100010826 77107819
259200020343 83123583
259300012652 77015917
259400024911 82271543
259500020373 78703249
259600014714 76087782
259700007044 83487421
259800010969 76219698
259900031635 84975556
260000014633 73217438
260100012282 74966600
260200012934 86549641
260300013697 74469300
260400021441 79648005
260500020612 79153488
260600012153 76886698
260700026811 88513237
260800010924 72838131
260900012483 74881588
261000019253 81319663
261100013552 78723530
261200016496 84367596
261300013059 75950548
261400012709 73864694
261500007030 83048342
261600009552 77312650
261700029514 85796362
261800014764 73765522
261900009297 75148065
262000026669 82538302
262100011996 75609577
262200013770 87158610
262300014099 73227042
262400013975 79021722
262500010345 79821173
262600012435 76772779
262700029144 87764229
262800013291 73235047
262900023616 75311073
263000020091 81029783
263100015942 78117421
263200021010 85210053
263300011809 75339932
263400013183 74562212
263500007434 82443079
263600008190 77099134
263700029567 82885431
263800013445 77502138
263900014895 75084219
264000009016 83976049
264100007773 76645435
264200007197 78918036
264300010042 77518229
264400019059 83557158
264500012252 76475632
264600060982 75689341
264700005809 86924676
264800013608 74100145
264900022420 79622429
265000009190 79130923
265100012814 76889082
265200027263 88545695
265300014137 72740156
265400012190 75467991
265500009079 84914718
265600006303 75237079
265700021458 81496208
265800017058 78627296
265900012363 75665818
266000008839 80991846
266100011315 78940313
266200005098 93322945
266300013629 68739552
266400025055 79683562
266500024073 78174713
266600010691 75706688
266700020145 90933472
266800012732 70406539
266900026158 81805098
267000023287 78549795
267100015051 75695495
267200004882 90242510
267300013655 70520062
267400023398 77276883
267500018534 80723315
267600012986 76727601
267700031096 92281592
267800011985 68890030
267900025091 75517165
268000011191 81174942
268100012038 78266265
268200034191 90804587
268300012798 69326369
268400001874 74980741
268500012341 82040928
268600014690 76551484
268700007468 87550618
268800010541 71356168
268900029246 78268607
269000014856 79903733
269100012161 75650561
269200005956 91356304
269300012549 69028961
269400028761 76592300
269500019503 80659814
269600009420 77837831
269700012535 86980242
269800012846 73364079
269900025483 83428005
270000013664 74442637
270100025112 78794431
270200023686 78336510
270300011050 75247925
270400026360 90805838
270500012014 69273394
270600019162 77989539
270700010904 79139555
270800014145 75475859
270900005372 90563959
271000014143 69919704
271100021186 76811277
271200018252 80417707
271300012066 77112489
271400010641 86345757
271500012280 73678636
271600009492 75270071
271700014277 82417526
271800007756 76637171
271900034268 87888818
272000013684 72375659
272100036368 75455065
272200018431 80564746
272300013117 77689771
272400019276 90085855
272500013087 68296656
272600024087 75945337
272700014871 80561303
272800012427 76601193
272900006550 84386001
273000013617 75669244
273100025762 81273630
273200019233 78341092
273300013233 74662969
273400007212 87646344
273500013272 72309331
273600020557 79448905
273700011711 78654747
273800009352 76743633
273900014693 88573800
274000012961 70067780
274100012811 75148498
274200005379 82234850
274300012063 77385847
274400020289 83791373
274500011586 75766607
274600013759 75242933
274700014076 79379732
274800013343 77669269
274900024495 87730374
275000013009 72451778
275100011218 74622911
275200017334 81275755
275300013011 76649761
275400017173 84061529
275500013628 77385635
275600023465 86282064
275700012821 73699029
275800011966 74908985
275900011445 85065344
276000007978 73689379
276100018880 84007549
276200012736 75853492
276300012124 74925318
276400008548 88133955
276500009565 71801343
276600018304 81656535
276700012366 75558152
276800012482 75487082
276900004430 90047119
277000013362 70354722
277100026064 77829870
277200015759 80176413
277300013752 76625974
277400030889 87726015
277500011565 71821987
277600026715 76094241
277700016729 80597845
277800014988 78532326
277900004261 83142279
278000014026 76824979
278100020470 89590152
278200013852 71605782
278300014575 74937608
278400011852 82315250
278500015626 77298446
278600019243 84085636
278700013120 75624592
278800013440 75339800
278900005608 84070992
279000007475 75893531
279100031448 84690165
279200012865 73927519
279300025821 75975941
279400027248 80669697
279500015141 77317480
279600023948 87276176
279700008372 73239066
279800014499 75188965
279900007188 84466828
280000011877 74681500
280100021327 84670493
280200012632 75189336
280300014044 74840063
280400005962 86587291
280500015550 72591935
280600028337 80531215
280700019454 78219056
280800013462 75996844
280900021619 90215164
281000012953 69736797
281100025257 92799158
281200014001 70429757
281300012660 75955829
281400012829 80984036
281500014997 76495969
281600005505 88324596
281700007622 71353127
281800021705 79027322
281900014408 79323045
282000011322 76558880
282100012154 79281601
282200015385 78609235
282300022226 84367275
282400014161 75654742
282500023760 76699721
282600012847 79507028
282700011537 76583294
282800085805 81012177
282900009420 78475863
283000010765 82483263
283100010505 76271626
283200027658 79219801
283300013266 85251315
283400012833 72789809
283500014619 81098334
283600013753 79099776
283700003614 85289007
283800013827 74454921
283900026841 81137121
284000022008 78286968
284100014331 75303365
284200018718 91317009
284300012734 69328958
284400021608 82696529
284500012024 75163551
284600011965 75879169
284700004578 87121912
284800014252 72956279
284900006919 88344261
285000009595 80816559
285100020333 81257940
285200019454 78760017
285300012887 74140312
285400003714 80829834
285500015533 78586610
285600023331 88546704
285700013659 71095034
285800013990 75522265
285900009425 80855589
286000010315 78768220
286100016163 84319896
286200012798 75515078
286300009197 75542314
286400006831 88129068
286500011568 72004065
286600023894 79227397
286700012733 79011115
286800020945 76618084
286900014233 79265979
287000012113 76851207
287100008318 87716858
287200013870 71511560
287300029350 79472829
287400012654 78787773
287500016485 76624438
287600024400 89135532
287700013602 71253232
287800012622 75310871
287900005200 81258083
288000014246 76453401
288100025057 89001610
288200012586 72007795
288300025480 75940586
288400020559 80249979
288500014085 77509485
288600020191 87443879
288700010036 72991365
288800012663 75322285
288900015109 80544337
289000024424 78591961
289100012223 78106790
289200009813 74232290
289300007960 85190700
289400009083 74771782
289500030820 85396386
289600011646 73747257
289700009830 75479387
289800013875 85799517
289900014789 74331286
290000023316 81443709
290100020136 78142625
290200014411 74796237
290300008272 86748149
290400005111 73593986
290500029088 80764946
290600020506 78498327
290700010653 76421214
290800006601 85461958
290900013362 73587914
291000025908 80793718
291100017929 78643550
291200015574 76383125
291300030118 91312378
291400013390 69579335
291500011315 75657340
291600014892 80902205
291700013945 75991113
291800011775 87779047
291900015075 72496724
292000025283 79992253
292100013484 78687920
292200011311 76980834
292300025652 90171452
292400012985 70984796
292500012786 75455779
292600009279 81007771
292700016249 78576276
292800020194 84441736
292900014211 75804312
293000012772 75614423
293100008524 88157007
293200012029 70925965
293300020837 83635732
293400013344 76467066
293500013543 75745951
293600005841 90551551
293700012110 70465412
293800028579 78298671
293900013811 80118292
294000023959 77190023
294100012887 79599747
294200012510 76975393
294300008970 81118301
294400014868 76165005
294500029727 88432925
294600012991 72140745
294700012183 75542032
294800014745 82192125
294900014344 76507288
295000026564 88911006
295100012330 71715467
295200014668 75359804
295300012337 82579910
295400014093 77281358
295500020364 84138508
295600013283 75245461
295700013642 75243337
295800005700 83422794
295900006519 76110400
296000024068 82886131
296100011275 77351791
296200012958 74636921
296300011516 83782712
296400004375 77040753
296500006055 89877905
296600013564 70718904
296700021302 78298080
296800014557 78493654
296900026395 76133000
297000027358 80003084
297100014205 77510618
297200003779 81048480
297300012894 76457551
297400024427 83312278
297500011642 76885638
297600013767 75520347
297700006996 90559312
297800012265 69882741
297900027260 77946140
298000010573 80584802
298100014334 75309240
298200006601 92353339
298300014858 68459275
298400022308 86171946
298500014170 75627851
298600002832 76401251
298700014528 81015253
298800012084 78587469
298900018692 85555082
299000009919 75035681
299100015226 75377239
299200007804 86449145
299300012188 71312155
299400024347 85542201
299500010581 74728723
299600010046 75742527
299700008415 86256173
299800010940 73709400
299900025227 80621868
300000015443 78372483
300100012351 76203206
300200014035 85472780
300300006057 73414981
300400021811 83800652
300500013772 74682109
300600012696 74202613
300700012500 81169661
300800014158 78669388
300900024462 85707981
301000011582 74770322
301100013447 75686122
301200012168 86301687
301300009968 73764630
301400026209 80912919
301500015430 78469553
301600013485 76208730
301700014366 80214758
301800008787 76976382
301900004348 85574236
302000007971 73999505
302100021650 81340610
302200024215 78291143
302300010890 75795429
302400114039 78950466
302500009788 78051819
302600026628 85718361
302700013158 74179997
302800005364 76915939
302900006408 75707369
303000005966 86628066
303100014807 70722276
303200013467 78272437
303300012044 79284400
303400015245 76899754
303500018799 89101213
303600014403 71368105
303700013361 75466777
303800005745 81657034
303900013489 75275720
304000021068 88901986
304100013183 70952886
304200022179 83176453
304300011852 74494562
304400010342 75517169
304500007230 85396108
304600013393 73921453
304700026686 80550016
304800020727 78358275
304900011937 75269064
305000022058 83399618
305100011824 74697727
305200003949 90523832
305300012826 68955553
305400022376 77792103
305500016126 79857857
305600012159 75145534
305700008383 81767776
305800013984 77294372
305900013180 87541011
306000012814 70257144
306100011483 76048968
306200019094 79600785
306300012236 75903534
306400011336 78369979
306500015785 77929766
306600023831 84719120
306700011892 74529688
306800010695 75332727
306900007641 85765653
307000015957 73503010
307100023172 80489731
307200018553 78322581
307300023694 76885808
307400013318 78226565
307500019158 78197955
307600013686 79160393
307700013193 76025718
307800018105 89156360
307900013143 70536791
308000023740 79031119
308100009961 78224218
308200013435 76782734
308300012644 77904473
308400011815 78533792
308500030304 88706334
308600009898 69959753
308700013624 75026007
308800010768 80771958
308900010249 78125980
309000024687 85266596
309100012908 74167968
309200014874 75444422
309300008304 85029634
309400014222 74219667
309500027340 80987776
309600024292 78129898
309700013095 73566279
309800016453 80112739
309900014838 77236859
310000028991 87160369
310100011857 72670664
310200013041 75207320
310300013049 82407464
310400017609 76461602
310500022538 82924742
310600013798 76474973
310700012714 75070923
310800004214 89934152
310900013233 69860790
311000025182 78307947
311100013553 78997666
311200011855 75244264
311300005824 87871345
311400013430 71824717
311500019244 82619027
311600012713 75141644
311700012089 73832988
311800121953 80966453
311900008805 78105055
312000023394 89516961
312100011683 68502566
312200024250 76045586
312300017097 80410954
312400023745 83348655
312500016971 80641245
312600008051 76981137
312700026544 91558362
312800014400 68312266
312900023330 76072042
313000017834 80822913
313100011430 74254533
313200004274 83245927
313300005817 75878815
313400026567 83074458
313500012664 74658314
313600022185 81022554
313700013362 75465124
313800011727 74202708
313900011793 80783228
314000012501 75288277
314100013977 80685047
314200027643 75957318
314300022103 80001220
314400013409 77425949
314500031679 87275523
314600013204 72967980
314700011955 74918994
314800014883 81863681
314900012186 76386377
315000008211 79288360
315100012842 72744383
315200006770 80911765
315300028754 76500200
315400017335 80706163
315500007351 77529123
315600031126 86475170
315700013123 73183131
315800012022 74790102
315900021109 81411150
316000013304 73864800
316100012291 90271262
316200012838 69407611
316300026119 77615068
316400014344 79954428
316500009508 75972935
316600007387 89729766
316700012849 69786549
316800027103 85337678
316900012510 70423108
317000013130 76285945
317100018601 79761622
317200011489 75248532
317300015988 79621068
317400014036 78145343
317500023962 85270811
317600013974 74415223
317700012875 75407488
317800005887 85622658
317900009545 73519904
318000024307 80988465
318100022879 78070533
318200011941 75379506
318300031502 91417168
318400016305 66097993
318500025217 81505693
318600011973 77936918
318700013023 75077905
318800015887 78615202
318900012692 77475995
319000031754 87248218
319100011141 72545910
319200013448 75105195
319300005017 82618411
319400013062 76317393
319500028490 82884788
319600013381 78006800
319700012545 73123435
319800023062 80337802
319900013306 74673450
320000012070 82413012
320100015382 76591913
320200031613 88610104
320300014534 72186110
320400012467 73689784
320500007624 82257187
320600015388 76485536
320700020418 83166037
320800013783 74714843
320900012875 75263651
321000015022 80458044
321100007086 76997122
321200025317 87912529
321300014160 72273881
321400014257 75068893
321500010812 82245617
321600014878 76390273
321700020413 83757999
321800010421 75846523
321900013657 75348185
322000007980 89101790
322100010792 70486196
322200006201 83940506
322300016555 72056216
322400020978 78996508
322500014723 78594412
322600013866 76502129
322700020639 89657241
322800012924 70277333
322900012052 75529785
323000011444 80693058
323100013016 76902808
323200024715 89854940
323300011601 69959908
323400020877 81060811
323500014296 75157831
323600013876 75110131
323700015126 79760413
323800028065 74147114
323900014725 81032899
324000009031 77832141
324100024772 85994952
324200013065 73820100
324300025919 78685005
324400020199 77994415
324500013898 75917256
324600029996 90907713
324700012374 69099974
324800019454 87993896
324900012457 76144033
325000013054 74980231
325100004553 89419703
325200012377 69892348
325300028448 78031401
325400013119 79243705
325500013787 76732635
325600024179 87982876
325700012595 70544096
325800027274 76982428
325900015835 80010384
326000011780 75416791
326100008147 91082032
326200013174 69018603
326300025546 77000120
326400017101 79770221
326500011014 77547251
326600030181 86517214
326700013060 73004238
326800018303 82127432
326900012303 74815242
327000021471 81727087
327100013871 75263798
327200013861 74830857
327300007998 87414986
327400010810 71862733
327500030350 88033407
327600013323 72911067
327700009017 75352560
327800019114 81650411
327900012893 76189523
328000007327 91588046
328100013433 68038942
328200026592 76294703
328300018920 80567487
328400012571 80069700
328500005188 90112846
328600012618 69693647
328700020720 81448222
328800011271 76012519
328900013346 75540180
329000010108 80395032
329100010455 75415796
329200027158 88780508
329300012279 71242297
329400013171 75009089
329500013116 81005992
329600016807 78288588
329700018659 84396381
329800012775 75035145
329900025619 82531445
330000010993 76546993
330100014718 75431794
330200019283 83232658
330300013199 76884198
330400008008 85104292
330500013051 72551507
330600016054 79902285
330700018406 78642478
330800013625 75590794
330900011623 83096885
331000021832 77125963
331100014426 78446242
331200014337 75074082
331300007876 88093893
331400010768 71495688
331500013744 79875582
331600021237 78098273
331700013895 76554733
331800024449 90712742
331900012317 68890290
332000026447 75561788
332100016661 80535968
332200013147 76547213
332300006941 92000618
332400011717 67529261
332500025839 77650798
332600014188 79918247
332700031703 87394768
332800012577 71489300
332900014923 75296736
333000003770 80993948
333100012038 78116083
333200017753 84156484
333300012740 75211780
333400012681 74982342
333500007238 86432069
333600014392 72732971
333700024946 80779340
333800013793 76259272
333900012986 75523776
334000018975 79458667
334100014935 77990603
334200010750 90643983
334300012589 75046419
334400011469 80067729
334500069742 78612919
334600016015 85443523
334700011768 72391928
334800026927 80730073
334900011797 77715220
335000012901 75148958
335100012405 81573796
335200012331 76095686
335300032219 86839663
335400014348 71691457
335500012042 75289884
335600005780 80637151
335700013260 78177344
335800023045 84196547
335900012594 73120983
336000001938 75294647
336100015237 80522653
336200012711 78132310
336300024734 89034335
336400011986 68681631
336500027385 80871877
336600012701 77914538
336700012354 75035705
336800004497 90161408
336900011596 68888015
337000026803 78165236
337100010713 78963860
337200015462 75401704
337300009793 88232921
337400014713 70825335
337500022669 79340514
337600020398 78610101
337700014035 75995790
337800006160 85242058
337900015124 72203983
338000027261 80581313
338100021382 77868159
338200014304 75719787
338300005684 83271068
338400008347 75576616
338500020813 82678317
338600012456 74653482
338700012140 74939345
338800012526 82341266
338900014091 76341223
339000021835 87990470
339100013564 70705891
339200016857 75362759
339300009705 80570118
339400013483 78584334
339500015229 83860484
339600013107 75445109
339700011995 73740559
339800010441 80840614
339900023135 78749975
340000018779 81175854
340100006060 76537486
340200009318 80157801
340300013557 76979525
340400017237 84164110
340500012996 75274892
340600013943 75481832
340700006268 88039236
340800016159 69695659
340900025130 87394189
341000012703 70327930
341100022388 82143483
341200011475 74965682
341300013943 75088360
341400003695 86136984
341500014297 73410166
341600024077 81548030
341700023408 77832002
341800011803 75467735
341900026046 91870837
342000014674 66188107
342100027257 81235201
342200012259 77917910
342300021088 92397652
342400011909 74263614
342500012966 74720729
342600006664 84926643
342700014843 73824236
342800018763 82113662
342900010376 76836457
343000012959 75317956
343100006255 90369046
343200014417 69030085
343300025370 77216951
343400014752 80074259
343500014272 73668482
343600011148 80874930
343700013518 75954508
343800019663 89425012
343900013444 70514197
344000022382 83647325
344100015480 74062948
344200013231 75380639
344300005379 84325990
344400008294 72969678
344500028772 86234735
344600013876 73197586
344700019242 78528996
344800020889 78961706
344900013472 74398405
345000006100 88367922
345100014558 70876943
345200014686 79613295
345300021444 78327523
345400009641 76456274
345500029673 89862296
345600010998 69757496
345700000625 74640163
345800017190 81636331
345900009192 74495224
346000007645 86513007
346100014586 72662039
346200021025 85078861
346300015414 73910954
346400012779 75390873
346500007307 85317312
346600014060 73924403
346700030374 81299544
346800022761 78212618
346900012053 75365551
347000032029 91948139
347100015002 66440989
347200026238 80934467
347300024477 77940918
347400012226 76073597
347500028202 90376410
347600012288 69583220
347700026211 74893845
347800012602 80903579
347900007006 77953823
348000019995 85721161
348100013729 73952204
348200012371 75431931
348300005584 84514671
348400003618 74527784
348500026472 81145250
348600012350 77636053
348700012733 73078517
348793410673 72808031
