100089324 67701.000000
200432990 28038
300375158 109488
400146940 73672
500422288 168731
600375738 173595
700381077 97600
800204358 138027
900388725 192721
1000383936 206389
1100411935 129927
1200401692 237136
1300306874 96300
1400271330 135662
1500253336 94128
1600193366 344554
1700183914 503576
1800152314 643699
1900123491 731864
2000157514 782463
2100443995 1737641
2200397598 108357
2300411828 162819
2400431814 405742
2500438814 140929
2600401042 50808
2700398271 138858
2800422765 366079
2900415146 166620
3000395907 67385
3100381037 183517
3200428509 84298
3300420519 99206
3400323700 243131
3500249572 239403
3600270007 317556
3700162393 1145277
3800207847 2533177
3900254493 3374681
4000447252 208289
4100433696 39301
4200540078 168221
4300445726 746286
4400416298 200295
4500203970 37953
4600474356 81013
4700471051 212887
4800486123 636772
4900483586 39886
5000472833 42581
5100464069 241769
5200464215 46140
5300468913 46350
5400408003 266476
5500488917 52901
5600487706 42584
5700418755 52254
5800439052 49577
5900486259 295823
6000398428 46011
6100444960 51698
6200422970 53894
6300440033 69035
6400225410 344267
6500414252 99278
6600635114 108468
6700440087 160961
6800426943 199732
6900239998 405157
7000185660 969967
7100224036 734042
7200225539 784809
7300211839 930252
7400213564 940713
7500191747 1058038
7600218499 1094618
7700223091 1166633
7800224469 1269404
7900195764 1189475
8000199414 1583042
8100199188 2050186
8200206002 2700941
8300201855 3648157
8400203278 4466705
8500304466 3660791
8600501096 572781
8700528252 39903
8800525788 44214
8900306738 843211
9000527425 919975
9100516654 1000454
9200542186 406008
9300533357 33605
9400533871 47338
9500526052 46613
9600557549 44767
9700460511 56487
9800510503 417050
9900550087 154434
10000556689 55278
10100456948 88739
10200720529 76299
10300508788 113657
10400581866 87552
10500391672 153018
10600534812 524321
10700341156 218980
10800561315 187172
10900364745 246934
11000480159 250267
11100358633 208204
11200328328 328139
11300549522 187734
11400352440 376654
11500589749 724586
11600302913 400142
11700335448 394343
11800613959 269459
11900298995 350991
12000337035 383034
12100354450 257841
12200312565 275109
12300343773 486613
12400349785 500254
12500535335 328147
12600327639 515199
12700326527 506778
12800344779 515387
12900342705 962400
13000414434 305397
13100387126 395401
13200346565 450366
13300414145 326131
13400341859 350796
13500333820 510219
13600508361 399216
13700402349 333636
13800323138 557961
13900343364 619822
14000371770 586076
14100479602 540517
14200591738 552735
14300336217 608696
14400346884 623924
14500318270 610190
14600326902 528596
14700354776 1219604
14800364926 648805
14900369457 624546
15000391839 592680
15100325890 565472
15200342188 679783
15300390243 682280
15400358919 678589
15500442218 593030
15600368336 644962
15700357036 674737
15800342049 683605
15900365780 647767
16000431643 552215
16100376728 666511
16200343103 711523
16300356378 702872
16400359181 686461
16500400914 641116
16600366209 654907
16700391671 722364
16800374817 704727
16900394748 709246
17000387951 674507
17100372847 630080
17200393750 676721
17300407338 654310
17400401789 599755
17500456972 1133928
17600350140 535467
17700382429 703861
17800409408 670830
17900387932 614457
18000401071 544062
18100378831 555068
18200393652 711442
18300382649 719289
18400405692 636045
18500411977 609717
18600464089 530106
18700393542 797338
18800391345 741125
18900410471 738401
19000392665 865905
19100394293 1035814
19200393474 1606081
19300360062 2339158
19400353717 3411385
19500351809 3956097
19600360488 4844230
19700361838 5118939
19800347810 5165090
19900361644 5327922
20000791658 4774678
20100426397 1054978
20200709246 899170
20300715085 35317
20400621777 33858
20500572980 1049428
20600602975 798876
20700487825 1195808
20800722364 508990
20900713893 29204
21000699645 187052
21100704740 754124
21200720726 29423
21300724745 30645
21400730899 32150
21500721367 33802
21600731218 2021829
21700688517 38152
21800729273 29733
21900701256 38824
22000724206 36735
22100702556 41592
22200715969 41080
22300723381 42298
22400696169 756144
22500721383 41109
22600728470 36026
22700734451 40529
22800739461 36685
22900741615 39406
23000726773 37104
23100718000 36433
23200627976 37849
23300724917 36697
23400732289 33430
23500733609 241551
23600741145 39281
23700746703 828797
23800754058 35949
23900745293 43221
24000501944 45190
24100749342 45977
24200741758 2375820
24300741697 43953
24400724072 34898
24500725188 37092
24600756909 38623
24700757923 42549
24800744103 42133
24900759732 42889
25000464197 830539
25100643022 140379
25200749077 57285
25300726957 44572
25400749301 54088
25500538871 2904778
25600528219 3096669
25700783332 2522111
25800528110 7928602
25900660284 1900783
26000502465 2300569
26100499163 1907606
26200499944 1944640
26300972841 1930093
26400618906 3395520
26500832883 1999976
26600706759 1997579
26700891681 2151447
26800792176 2204188
26900947021 2229037
27000813470 2355736
27100754624 2481399
27200929656 2449688
27300937525 2580668
27400960896 3018687
27500930996 3066278
27600584514 2924023
27700756889 2819149
27800808343 2571165
27900719205 2643791
28000948071 2741796
28100764410 2595194
28200986315 2590855
28300702451 2865718
28400803037 2919777
28500948915 3041142
28600712280 2598870
28700712299 2777344
28800930093 2672430
28900953291 3181979
29000689062 2966421
29100781362 2904467
29200734363 3627926
29300918660 3184075
29400719012 3199103
29500534646 3998193
29600588936 5141539
29700535264 4435820
29800548788 4232620
29900622377 4402211
30000919983 3349810
30100519368 4462219
30200981564 4302700
30300927138 4632589
30400565067 4614629
30500530744 4464284
30600770283 4149204
30700702024 3960592
30800903233 4243761
30900600177 4462054
31000634147 3948723
31100872042 3749360
31200781486 4137148
31300866616 4259464
31400791705 3415255
31500509035 4258920
31600711623 4129821
31700734908 4031125
31800609702 4196547
31900714953 3901996
32000557988 4192183
32100933931 4266756
32200716291 4835325
32300819021 4092036
32400660056 4443367
32500782745 4360221
32600736459 4087214
32700685371 2950440
32800617900 4685131
32900774247 3713929
33001002769 4097370
33100722176 3830747
33200658407 3185484
33300634988 4499660
33400932400 4096797
33500808051 3920369
33600758371 4030691
33700793419 4130733
33800939416 3984027
33900665266 3955585
34000756162 3714781
34100737138 2747545
34200945340 3656263
34300952119 3913577
34400659757 3206534
34501018102 3983338
34600924991 3870554
34700941992 3849350
34800825097 4115705
34900660394 3791096
35000896813 4294323
35100813061 3828670
35200635698 3413473
35300693438 4309347
35400675300 4232736
35500652609 4080181
35600674220 4235468
35700687927 4678914
35800910201 3869771
35900812127 3061162
36000696231 4131629
36100958273 3874484
36200729462 4146508
36300792778 4520379
36400725099 4216419
36500786370 4158350
36600672071 3350470
36700686436 4206928
36800806360 4061104
36900703953 3777784
37000677026 4199145
37100733514 3958879
37200718353 4141195
37300759480 4183374
37400923220 3903696
37500849529 3949676
37600714564 3872868
37700816108 4100910
37800914782 3907609
37900746666 4043264
38000629803 3687356
38100810153 4041839
38200680070 3486124
38300880559 4054492
38400697965 3961309
38501032532 3712755
38600978890 4008989
38700863879 3952708
38800860186 3985777
38900693895 4194594
39000971249 3932942
39100976160 3908487
39200838985 4039563
39300732208 3852437
39400795872 4064551
39500790561 4069507
39600738052 3989698
39700776002 4034881
39800780937 4062403
39900807402 4033248
40000802524 3941257
40100805799 3633711
40200884485 3799394
40300730554 4094964
40401027579 4286365
40500707224 4275556
40600994344 4037260
40700834248 4079431
40800879936 4079964
40900778329 4076993
41000768112 4138742
41100932334 4210398
41200788386 3977524
41300966673 4010864
41400874897 4120643
41500852879 3925425
41600808878 4033072
41700825914 3928237
41800783671 3761989
41900837314 3900417
42000807477 3975889
42100745475 4119611
42200812186 3898348
42300851111 3873258
42400876639 3839545
42500814702 3595251
42601026792 3363413
42700804664 3886536
42800893772 3984357
42900804464 3803176
43000871694 3939382
43100828043 3683108
43201018526 3829740
43300849224 3696585
43401060578 4046165
43501019333 4025668
43600812588 3971790
43700798397 3693140
43801097645 3734709
43901019296 3860649
44001041866 3638509
44100844367 3825400
44200984965 3299329
44300824545 3969628
44400900851 3956856
44500839146 4001911
44600846601 3944846
44700837365 3818332
44801047815 3806790
44900899194 3736635
45001011965 4129816
45100870212 3949100
45200968134 3878428
45301022751 3842403
45400882643 3982035
45500852122 3356361
45600921762 3809538
45700904925 3961507
45800958922 3956148
45901045316 4140129
46001000697 3616394
46100916183 3865599
46200836596 3733657
46300871562 3881179
46401257939 3934246
46501090093 3716702
46600909618 3796835
46700863194 3591382
46801117495 3926625
46900809948 4097674
47000935772 3679380
47100902147 3853045
47200878307 3702269
47300921289 3846587
47401156820 3954017
47500847587 4026903
47601064374 3705868
47700904147 3805372
47800927287 3704658
47900929589 3878946
48000847599 3881094
48101008136 3820016
48200882889 3938279
48300955907 3885838
48400852889 3763006
48500954268 3929641
48600855850 3748426
48700999624 3812944
48800966702 3847275
48900964933 3652032
49000941170 3822082
49101076845 3970587
49200990521 3757747
49300948574 3906552
49400890172 3704904
49500949081 3805340
49601177986 3903433
49700992046 3685260
49800927202 3946629
49900994614 3844226
50000952590 3719378
50100948432 3875992
50200869215 4001855
50301122460 3655984
50400961708 3817066
50500973121 3676452
50601190054 3895625
50701147982 4047476
50800960504 3654295
50901069857 3828460
51000906384 3704980
51101093010 3689451
51200905252 4052733
51301116176 3790084
51400982593 3877932
51500982812 3520753
51601191376 3792184
51701128736 3726218
51800950885 3454674
51901209605 3825311
52001114311 4093284
52101042447 3563204
52200906695 3766287
52301013252 3650042
52400905195 3487963
52500869792 3695343
52600989586 3706576
52701159780 3954937
52801053267 3742302
52900989351 3834231
53000986911 3661674
53101154966 3765645
53200962684 3734845
53300991277 3704051
53401005474 3639096
53501186843 3920904
53601057338 3639865
53701042818 3714368
53800865524 3619203
53901149038 3888795
54001077377 3671234
54100958016 3515659
54201250248 3759882
54301211034 4140048
54401045026 3404590
54501011876 3701422
54601049430 3698862
54701248874 4042692
54801016300 3472590
54901206696 4297736
55001201357 3651721
55100951741 3527150
55201299506 3678545
55300928679 3669839
55401052904 3855333
55501024115 3631683
55601193337 3810401
55701009526 3998817
55801065244 3559283
55901046237 3666404
56001034460 3697088
56100997656 3664580
56201072775 3753387
56301056019 3543812
56401146844 3863761
56501224423 3728769
56600941332 3644780
56701049709 3710202
56801213683 3919087
56901085084 3647366
57001058468 3379145
57101093345 3838585
57201277971 3636604
57301050213 3758410
57401050336 3598018
57501239859 3824288
57601110664 3658827
57701190237 3174851
57801100718 3620129
57901048748 3519943
58001324153 3753631
58101020090 3866534
58201098939 3572060
58301075840 3580052
58401326252 3808638
58501055704 3570998
58601092068 3850750
58701061478 3596654
58801206973 3828730
58901249346 3611571
59001071254 3722607
59101075235 3589802
59201339547 3893751
59301219984 3620907
59401117466 3683203
59501115937 3608668
59601307385 4063024
59701122038 3377145
59801091984 3608738
59901255912 3728463
60001030588 3724616
60101119315 3662606
60201120239 3576046
60301250245 3831348
60401158236 3545065
60501058101 3709063
60601107673 3580237
60701024884 3651083
60801136016 3687933
60901261896 3757512
61001378324 3574795
61101171549 3739635
61201136783 3570236
61301379555 4008301
61401132113 3359537
61501144824 3483128
61601288950 3787790
61701245530 3628043
61801139837 3432712
61901311022 3947463
62001194153 3403577
62101114534 3602210
62201290733 3736319
62301062974 3606425
62401161280 3725899
62501195778 3465831
62601167745 3521166
62701086664 3704636
62801126017 3581844
62901083530 3700492
63001182925 3642067
63101115533 3430019
63201414183 4030994
63301175465 3417792
63401167476 3494124
63501292932 3424153
63601064316 3602157
63701380163 3646915
63801069308 3829734
63901127965 3518180
64001186976 3527276
64101374439 4080039
64201134287 3341257
64301166010 3574294
64401366929 3706741
64501207107 3600727
64601156554 3648456
64701182569 3592553
64801134428 4006427
64901196317 3332348
65001196135 3492124
65101381155 4023033
65201211150 3346877
65301199067 3410601
65401209239 3524351
65501176642 3792634
65601345485 3727692
65701216142 3385367
65801026016 3578898
65901367888 3718517
66001044370 3520364
66101205405 3789635
66201443584 3457966
66301165765 3894308
66401205282 3460097
66501344783 3435868
66601349488 3528301
66701235289 3761153
66801125365 3601903
66901226154 3373246
67001236144 3458397
67101415820 3984420
67201240452 3403520
67301186648 3613635
67401376883 3744332
67501188854 3653332
67601195993 3678063
67701216164 3584642
67801424374 3831649
67901325586 3559252
68001256990 3656050
68101494871 3648859
68201147681 3944289
68301240676 3437659
68401461713 3435541
68501158062 3820018
68601267009 3541399
68701255842 3581897
68801331976 3802393
68901274730 3576176
69001152074 3157590
69101258079 3608292
69201267379 3574349
69301432563 3835072
69401359825 3531440
69501246694 3454803
69601454533 3863007
69701388692 3519105
69801258684 3471716
69901414298 3825096
70001411174 3531037
70101284760 3595270
70201544288 3714663
70301163737 3745594
70401270606 3594237
70501296158 3586362
70601421594 3796706
70701303249 3577001
70801281628 3698000
70901275613 3571013
71001185864 3972871
71101217819 3412636
71201286079 3568194
71301347935 3787416
71401306614 3566093
71501186447 3682031
71601442904 3589970
71701224895 3900113
71801301182 3452752
71901293933 3561957
72001462165 3841958
72101280889 3461651
72201294032 3443206
72301488791 3917417
72401312007 3395042
72501307118 3508901
72601534550 3890400
72701283432 3412905
72801566688 3464765
72901331325 3519753
73001247125 3486771
73101778350 3759905
73201318707 3479912
73301278663 3631869
73401608321 3641926
73501281175 3530813
73601342159 3702966
73701342366 3527771
73801351542 3962992
73901337351 3334438
74001383584 3556980
74101523318 3922620
74201320527 3331218
74301590170 3401493
74401289811 3596818
74501309561 3657424
74601548195 3577329
74701399620 3285746
74801341051 3553239
74901578194 3783370
75001339493 3486660
75101323652 3578898
75201629724 3760027
75301389773 3444017
75401327491 3478969
75501532187 3757202
75601473044 3510639
75701300682 3592605
75801606082 3721014
75901473971 3494463
76001361442 3667927
76101634824 3614547
76201237438 3550768
76301389710 3693443
76401510561 3541026
76501508618 3452698
76601273871 3531978
76701539087 3757922
76801365334 3411478
76901405079 3572212
77001581322 3861979
77101353232 3296554
77201356134 3548586
77301612312 3778000
77401370039 3475480
77501378611 3400391
77601593074 3973476
77701413274 3272631
77801393337 3547913
77901310311 3951543
78001401894 3217782
78101404194 3539305
78201583180 3972027
78301411031 3279971
78401379679 3549543
78501595540 3828450
78601405042 3423768
78701386001 3412633
78801426984 3648566
78901396873 3546148
79001677199 3520336
79101433098 3493645
79201391253 3624227
79301550974 3669259
79401467716 3502422
79501415605 3715126
79601431853 3559093
79701537773 3508797
79801350991 3591683
79901673016 3704982
80001594398 3500742
80101369909 3511287
80201317923 3738346
80301432362 3380222
80401396581 3563001
80501618813 4010116
80601452662 3215503
80701437247 3565643
80801680519 3898692
80901466730 3389572
81001407967 3471508
81101609355 4008509
81201437874 3269988
81301445765 3575944
81401420027 3390415
81501426690 3390165
81601638233 3868223
81701427941 3429475
81801493576 3572910
81901589077 3796728
82001507200 3495330
82101451870 3465619
82201560121 3766725
82301440990 3502213
82401439152 3575125
82501702384 3766470
82601472117 3486503
82701444891 3569991
82801673505 3676743
82901496436 3518710
83001473818 3711715
83101715775 3580888
83201580321 3503859
83301472686 3669312
83401730733 3637892
83501537340 3504723
83601504986 3517273
83701518792 3779539
83801627727 3436401
83901487726 3608736
84001668285 3846162
84101492825 3291891
84201479833 3564633
84301599345 3788064
84401479884 3502655
84501756639 3381740
84601493280 3442405
84701501788 3715745
84801457801 3562842
84901611825 3533837
85001528047 3519559
85101628368 3784589
85201534718 3492956
85301514004 3608559
85401640253 3670798
85501540110 3514278
85601460345 3699021
85701752173 3579800
85801537413 3434677
85901504347 3625675
86001602366 3677012
86101564955 3497379
86201824158 3423998
86301539046 3477148
86401517586 3592243
86501670354 3698297
86601549834 3487366
86701535401 3739536
86801520576 3582774
86901464393 3880883
87001507850 3436493
87101522427 3514379
87201464997 3874806
87301571606 3442996
87401504432 3511713
87501670305 3474946
87601555911 3556124
87701739219 3780605
87801636916 3484649
87901546661 3467905
88001730463 3875073
88101502998 3423258
88201503977 3519916
88301781575 3891639
88401520075 3347911
88501489687 3429528
88601708933 3549558
88701472610 3659670
88801825135 3645931
88901423728 3480977
89001539738 3759300
89101558419 3554664
89201593538 3473595
89301484380 3621405
89401826820 3664675
89501470020 3514871
89601580914 3726865
89701557302 3550318
89801628154 3504941
89901579361 3695658
90001814475 3596522
90101601810 3483386
90201576694 3642388
90301732473 3664542
90401614969 3484126
90501532241 3651260
90602047743 3622488
90701497729 3567098
90801590443 3683974
90901609818 3551643
91001467377 3883542
91101590491 3414257
91201856166 3502363
91301476109 3666629
91401606729 3605399
91501544981 3548983
91601507465 3933155
91701594027 3346591
91801599284 3489970
91901610273 3435823
92001536833 3618942
92101539581 3800149
92201590660 3241314
92301606429 3562204
92401802787 3964109
92501591337 3299649
92601583977 3565939
92701807533 3805335
92801617225 3395108
92901614728 3569821
93001532045 3527535
93101615212 3571627
93201607018 3553328
93301527023 3996843
93401628725 3294883
93501514448 3361088
93601631310 3352736
93701900841 3629978
93801507209 3459032
93901563221 3774612
94001776661 3030994
94101628211 3559112
94201842532 3680762
94301704734 3492169
94401624366 3718893
94501910578 3597538
94601697957 3471776
94701651631 3642557
94801804707 3610363
94901810399 3499815
95001641509 3588093
95101902825 3753711
95201664774 3474126
95301610783 3553190
95401896174 3688257
95501715067 3497026
95601676864 3715542
95701787684 3665509
95801682994 3478247
95901703394 3627935
96001736169 3674084
96101721704 3494786
96201634410 3552161
96301916320 3760850
96401684970 3480190
96501591424 3566586
96601922928 3695163
96701755340 3503350
96801700875 3714867
96901908764 3587282
97001834311 3487654
97101678462 3434837
97201896904 3936737
97301655530 3349243
97401703801 3573692
97501575602 3940667
97601667287 3199168
97701679226 3471724
97801610734 3951657
97901702131 3352992
98001671806 3466333
98101597104 3747115
98201659648 3553115
98301705092 3559411
98402058178 4085131
98501695120 3227177
98601701042 3488595
98701670403 3671301
98801714009 3669949
98901737048 3516803
99001903364 3515471
99101699675 3513221
99201939950 3880152
99301719213 3422724
99401653512 3577075
99501796189 3804061
99601883372 3398134
99701716832 3593216
99801951320 3774666
99901757062 3482304
100001726403 3505568
100101614542 3784391
100201718397 3503176
100301656113 3613704
100401928848 3739703
100501893700 3486319
100601699806 3407916
100701955420 4071128
100801724255 3239548
100901730035 3550106
101001660369 4106100
101101747553 3218287
101201740473 3593271
101301935377 3933821
101401719025 3367730
101501757623 3593479
101601737565 3267372
101701756233 3654676
101801983807 3685110
101901759083 3488593
102001757315 3754085
102101748497 3574005
102201780640 3763981
102301742638 3541757
102401751323 3557614
102501702368 4084396
102601748547 3223688
102701761803 3573325
102801831331 3967744
102901755746 3323473
103001770622 3517351
103101933824 3856134
103201759950 3453478
103301742018 3612572
103402047552 3825723
103501777222 3390530
103601785691 3566791
103701904587 3799572
103801842650 3493634
103901786933 3395015
104001727795 4062117
104101757535 3149803
104201780327 3513496
104301678134 3774895
104401765838 3549737
104501780669 3579543
104601701517 4141399
104701814018 3180965
104801798040 3591255
104901780423 3406418
105001779604 3354329
105101677825 4019492
105201807521 3294436
105301684412 3595774
105401823313 3199138
105501811038 3590673
105601814853 3338617
105701727147 3430048
105801772699 4083478
105901829453 3171109
106001811261 3568004
106102050328 4043392
106201811330 3202390
106301820992 3592016
106401694264 3840943
106501806191 3253686
106602042822 3637241
106701816124 3229335
106802035197 3591010
106901853831 3242903
107001845335 3470260
107101719486 3639987
107201829194 3546930
107301841079 3586473
107401724396 3944301
107501829383 3323584
107601774166 3561032
107702061493 4117459
107801845271 3169103
107901838734 3567036
108001773050 3658055
108101843014 3517831
108201948591 3433956
108301940504 3477945
108401815529 3681714
108502110388 3631688
108601842463 3445881
108701861834 3740468
108802103254 3574035
108901805970 3561099
109001865378 3666826
109101851767 3539288
109201748532 3720611
109301853122 3530165
109402206932 3825833
109501985586 3377277
109601797896 3575716
109702102934 3761286
109801922640 3460544
109901888347 3538866
110001947614 3813441
110101983291 3456197
110201876115 3503907
110302078965 3815565
110401870362 3439894
110501858620 3423320
110602032962 3418252
110701844312 3652168
110802065591 3671547
110901908990 3456609
111001856467 3721375
111102120391 3573467
111201816014 3681534
111301869457 3581020
111401922216 3561896
111501870459 3450909
111601823048 3628841
111702163961 3633182
111801769193 3480305
111901833841 3745139
112001888237 3551860
112101971841 3485448
112201902176 3737992
112302176561 3596296
112401935944 3481298
112501893748 3329652
112601954048 3425364
112701939668 3624655
112802176620 3681327
112902016031 3473539
113001836636 3674446
113102135710 3656808
113201916017 3453072
113301919042 3721126
113402183869 3588926
113501939229 3451588
113601918169 3683869
113701798380 3982682
113801929439 3232164
113902170855 3581492
114001869050 3598662
114101971424 3637272
114202149712 3565584
114302054852 3466067
114401909318 3652482
114502098742 3674957
114601985926 3455811
114701954667 3572552
114802115500 3647823
114901932690 3444202
115001943159 3482891
115102155360 3983423
115201935429 3240960
115301953245 3460509
115401947363 3446933
115501921497 3390476
115601898181 4074039
115701960722 3160043
115802131691 3829576
115902008119 3448278
116001908250 3682415
116102173199 3641254
116202008118 3446207
116301939274 3706669
116402089355 3641184
116502107423 3442552
116601998184 3453327
116701858520 3620779
116801966343 3440433
116901952709 3557252
117001894330 3916344
117101963929 3344653
117201986720 3557305
117301895042 3460487
117401975579 3475069
117501865609 3844347
117601985630 3375583
117702155171 3605549
117802140012 3453644
117902342996 3419668
118002012981 3445971
118101970750 3607104
118202260119 3736678
118302095845 3309994
118401996002 3563994
118502160814 3760675
118601990543 3426568
118701997895 3562163
118802025458 3360822
118901994477 3608994
119002229256 3722377
119102027577 3432869
119201926394 3582502
119302240405 3793756
119401997843 3206524
119502006265 3569694
119601895473 3554305
119701972611 3621338
119802029375 3559980
119902032013 3455573
120002280689 3396982
120102077123 3358483
120202029429 3376168
120302140846 3448199
120402049314 3525131
120502243376 3969240
120602034173 3168326
120702024949 3444599
120801941888 3914905
120902040315 3324650
121002026850 3559232
121101923385 3832101
121202022239 3390404
121302271509 3545071
121402195275 3448350
121501941128 3373125
121602028208 3303882
121702043722 3563506
121801944404 3824706
121902049983 3393407
122002279495 3545807
122102214319 3443407
122202051057 3652281
122301944099 3855183
122402060668 3186860
122502317207 3754241
122602065574 3159788
122702056398 3545730
122802073090 3456566
122902262378 3778526
123002055146 3242525
123102051062 3450856
123201946802 3646632
123302056231 3560432
123402056688 3547846
123502000445 3595091
123602020051 3617467
123702349133 3566717
123802101434 3437292
123902078223 3441875
124002274022 3762868
124102066393 3429315
124202075834 3560196
124302296957 3970071
124402063821 3167491
124502026622 3582403
124602095780 3180905
124702265781 3701197
124802098260 3121396
124902096560 3545845
125002101783 3376826
125102325003 3411440
125202073989 3164370
125302098052 3486174
125402248337 3442634
125502095634 3502674
125602116039 3180095
125702096311 3578813
125802228977 3753867
125902176299 3418712
126002055562 3565593
126101999549 3704847
126202099613 3364082
126302119158 3533845
126402245266 3432905
126502131669 3644783
126602080930 3034120
126702106479 3748244
126802399596 3622013
126902146726 3435423
127002085556 3689646
127102357838 3688367
127202207982 3429456
127302087430 3705980
127402232145 3658555
127502213193 3436497
127602396317 3273035
127702123168 3429246
127802156779 3465675
127902337458 3933496
128002156429 3276513
128102022281 3429666
128202139059 3334452
128302116231 3538540
128402049984 3752501
128502120070 3450599
128602254489 3565614
128702145360 3402488
128802188493 3586511
128902313117 3203981
129002260348 3426326
129102259856 3428087
129202128841 3677509
129302315823 3670966
129402298299 3431146
129502144057 3633966
129602378912 3661564
129702174037 3248021
129802386038 3929159
129902154999 3213123
130002175365 3564034
130102406430 4058264
130202185815 3140870
130302169728 3548944
130402051416 4016224
130502223660 3198282
130602191844 3537756
130702308103 3318201
130802444775 3584599
130902193558 3433451
131002137762 3692097
131102207640 3656051
131202179889 3421628
131302150440 3555178
131402276547 3772300
131502194759 3413044
131602202085 3403978
131702382886 3990293
131802198352 3196033
131902190695 3442155
132002068162 3563849
132102223241 3616690
132202416689 3576593
132302183514 3329180
132402342656 3247195
132502182826 3419364
132602188406 3558981
132702451668 3820099
132802210911 3364514
132902144660 2859677
133002176810 3392435
133102328838 3763479
133202197685 3419091
133302205141 3555775
133402128003 4009209
133502227880 3128565
133602418795 3484437
133702236723 3435638
133802207108 3575985
133902385988 3746541
134002234300 3260237
134102210123 3553402
134202450067 3830191
134302236411 3362687
134402229613 3551246
134502360337 3478135
134602371189 3575893
134702244065 3263810
134802318376 3369965
134902143897 3518307
135002166198 3663633
135102515348 3591791
135202140449 3434735
135302254680 3707009
135402400279 3634471
135502328333 3426486
135602727794 3231918
135702259670 3425682
135802213628 3535874
135902430606 3912509
136002253635 3214572
136102261248 3570519
136202525624 4045082
136302263682 3172081
136402261056 3507012
136502348323 3368873
136602259736 3404524
136702333993 3433706
136802293130 3635923
136902511875 3689972
137002421433 3411412
137102308521 3528017
137202221320 3322555
137302311813 3605657
137402171982 3630550
137502266481 3176755
137602278152 3547004
137702178528 3892294
137802289679 3341665
137902319314 3017280
138002232740 3474522
138102554747 3760465
138202412451 3418686
138302227365 3570977
138402551510 3241985
138502140568 3501225
138602553781 3812216
138702320090 3395463
138802305648 3586085
138902375413 3186127
139002329713 3668945
139102560746 3682767
139202419589 3444000
139302285012 3411563
139402324182 3375520
139502280264 3745422
139602526258 3642910
139702351268 3424440
139802302321 3477280
139902466568 3753708
140002454662 3417270
140102337925 3463590
140202252707 3706386
140302306211 3439968
140402316606 3549972
140502275748 3625346
140602333891 3594186
140702588881 3572732
140802214704 3448666
140902186099 3722438
141002599230 3634621
141102175592 3254890
141202334541 3600440
141302569189 3786595
141402441485 3398050
141502284011 3554995
141602236894 3496463
141702360841 3523055
141802493616 3545096
141902256593 3540637
142002318367 3660136
142102617767 3602941
142202427862 3422708
142302369163 3477385
142402670817 3742092
142502498001 3416851
142602298162 3568026
142702433821 3786737
142802362242 3401697
142902362990 3564838
143002631308 3798851
143102369743 3389013
143202357902 3561730
143302534581 3915065
143402376760 3292768
143502362396 3553236
143602356765 3226972
143702315754 3601108
143802574536 3817950
143902367821 3286226
144002379461 3560080
144102255733 3588282
144202395917 3541846
144302643620 3628283
144402394565 3424661
144502350735 3585256
144602302535 3333919
144702385308 3568411
144802507742 3566479
144902340282 3514817
145002405104 3691216
145102640103 3605675
145202286573 3453000
145302430384 3748032
145402626583 3635779
145502434316 3424661
145602367244 3553999
145702584123 3788655
145802402012 3283078
145902403136 3563593
146002667189 3950029
146102413463 3259109
146202406047 3557245
146302522348 3369734
146402384690 3645671
146502684244 3732204
146602430353 3425993
146702368339 3597399
146802617061 3877846
146902422236 3078157
147002404337 3557317
147102420920 3378189
147202381529 3385251
147302313956 3792644
147402431855 3442613
147502426992 3549596
147602325335 3586732
147702409062 3639062
147802699864 3582024
147902665805 3286288
148002390459 3643096
148102689020 3712649
148202394750 3329903
148302896605 3481651
148402467985 3416463
148502437719 3680402
148602701769 3681172
148702497876 3424654
148802450089 3308199
148902695953 4078702
149002465184 3140176
149102401094 3556057
149202381579 3995249
149302452880 3238871
149402438620 3550268
149502521672 3400403
149602465128 3449864
149702369815 3595544
149802439486 3359280
149902530828 3651770
150002630672 3430643
150102711218 3327512
150202505190 3427383
150302442188 3630899
150402611783 3763481
150502576280 3364280
150602720062 3274102
150702561512 3401823
150802474671 3483485
150902729384 3973482
151002497168 3156868
151102443007 3541095
151202373748 3759615
151302500263 3396676
151402752467 3581791
151502537750 3417315
151602487655 3661665
151702773733 3755973
151802506516 3105905
151902511338 3541893
152002426982 3868288
152102465544 3338797
152202497166 3540033
152302660506 3421159
152402435974 3640629
152502791768 3734601
152602650313 3409792
152702457117 3570054
152802419304 3529707
152902443667 3378358
153002650941 3661274
153102656149 3441242
153202730533 3369460
153302456164 3507650
153402513982 3704980
153502745479 3880773
153602531014 3195644
153702707303 3414966
153802518039 3439155
153902528363 3405733
154002460651 3784354
154102541953 3461588
154202537578 3251665
154302526324 3392524
154402770984 3890842
154502525114 3339849
154602527149 3571642
154702639539 3360309
154802548023 3514319
154902742163 3993513
155002550558 3238124
155102523157 3561230
155202428559 3921800
155302554911 3309303
155402524908 3560866
155502623896 3312252
155602492076 3681240
155702807107 3748178
155802653718 3423637
155902565945 3410972
156002501561 3621271
156102554073 3613610
156202718904 3753862
156302544297 3245258
156402809850 3448317
156502397867 3394281
156602558207 3498038
156702517678 3746728
156802563763 3506900
156902776974 3596427
157002722590 3393873
157102546615 3578339
157202834545 3883557
157302561747 3335601
157402847327 3347168
157502562528 3450500
157602612341 3715765
157702848673 3717250
157802592981 3431471
157902554373 3603314
158002726849 3794158
158102536184 3409420
158202601052 3585314
158302789544 4015061
158402694283 3234589
158502568967 3569844
158602488184 3971013
158702603509 3270114
158802574558 3539187
158902714357 3345450
159002629953 3688977
159102534943 3718458
159202742255 3439244
159302604129 3585599
159402853000 4036532
159502607933 3124313
159602598504 3557948
159702499018 3747418
159802590709 3500876
159902877923 3584472
160002626002 3456250
160102593026 3702977
160202894446 3710798
160302613614 3250509
160402637795 3575921
160502519948 3920041
160602617474 3252225
160702635673 3567865
160802563874 3667385
160902569983 3576309
161002916034 3632633
161102665102 3439017
161202618900 3557867
161302518816 3937283
161402616815 3103186
161502908679 3609326
161602713571 3452906
161702484442 3693247
161802552674 3903061
161902484238 3132368
162002670740 3559808
162102756266 3452479
162202650444 3661085
162302780830 3777004
162402837141 3399321
162502640069 3356239
162602708676 3430675
162702622619 3674435
162802991536 3779645
162902779273 3399507
163002692186 3586506
163102894441 3857643
163202664588 3365357
163302666076 3574045
163402812510 4107350
163502650556 3131485
163602670034 3564715
163702590643 3742694
163802679461 3316644
163902889933 3715463
164002529820 3401599
164102618108 3513543
164202713814 3410855
164302510835 3681438
164402573517 3836959
164502523848 3202879
164602712521 3477656
164702679270 3396501
164802711230 3693594
164903024317 3877357
165002679944 3121404
165102701683 3566346
165202771961 3513084
165302652519 3667868
165402914191 3767060
165502820745 3396473
165602704986 3574898
165702911416 3864711
165802755608 3187454
165902697398 3583457
166002623577 3447157
166102670924 3709880
166202915202 3651362
166302804485 3440706
166402676919 3649049
166502848761 3772936
166602712421 3391288
166702715064 3574546
166802655439 3898595
166902553695 3246769
167002743376 3511300
167102567840 3360524
167202738281 3703040
167302963756 3717505
167402822539 3431696
167502716998 3498057
167603004464 4087953
167702725722 3144691
167802737763 3561016
167902628934 3782063
168002740373 3464881
168103004477 3581755
168202631335 3452129
168302699982 3704417
168403129031 3711727
168502716549 3232165
168602743891 3554538
168702674878 3879788
168802765715 3354491
168903011513 3562545
169002769549 3439998
169102771000 3410975
169202675394 3659204
169302761404 3571703
169402963200 3449010
169502689508 3403809
169602750228 3565751
169702962688 4041220
169802766980 3190448
169902732113 3557706
170002807458 3416503
170102789765 3690389
170203040033 3705714
170302755411 3431290
170402746645 3583206
170502951299 3785575
170602763404 3409608
170702848884 3414719
170802656097 4073560
170902783758 3147886
171002887990 3554797
171102900206 3438796
171202741822 3653458
171302944139 3772474
171402987092 3398827
171502796216 3571594
171603034272 3881426
171702854288 3343301
171802798350 3563091
171903072065 4115387
172002781720 3113762
172102771755 3379068
172202681358 3449409
172302621647 3737204
172402973302 3646298
172502811812 3406507
172602817566 3571262
172702985476 4006446
172802818221 3215801
172902766648 3561349
173002738257 3906362
173102905275 3330687
173203071619 3573408
173302818281 3435195
173402856615 3332318
173502831123 3377958
173602831035 3595145
173703062367 3972107
173802827827 3158149
173903094620 3541015
174002871731 3445314
174102837569 3291045
174202710664 3835821
174302801767 3404259
174403106191 3567732
174502717373 3444643
174602790909 3742828
174702999710 3675228
174802900467 3445473
174902788890 3618223
175003095679 3989838
175102864676 3165516
175203031685 3336607
175302855559 3404638
175402846583 3560438
175503060339 4032033
175602859821 3195398
175703114614 3504506
175802925696 3444762
175902800567 3709209
176003120395 3691168
176102872210 3437622
176202835435 3592767
176303044276 3927943
176402855426 2977848
176502862266 3552344
176602822605 3544771
176702868667 3673553
176803033139 3644981
176902988219 3436105
177002840893 3653423
177103065039 3811945
177202845807 3268647
177303113714 3572306
177402902730 3449970
177502898873 3691775
177603051229 3635196
177702888231 3214689
177802879459 3563586
177902799334 3900123
178002897776 3332809
178102894040 3557906
178202808994 3481718
178302832935 3723353
178403056413 3657079
178502957005 3448225
178602965206 3491556
178703070683 4005803
178802901737 3214280
178902911664 3368082
179002795924 3674530
179102929208 3583113
179203177556 3644509
179302947648 3446137
179402923317 3483824
179502875723 3454767
179602894698 3611115
179703073725 3792080
179802911354 3407329
179903128314 3371791
180002859850 3359459
180102962335 3576459
180203178146 4103228
180302857387 3125179
180402927019 3558122
180502997238 3512617
180602906688 3628343
180702974790 3779445
180802924005 3394407
180902919818 3300045
181002806620 3698789
181102864417 3537138
181203197865 3615259
181303009821 3443040
181402973956 3691532
181503197654 3734814
181603075998 3424442
181702956037 3492564
181802848366 3525737
181902900233 3614274
182003175061 3480356
182102946985 3401396
182202947885 3567839
182303178506 4045309
182402968973 3179636
182503237542 3623338
182603009432 3439442
182702937172 3675756
182803208200 3734557
182903072774 3424933
183002955667 3582753
183102958294 3132191
183202978663 3618611
183302916294 3862189
183402970414 3270592
183502975016 3553349
183602900317 3554661
183702906513 3673322
183803059948 3640892
183902966694 3426450
184002927207 3507120
184103077432 4019526
184202980214 3022257
184303206031 3590627
184403169550 3421009
184502956069 3668434
184603135161 3772730
184703165009 3385219
184802953736 3543631
184903085261 3391319
185002949905 3714892
185103052357 2986713
185203014329 3692255
185303162878 3736907
185403299511 3424607
185503032098 3501546
185602808631 4038080
185703014904 3187093
185803154139 3552417
185903022631 3438500
186002998688 3297885
186102985322 3413498
186203032935 3372866
186302951021 3527213
186402992580 3683073
186503175412 3648598
186603220298 3440118
186702974098 3631837
186803168884 3866220
186903011822 3047772
187003061425 3554094
187103058832 3514695
187203255189 3675426
187303122269 3429374
187403030281 3508140
187502912093 3740567
187603065926 3235336
187703182246 3652946
187803166428 3434632
187903032539 3521993
188003266674 3967977
188103020794 3241736
188202985787 3556398
188303065545 3483589
188403051373 3699490
188503310453 3722752
188603157621 3424978
188703019135 3579201
188803250567 3795839
188903027789 3205921
189003007822 3553802
189102937145 3928988
189203059247 3281413
189303051824 3542549
189403014643 3510824
189503036057 3689133
189603164535 3646087
189703112681 3430144
189803042005 3607772
189903153530 3760636
190003081689 3397406
190103063067 3572239
190203234761 3966167
190303056477 3237713
190403081444 3351671
190503097296 3499435
190603346182 3692132
190702958418 3435151
190803075579 3513927
190903028103 3477308
191003052030 3720219
191103244010 3654807
191203237967 3254630
191303087809 3574174
191403439379 3890145
191503092949 3331543
191603081999 3569319
191703297338 4116542
191803088793 3108660
191903131441 3559630
192003012552 3718854
192103083981 3504044
192203461864 3604788
192303163767 3432797
192403123674 3689382
192502977621 3127808
192603126203 3677631
192703242693 3650682
192803224317 3433385
192903065664 3656120
193003229785 3767169
193103283682 3384530
193203087279 3577006
193303312956 3895292
193403123122 3329969
193503105334 3553747
193603004356 3373099
193703119870 3719168
193803343340 3710478
193903129753 3193243
194003141776 3552931
194103391361 4071370
194203119161 3075260
194303092689 3529122
194403071947 3470775
194503106925 3646793
194603395411 3686598
194703243765 3384904
194803133007 3554750
194903341872 3905166
195003156035 3239911
195103416967 3486666
195203272669 3413046
195303143662 3387135
195403279280 3840794
195503142631 3309748
195603149880 3569008
195703164064 3364422
195803153908 3401562
195903087871 3454955
196003126696 3678443
196103321206 3696054
196203163843 3388690
196303150629 3363564
196403085231 3590255
196503150807 3479043
196603414955 3622643
196703169585 3409575
196803156809 3594042
196903372691 3752076
197003205499 3367066
197103427547 3469607
197203197816 3422866
197303166699 3593871
197403387794 3759607
197503186818 3177832
197603391890 3525297
197703262556 3417208
197803188865 3451607
197903069994 3721730
198003199729 3435477
198103402602 3627446
198203314702 3416626
198303184475 3543846
198403324017 3219852
198503191235 3498086
198603126225 3597161
198703164307 3471781
198803463844 3930975
198903195552 3079959
199003202538 3529541
199103145684 3451039
199203167521 3663806
199303458803 3704430
199403215288 3133443
199503228031 3559532
199603115687 4104531
199703221231 3043569
199803216115 3535781
199903172783 3404652
200003252603 3708487
200103453826 3713852
200203217197 3354584
200303205441 3470933
200403261040 3381042
200503210046 3649695
200603365359 3743154
200703247524 3144167
200803570376 3497408
200903353366 3409315
201003483376 3518655
201103360021 3415502
201203266982 3556934
201303193713 3934014
201403208492 2872158
201503431402 3623441
201603212528 3399515
201703082086 3540082
201803146370 3990985
201903254396 3153387
202003500849 3546498
202103222543 3442197
202203226806 3662195
202303501127 3747345
202403240706 3263683
202503536950 3483717
202603259963 3229480
202703209404 3573437
202803129395 3367753
202903246290 3595225
203003447128 3637110
203103272250 3423636
203203263313 3560597
203303492895 3788690
203403267335 3334441
203503266387 3542529
203603200602 3947110
203703255388 3201444
203803546930 3548880
203903283728 3231450
204003456160 3344314
204103433031 3405902
204203203151 3590913
204303520311 3896615
204403283242 3115609
204503286508 3518556
204603221870 3531466
204703210360 3590703
204803507529 3524643
204903294213 3222276
205003249272 3551146
205103352596 3375679
205203265977 3651488
205303435863 3752063
205403282926 3353540
205503578568 3443913
205603395135 3427347
205703287586 3268751
205803342037 3308515
205903276763 3495104
206003245310 4113527
206103306338 3052886
206203325117 3536041
206303308274 3423394
206403281847 3666597
206503466674 3773791
206603319847 3231523
206703587323 3347865
206803417730 3369443
206903320069 3568348
207003226977 3776620
207103308720 3293050
207203599884 3596756
207303455105 3401990
207403276853 3610730
207503466122 3771728
207603337641 3358635
207703320504 3561085
207803223781 3987829
207903315690 3180095
208003605393 3565617
208103337760 3216605
208203372163 3567215
208303245233 3919221
208403355239 3140708
208503613907 3548453
208603339352 3412257
208703311467 3647261
208803512698 3849752
208903457655 3180434
209003364782 3529733
209103315881 3546246
209203286186 3566694
209303630281 3661306
209403367343 3088982
209503366986 3552129
209603295964 3996758
209703416785 3154272
209803119034 3550199
209903373168 3332123
210003359693 3556895
210103271461 3879700
210203377870 3266216
210303660089 3587868
210403495636 3403775
210503344936 3614912
210603526493 3764405
210703372700 3142356
210803576228 3597644
210903385614 3203965
211003382919 3531115
211103278135 3707562
211203348254 3436719
211303596449 3612569
211403395482 3415576
211503385704 3590018
211603576820 3760510
211703381967 3367550
211803399639 3299087
211903530744 3392779
212003375685 3631199
212103581901 3752242
212203406010 3349718
212303401581 3558177
212403287506 3414965
212503345067 3676744
212603603240 3968500
212703408801 3182422
212803668557 3514862
212903516004 3197224
213003424420 3545356
213103588774 3919329
213203418609 3231753
213303358329 3388667
213403398596 3353478
213503693370 3591296
213603525862 3408368
213703419467 3617586
213803585444 3743073
213903432425 3115377
214003686729 3491087
214103460428 3410561
214203455068 3682798
214303592571 3780980
214403405976 3324255
214503438989 3486427
214603378264 3743160
214703433163 3406702
214803523309 3620067
214903503800 3406050
215003407660 3212709
215103321858 3776127
215203407358 3378751
215303731500 3599580
215403568848 3420056
215503427588 3622431
215603593626 3880371
215703455204 3166992
215803472054 3546211
215903398105 3596963
216003440881 3548929
216103705366 3819917
216203445664 2841677
216303723007 3583431
216403568178 3404507
216503438044 3627375
216603559306 3736089
216703469535 3363598
216803460755 3564573
216903742699 4083882
217003468379 3058513
217103667263 3539169
217203476754 3408295
217303837268 3212640
217403519287 3374599
217503480580 3653957
217603415333 3678186
217703486179 3308903
217803760621 3583498
217903398731 3413137
218003503822 3641488
218103563804 3740527
218203493748 3360672
218303499025 3564102
218403779435 4059796
218503492689 3095816
218603630115 3378629
218703478363 3337282
218803496672 3466942
218903411252 3808051
219003498601 3361897
219103625121 3608697
219203470931 3337736
219303498744 3575763
219403756618 4033296
219503521519 3115139
219603755741 3540467
219703474783 3130661
219803785192 3456253
219903586123 3422879
220003516784 3648876
220103574333 3735897
220203502381 3345980
220303538596 3560818
220403468793 3465499
220503472474 3578257
220603793465 3682435
220703596271 3382341
220803527776 3298991
220903436649 3389665
221003502667 3630317
221103768376 3709274
221203798720 3365252
221303502936 3556408
221403747934 3978125
221503544444 3155012
221603492875 3548894
221703667916 3384701
221803452756 3597539
221903800698 3773996
222003543688 3333654
222103563059 3265607
222203559003 3396462
222303563333 3611814
222403782644 3793458
222503562942 3344201
222603549649 3585017
222703437925 3875259
222803560302 3290307
222903840479 3599748
223003705730 3405967
223103555122 3618916
223203720805 3770267
223303573383 3353286
223403559978 3569446
223503713136 3099792
223603551221 3612926
223703757152 3768938
223803555550 3340168
223903572339 3565118
224003491097 3931834
224103557718 3233601
224203841036 3641119
224303500873 3348555
224403582752 3587866
224503459367 3570737
224603615688 3506005
224703767938 3497222
224803567471 3191633
224903591814 3549013
225003511344 3557575
225103571969 3585466
225203856972 3667057
225303739768 3408011
225403582095 3488266
225503490387 3816217
225603581044 3353575
225703936292 3615762
225803727876 3401518
225903582917 3204681
226003501504 3725332
226103624464 3427002
226203815093 3632838
226303652553 3399233
226403549836 3595337
226503526442 3997087
226603604729 3060340
226703876837 3619397
226803600812 3289350
226903812230 3846518
227003623341 3124050
227103616314 3561313
227203562336 3504509
227303622613 3532834
227403879440 3650428
227503782182 3396496
227603664823 3559604
227703776283 3897725
227803582719 3230574
227903649526 3541460
228003766327 3377633
228103896713 3146391
228203696401 3412992
228303643335 3440895
228403530015 3726969
228503570297 3425163
228603792041 3050089
228703633075 3290455
228803748134 3983158
228903651873 3159836
229003898914 3527990
229103794382 3392201
229203647167 3592745
229303861771 4015994
229403662812 3058663
229503643721 3540656
229603619759 3419645
229703654741 3671458
229803801082 3738292
229903675566 3324716
230003672749 3251894
230103736083 3347414
230203627024 3633406
230303846795 3742427
230403662841 3342151
230503679721 3560739
230603593854 3978320
230703670133 3154471
230803946532 3571572
230903748099 3423552
231003729484 3648384
231103854678 3854622
231203692039 3145912
231303850053 3293737
231403678807 3341509
231503683744 3568184
231603935001 4032902
231703668982 3127406
231803902981 3555435
231903676190 3404982
232003710750 3502708
232103574533 3390327
232203700038 3628511
232303574983 3126653
232403658377 3489057
232503592326 3132520
232603651353 3636932
232703921644 3708047
232803711658 3296861
232903708374 3561104
233003592509 3749525
233103744745 3053277
233203987399 3754679
233303706022 3252823
233403700149 3546063
233503612760 3655450
233603655693 3498285
233703881426 3645209
233803749053 3405689
233903733538 3575849
234003986325 3874634
234103739231 3275498
234203989565 3501128
234303769182 3411282
234403737806 3224929
234503627493 3862856
234603747513 3276798
234704014770 3598147
234803858386 3402924
234903707167 3621618
235003930406 3766781
235103722916 3321862
235203976159 3615490
235303842805 3391864
235403728134 3602716
235504005899 3811814
235603750836 3310741
235703709201 3220508
235803593188 3411338
235903785337 3672180
236003643304 3729633
236103757315 3346174
236203737213 3565368
236304030383 4081368
236403764909 3082113
236504017184 3611645
236603893975 3396871
236703792795 3557002
236803961489 3913940
236903763659 3226392
237003780207 3542239
237103709565 3689352
237203775966 3118521
237303910207 3751361
237403758145 3340690
237503778545 3562351
237604042118 4053130
237703764908 3099613
237804046140 3703993
237903789847 3202711
238004062834 3510079
238103951144 3391571
238204061014 3179480
238303931916 3369282
238404068109 3433580
238503976885 3358667
238603777528 3545676
238703751949 3651354
238803747800 3428702
238903989513 3634817
239003806093 3095169
239103775666 3478427
239203687417 3496029
239303737128 3623446
239404092041 3695255
239503891049 3373953
239603798391 3565702
239704041840 3957748
239803825500 3195412
239903813075 3541478
240003932826 3383505
240103806589 3604098
240203950130 3742128
240303814025 3115088
240403811265 3555352
240503714202 3569153
240603821982 3555904
240704101436 3648709
240803938751 3369672
240903820245 3449186
241003744249 3835737
241103825208 3323228
241204037608 3666312
241303835927 3223231
241403882722 3277542
241503839979 3419355
241603871903 3661512
241703984463 3751417
241803824450 3332225
241903853481 3553252
242004115910 4095913
242103841065 3056918
242203834007 3541193
242303790659 3422380
242403848845 3594830
242504054691 3970052
242603850110 3162839
242704108753 3316005
242803849352 3252743
242903865234 3544261
243003969217 3412630
243103843732 3600621
243204117656 3777154
243303890692 3328115
243403863067 3534503
243503757683 3759953
243603880670 3355776
243703966240 3611499
243803870434 3338236
243903887684 3229638
244003782950 3610149
244103875409 3510663
244204068432 3628679
244303878128 3347501
244403887369 3542331
244503989708 3320244
244603735122 3675295
244704136295 3769516
244803889541 3237021
244903897025 3532472
245004226868 3162431
245103886401 3329585
245203894590 3416374
245303921019 3562751
245403800958 3839631
245503879929 3221713
245604151400 3582763
245703995568 3410718
245803843271 3637935
245904091171 3747009
246003918633 3026707
246104117479 3534161
246203925339 3392440
246303923981 3412654
246403871645 3456173
246503885189 3644644
246604186323 3732217
246704102534 3356081
246803916544 3549234
246903840316 3656778
247003912697 3009140
247104067404 3751293
247203930470 3334172
247304203340 3458845
247404037240 3397908
247503928846 3409311
247603801857 3637590
247703944644 3508161
247804085923 3643813
247903926772 3398976
248003945306 3154017
248103985965 3377780
248203929700 3584816
248304126556 3786430
248403938746 3306724
248504203718 3452197
248603964527 3411118
248704199799 3341760
248804085359 3143258
248903904596 3547333
249004156216 3949264
249103959035 3201335
249203953621 3542282
249303830961 3531504
249403966405 3575134
249504233218 3677701
249604046586 3378392
249703963541 3557301
249804173082 3953209
249903981970 3194842
250003977189 3545660
250103873034 3506591
250203958971 3584717
250304248736 3688485
250403982278 3093014
250503955273 3559054
250603868279 3991772
250703972749 3166388
250804242241 3565995
250904050046 3417013
251003999930 3648542
251104070610 3737424
251203987052 3350497
251303987792 3492131
251403987779 3394331
251503932390 3573613
251603884042 3183966
251704000233 3553939
251804260906 3660289
251904117626 3395551
252004000209 3554258
252104215553 3919600
252203997142 3221036
252304007728 3533658
252404088785 3366538
252504014253 3428071
252603899637 3486177
252703962401 3289304
252804199967 3750858
252904001199 3349783
253004166390 3495669
253104153416 3386255
253203954727 3538888
253304233345 3921512
253404027887 3200598
253504010704 3529284
253603925760 3514835
253704005493 3567050
253804294738 3672348
253904175296 3356101
254004040063 3234689
254104042597 3362536
254204007289 3639863
254304134476 3732814
254404035438 3324616
254504027118 3542778
254603976129 3377218
254704046008 3608168
254804406175 3724792
254904052449 3308123
255004026170 3540884
255103947934 4044058
255204036688 3061501
255303962529 2842167
255404004790 3589976
255504284461 3720310
255604044425 3329036
255704065256 3490966
255804170852 3357727
255904073290 3584617
256004291563 3868647
256104067029 3234672
256204328967 3306553
256304156263 3367560
256404049039 3615405
256504287955 3748999
256604053691 3334320
256704085237 3549139
256803972304 3775401
256904062339 3336091
257004252545 3622372
257104102240 3381997
257204053835 3573209
257304300146 3864048
257404076592 3244014
257504089091 3535795
257603973565 3593173
257704054343 3511281
257803977006 3161122
257904028988 3428243
258004298172 3640037
258104225156 3386927
258204077361 3549693
258303986849 3738893
258404030092 3289836
258504290577 3621529
258604125229 3376561
258704117738 3571760
258803990959 3896706
258904053401 2861058
259004370472 3673948
259104250545 3355509
259204108622 3559247
259304329251 4036604
259404101815 3078362
259504105573 3546148
259604036952 3407866
259704090177 3663587
259804212865 3740415
259904119259 3324930
260004349650 3716132
260104105690 3330919
260204100385 3240704
260304032430 3416776
260404157482 3678142
260504307133 3841178
260604124377 3152032
260704116187 3530614
260804055198 3469584
260904060085 3632169
261004393526 3743430
261104110067 3338970
261204124509 3565082
261304417741 4078630
261404115251 3062645
261504047776 3539303
261604163334 3219475
261704204869 3590019
261804378047 3886271
261904137473 3243461
262004397501 3523080
262104251043 3408680
262204109746 3621606
262304414147 3992369
262404161634 3065586
262504144613 3547238
262604148726 3419662
262704135484 3193000
262804180296 3381909
262904141805 3700823
263004320765 3766431
263104157384 3321142
263204166479 3567546
263304039536 4034008
263404146248 3102711
263504434978 3592618
263604165264 3342335
263704171150 3571963
263804538978 4072489
263904170903 3073222
264004101732 3543626
264104167274 3182221
264204145872 3572329
264304367923 3931318
264404179956 3205247
264504233107 3552519
264604216364 3388491
264704165347 3586401
264804279080 3280219
264904187008 3565992
265004388123 3995133
265104203275 2889997
265204458154 3613281
265304321874 3402924
265404186605 3620442
265504480297 3807637
265604258321 3329775
265704191965 3572217
265804199346 3777203
265904167867 3364649
266004351497 3650327
266104213259 3394578
266204248354 3574352
266304427102 3954288
266404222949 3199496
266504202558 3548585
266604213869 3338194
266704228193 3375784
266804222444 3521961
266904173166 3657589
267004415186 3882683
267104186311 3136519
267204230387 3557409
267304107196 3418150
267404262975 3685168
267504375035 3927490
267604231106 3158702
267704255024 3434596
267804340871 3298558
267904243591 3612380
268004489823 3818535
268104235635 3303831
268204496659 3500262
268304340911 3409263
268404202978 3628280
268504463766 3778986
268604245185 3333631
268704511618 3527665
268804339262 3394650
268904188299 3621519
269004461104 3763865
269104261682 3045791
269204241917 3546299
269304215064 3387453
269404259161 3562347
269504442498 3969752
269604274134 3145291
269704415696 3574290
269804299447 3389168
269904297594 3587129
270004480295 3916206
270104256686 3217751
270204269380 3557598
270304326407 3290488
270404249135 3436578
270504155207 3428843
270604258212 3548087
270704156508 3734213
270804339156 3190348
270904512299 3608107
271004310107 3372026
271104285348 3591686
271204226084 3974424
271304282485 2790627
271404554779 3684661
271504388847 3357158
271604273126 3562416
271704541497 4034208
271804289569 3081972
271904286355 3544560
272004322217 3403115
272104329373 3664702
272204492545 3763011
272304307365 3322493
272404517594 3552752
272504388177 3399923
272604313833 3624877
272704571778 3808962
272804302413 2982354
272904572582 3558824
273004396537 3408701
273104311640 3533032
273204575229 4060068
273304309990 3045793
273404593762 3596712
273504595494 3342444
273604291722 3513145
273704224583 3600227
273804293073 3502905
273904597404 3701562
274004276298 3057158
274104327712 3575564
274204248511 3775267
274304324436 3338117
274404539650 3650634
274504442543 3359438
274604326790 3573881
274704598148 4032245
274804321386 3103056
274904342050 3561325
275004385990 3399106
275104331072 3651524
275204515854 3764315
275304357429 3306468
275404616503 3485702
275504499243 3172838
275604357491 3547681
275704541619 3993410
275804337205 3120040
275904557158 3561785
276004517987 3373062
276104584903 3725907
276204364614 3375935
276304391033 3560782
276404422236 3950356
276504340083 3146220
276604396519 3467218
276704439416 3274102
276804359370 3603494
276904640103 3856107
277004347913 3247689
277104376426 3549384
277204391402 3348340
277304330649 3603476
277404653284 3832392
277504381768 3271604
277604390322 3556819
277704313211 3579947
277804358216 3512437
277904636006 3712759
278004392371 3322683
278104377107 3294282
278204285623 3729673
278304394683 3369159
278404629253 3654751
278504538481 3381559
278604453477 3709289
278704403666 3329540
278804398795 3577456
278904280620 3892397
279004375000 3231744
279104625139 3638059
279204414898 3374376
279304396425 3315241
279404297871 4067193
279504395666 3065329
279604682926 3605525
279704476074 3389285
279804408072 3525482
279904366550 3390365
280004417046 3622173
280104555620 3774142
280204389512 3298785
280304415310 3585880
280404371062 3947450
280504545921 3188301
280604634413 3623438
280704430165 3112040
280804441858 3583722
280904322959 4101143
281004424766 3014097
281104700379 3599654
281204534429 3376680
281304370468 3603683
281404719139 3886062
281504442567 3211285
281604460346 3555363
281704507756 3388377
281804438195 3778776
281904314712 3487310
282004428004 3257331
282104697487 3826190
282204451280 3287926
282304712406 3560386
282404531275 3391174
282504402300 3606430
282604723203 3855336
282704436350 3253122
282804674988 3579384
282904455402 3291938
283004448453 3569025
283104579581 3080885
283204468632 3613760
283304368771 3833889
283404455076 3235889
283504518201 3671257
283604479050 3314960
283704678496 3463311
283804604514 3503273
283904451041 3724051
284004372420 3038974
284104488403 3593795
284204387474 3631165
284304471903 3466218
284404759334 3706832
284504667174 3336960
284604496493 3580358
284704727556 4120396
284804494924 3013179
284904755744 3604657
285004600066 3397248
285104560199 3244607
285204383789 3681620
285304483606 3440490
285404775043 3696794
285504682366 3346505
285604765186 3479723
285704504233 3332776
285804453794 3578570
285904420630 3506533
286004485303 3161116
286104673544 3786749
286204525879 3315989
286304765888 3519713
286404646855 3394226
286504522169 3637506
286604761278 3831391
286704507098 3288426
286804439370 3566039
286904408819 3618040
287004510470 3496255
287104759878 3726812
287204533139 3326323
287304522762 3582544
287404626174 3022028
287504528314 3538264
287604406241 4125030
287704545068 3015252
287804775558 3661611
287904594598 3312964
288004527930 3583451
288104425302 4034070
288204557592 3099180
288304816490 3634853
288404633343 3378232
288504526549 3602286
288604823222 3919900
288704546033 2879828
288804818130 3619409
288904702770 3386563
289004539307 3519088
289104441347 4108998
289204610902 3047537
289304816102 3613038
289404638382 3388000
289504553812 3631303
289604686255 3194984
289704524711 3222326
289804707967 3360168
289904559510 3636144
290004787948 3850795
290104572266 3276405
290204838039 3549484
290304732030 3384099
290404559001 3628646
290504832572 3848819
290604580569 3275156
290704579449 3570806
290804511455 3562449
290904555393 3152114
291004841254 3845109
291104589336 3286437
291204583627 3572743
291304476939 3585248
291404575144 3525882
291504883907 3741065
291604572287 3250954
291704587095 3575950
291804511177 3516517
291904582619 3572761
292004885120 3772549
292104515709 3305311
292204615262 3583946
292304702816 3020564
292404575389 3619873
292504873883 3877564
292604582001 3245209
292704448096 3561476
292804470465 3535188
292904556433 3558296
293004905120 3756682
293104590945 3309773
293204592918 3576221
293304557006 4040719
293404555920 3098294
293504792540 3624261
293604690603 3379224
293704598945 3601218
293804846006 3932708
293904567651 2901620
294004897676 3617637
294104719564 3384674
294204638706 3619228
294304858586 3882667
294404632582 3243744
294504634141 3568781
294604752757 3355926
294704652456 3447099
294804524220 3489769
294904675895 3610334
295004546168 3566029
295104608684 3112795
295204772613 3660960
295304611379 3300790
295404638293 3588272
295504602927 3330582
295604713186 3685532
295704741009 3770100
295804652343 3303808
295904652001 3571244
296004597092 3821743
296104675423 3303765
296204826434 3658803
296304662736 3063512
296404654567 3573447
296504567264 3862675
296604613185 3266342
296704832695 3638408
296804680587 3374426
296904664152 3508332
297004686105 3391591
297104645867 3675995
297204929260 3972770
297304653152 3099307
297404641521 3555869
297504677607 2799848
297604677356 3480329
297704700912 3404329
297804700788 3677396
297904602454 3504206
298004655785 3426092
298104863681 3681043
298204819430 3349676
298304672835 3580752
298404952076 4105936
298504696609 3049266
298604953293 3580409
298704776661 3110781
298804685336 3580763
298904941828 4072940
299004691890 3078471
299104846621 3818875
299204707507 3298932
299304700726 3523101
299404534557 3390789
299504695724 3681990
299604615362 3769344
299704716232 3323586
299804704974 3579059
299904591034 3728280
300004711607 2962741
300104869099 3786403
300204712398 3318385
300304720177 3589169
300404650639 3686662
300504731373 3438087
300604999832 3695963
300704922677 3351274
300804729858 3587617
300904647311 3584732
301004737924 3461160
301104984644 3689868
301204732081 3296012
301305082813 3288392
301404863036 3356554
301504735507 3636093
301604965095 3841338
301704733684 3268917
301804751104 3573855
301904656841 3568111
302004686186 3534548
302104993228 3742657
302204754073 3313496
302304753224 3581373
302404768822 3300419
302504752522 3211899
302604722429 3457603
302704738858 3617946
302804928668 3779090
302904759513 3292630
303004813425 3574057
303104780184 3277622
303204768433 3583849
303304982543 3968640
303404769629 3146369
303504755069 2652324
303604745985 3652673
303704660338 3391412
303804751212 3502658
303904999596 3725944
304004776761 3307298
304104788713 3572024
304204649349 4055940
304304719343 3066382
304405061639 3609365
304504896915 3374756
304604792841 3210775
304704678991 3992843
304804781596 3110618
304904992269 3744615
305004793389 3106429
305104757771 3547553
305204810491 3390134
305304776669 3650679
305404984026 3756398
305504801222 3296662
305604793557 3558870
305704910603 3389140
305804797719 3161399
305904767439 3474467
306004827952 3580750
306104958793 3748332
306204808541 3281501
306304996782 3490203
306404837377 3358714
306504806991 3567826
306604719934 3572839
306704844785 3406419
306805290434 3675184
306904829645 2953881
307004819960 3561975
307104921457 3321803
307204826248 3508953
307304711962 4071568
307404823195 3025778
307505100084 3593868
307604963637 3372962
307704804876 3589209
307805063415 3881528
307904822831 3201746
308005064338 3313746
308104840744 3193749
308205100331 3631064
308304838769 3278179
308404850390 3546632
308504710434 3535051
308604823449 3528066
308705104935 3789838
308804857419 3212827
308904847221 3551496
309004852341 3279414
309104800517 3277064
309204771763 3314675
309304813644 3655128
309404968055 3745884
309504864536 3285854
309604856282 3558554
309704731907 3731874
309804862386 3349788
309905085102 3645507
310004957220 3352489
310104871177 3552353
310205048105 4062251
310304848075 3024472
310405134006 3573952
310504905770 3054752
310604871012 3479531
310704780500 3507974
310804836116 3546382
310905038927 3741047
311004879464 3285856
311104875286 3565846
311204770079 3920092
311304870771 3173697
311405048484 3626920
311504894571 3358449
311604875425 3569271
311705128190 3989869
311804885108 3103243
311904876952 3545442
312005006118 3063806
312104892983 3563331
312204827310 3507943
312304859472 3482112
312405136936 3707439
312504904924 3259711
312604918311 3559216
312705016378 3339010
312804889157 3592412
312905110632 3927515
313004919242 3175747
313105115308 3672751
313204924918 3167850
313305122710 3549693
313404921199 3360097
313504890536 3568419
313605120628 3986898
313704916656 3114513
313805071636 3533723
313904922379 3305020
314004916766 3559220
314104843004 3648331
314204935405 2961773
314304858327 3326641
314404903874 3557894
314505190330 3781384
314604931539 3192018
314704980235 3582383
314804952251 3299211
314905205672 3440945
315004942545 2995080
315105215824 3592257
315205094442 3379834
315304942797 3608742
315405215529 3851110
315504951954 3240059
315605230882 3551198
315704950141 3361515
315805140708 3217639
315904951914 3104528
316005316266 3775430
316104967930 2993049
316205230987 3584233
316305121934 3376063
316404972635 3589114
316505221843 3856014
316604970462 3225036
316705123552 3190749
316804968294 3286647
316904961413 3564594
317004870515 3837162
317104986350 3247449
317205152056 3627952
317304979674 3300882
317404976851 3562668
317505027683 3308863
317604975851 3530264
317705249726 4098583
317804922726 2550802
317905253971 3733534
318004990688 3229886
318105269892 3544151
318204977935 3362182
318304997506 3589707
318405220020 3929890
318505000077 3174619
318605003380 3553373
318704882899 3367916
318804970908 3685338
318905104864 3760224
319005004774 3292543
319104972781 3176219
319204963177 3389830
319305027369 3664309
319405143730 3757750
319505015998 3298666
319605291779 3524259
319705197929 3326387
319805016217 3564375
319905278373 4109061
320005004104 2993272
320105408728 3595136
320205125354 3370835
320305010256 3627808
320405291788 3829041
320505010310 2856918
320604917044 3716729
320705004827 3073279
320805319165 3610769
320905136316 3375910
321005015191 3577860
321104953331 3937623
321205052364 3161586
321305251700 3617340
321405052173 3359530
321505038913 3220331
321604930848 3906651
321705029099 3196782
321805151779 3632403
321905042649 3294974
322005046716 3575558
322104955587 3828527
322205035659 3261440
322305217240 3641588
322405189144 3362430
322505073829 3570776
322605321472 4009181
322705041986 3091154
322805044929 3555261
322905054125 3390278
323005320732 3120853
323105192700 3387264
323205072968 3627675
323305333587 3809584
323405058674 3275743
323505086802 3558099
323604948346 3521596
323705045779 3540172
323805329819 3766180
323905049092 3200592
324005101667 3560512
324105102902 3289529
324205088135 3263782
324304962166 3895393
324405054322 3202818
324505073828 2971300
324605062489 3667556
324705231896 3759870
324805084594 3304417
324905129086 3568689
325005400944 3049788
325105086321 3522048
325205379650 4051217
325305091156 3061090
325405122643 3559175
325505126738 3400656
325605101918 3742633
325704996337 3921171
325805103461 3180645
325905345541 3636382
326005061274 3356112
326105074721 3581682
326205337409 3955695
326305113530 3150393
326405174305 3460921
326505134550 3188986
326605080420 3574020
326704995502 3814689
326805096543 3208910
326905286944 3633211
327005155166 3360517
327105139794 3586992
327205339778 3941473
327305126262 3158475
327405143377 3547474
327505177545 3351379
327605417732 3201123
327705228443 3368315
327805139566 3446298
327905006773 3490005
328005128051 3557863
328105410306 3721999
328205117391 3296090
328305120280 3591428
328405253173 3373046
328505127409 3670363
328605392497 3925273
328705111794 2714916
328805006040 3635537
328905312571 3371173
329005159133 3560317
329105037462 3608064
329205139154 3504331
329305426760 3709664
329405136446 3308195
329505151456 3484895
329605062566 3509193
329705148743 3550978
329805414471 3752503
329905182772 2831802
330005382080 3624281
330105180756 3356215
330205168564 3583511
330305423004 3955890
330405168553 3131634
330505171998 3557349
330605151647 3373751
330705177725 3507368
330805063531 3456205
330905206425 3590458
331005461227 3943423
331105167358 2715350
331205384273 3608931
331305199713 3294130
331405182855 3552151
331505078665 3615603
331605101390 3440485
331705031982 3257457
331805186672 3129657
331905212585 3389509
332005172975 3644021
332105363093 3763656
332205213278 3294712
332305202199 3553913
332405095547 3578813
332505139153 3486671
332605371490 3745235
332705213658 3276607
332805205249 3578873
332905146273 3313875
333005181460 3656284
333105286855 3756957
333205216240 3284626
333305210041 3215061
333405311807 3379587
333505492712 3696523
333605415534 3321897
333705225779 3569221
333805123168 4062455
333905227003 3041278
334005525036 3627846
334105064584 3346102
334205213198 3601030
334305459291 3976165
334405216065 3125348
334505244828 3506762
334605389671 3089060
334705241247 3572697
334805142648 3595169
334905245238 3407654
335005248744 3474669
335105236696 3525646
335205137057 3761935
335305196956 3329748
335405519482 3678665
335505301648 2971330
335605513918 3523942
335705366490 3375771
335805209782 3610107
335905148136 3922338
336005259912 3104470
336105397247 3641639
336205252165 3275866
336305264903 3580266
336405183821 3788127
336505260174 3298830
336605545087 3675427
336705274471 2961542
336805275214 3560810
336905155401 3619968
337005263244 3476381
337105544860 3739553
337205271999 3232889
337305526491 3569733
337405286196 3348520
337505305121 3587522
337605495553 3993711
337705273046 3094581
337805237579 3560693
337905367632 3390965
338005293893 3259227
338105606607 4088923
338205293226 2996413
338305580606 3602352
338405395089 3370371
338505258617 3601149
338605207067 3897326
338705290363 3111020
338805511718 3635606
338905313370 3346322
339005301952 3517282
339105181934 3725158
339205153593 3333642
339305600371 3680814
339405313842 2950518
339505306846 3565506
339605195408 3577156
339705271667 3484880
339805567189 3732887
339905320881 3209630
340005296533 3544800
340105220134 3414134
340205316938 3634245
340305482335 3758928
340405324910 3276335
340505319900 3478159
340605313827 3383811
340705552557 3105036
340805457692 3474407
340905332978 3600417
341005286747 3255527
341105336769 3641715
341205400610 3751789
341305332063 3284521
341405343003 3571504
341505235602 3790809
341605287860 2896761
341705505990 3905181
341805355837 3078632
341905551433 3569013
342005357963 3294636
342105340542 3562072
342205242977 3555638
342305363897 3502080
342405623893 3731755
342505354715 3288394
342605369630 3563994
342705253181 3953636
342805401363 2751631
342905529041 3746084
343005353703 3278951
343105601238 4012778
343205364788 3192322
343305392743 3553860
343405309317 3395679
343505358176 3648270
343605468016 3753996
343705386814 3285219
343805393848 3565215
343905400041 3731266
344005417960 3350370
344105649000 3666535
344205387378 2977072
344305579149 3492400
344405505021 3375626
344505225744 3499224
344605299700 4047466
344705452585 3074308
344805587266 3736946
344905389905 3109853
345005386458 3552000
345105386886 3378971
345205398528 3242446
345305671926 4073363
345405397925 3018628
345505559763 3733126
345605402289 3275700
345705479614 3489691
345805345875 3398081
345905377551 3654654
346005476347 3750263
346105415415 3287201
346205422298 3567736
346305275210 3721737
346405434264 3355785
346505683003 3679139
346605413857 2988147
346705692343 3507450
346805495178 3390086
346905389026 3628181
347005706714 4018410
347105439940 2997312
347205704654 3590554
347305593730 3371395
347405449951 3597656
347505681222 3875316
347605435747 3214274
347705448776 3565748
347805394585 3446996
347905389699 3246065
348005717963 3898628
348105442532 3202721
348205445397 3587126
348305378924 3468258
348405456685 3590260
348505605931 3747484
348605458028 3279504
348705455636 3569909
348805324331 3863453
348905429565 3226175
349005652762 3640526
349105601881 3356616
349205462562 3563004
349305761254 4016435
349405457976 3078168
349505346228 3548617
349605619368 3027752
349620090573 410660
