#PERF_COUNT_HW_INSTRUCTIONS #PERF_COUNT_HW_CACHE_LL_ACCESS_R #PERF_COUNT_HW_CACHE_LL_MISS_R 
100014804 83244 36454 
200002503 175715 70469 
300013124 231220 102984 
400009098 318351 157420 
500016386 434956 226114 
600019082 548508 296569 
700012573 651671 368897 
800014396 746220 440602 
900014352 833087 509364 
1000015956 918343 578122 
1100021947 1006181 649566 
1200021403 1088059 719274 
1300014734 1167895 786254 
1400014623 1247463 853605 
1500018753 1323332 918985 
1600023647 1398614 982561 
1700025404 1473417 1048683 
1800026634 1550386 1116103 
1900024073 1625841 1184488 
2000018728 1698445 1248993 
2100113972 1773843 1316963 
2200021319 1845440 1381454 
2300027118 1918910 1446721 
2400012935 1993146 1513661 
2500015952 2067729 1579951 
2600021941 2142362 1647438 
2700012245 2217896 1715361 
2800021285 2289060 1779713 
2900019455 2363442 1847566 
3000015921 2435318 1912518 
3100072899 2508240 1979653 
3200021259 2580219 2045122 
3300019163 2651527 2109539 
3400011895 2722222 2174279 
3500015618 2794246 2240193 
3600022432 2879004 2314311 
3700021701 2948499 2378543 
3800021314 3017452 2442042 
3900025097 3086018 2504829 
4000019382 3154459 2567972 
4100016856 3222786 2630820 
4200025102 3286829 2689054 
4300022789 3355747 2752715 
4400022845 3424853 2816263 
4500015421 3490894 2876534 
4600005580 3561897 2942022 
4700017365 3629431 3004753 
4800025408 3699637 3069415 
4900022471 3765439 3129484 
5000014659 3836063 3194983 
5100022514 3902948 3256920 
5200023180 3968301 3316679 
5300022154 4036032 3380325 
5400012229 4105037 3444028 
5500023419 4171752 3505963 
5600023252 4237177 3566032 
5700137444 4303831 3627906 
5800010427 4373929 3692580 
5900014491 4439034 3752781 
6000023259 4505733 3814948 
6100024000 4571448 3876912 
6200018228 4637362 3939099 
6300022874 4702994 4000980 
6400017510 4772907 4066293 
6500026718 4837970 4127332 
6600016492 4903128 4188229 
6700023303 4968131 4249003 
6800017674 5027363 4303969 
6900027445 5093199 4365788 
7000023802 5160301 4428935 
7100021925 5227757 4491975 
7200010256 5293534 4552743 
7300025812 5360686 4615909 
7400013285 5422699 4674439 
7500025076 5489417 4737055 
7600003443 5554481 4796956 
7700024041 5618009 4857060 
7800022488 5683272 4918193 
7900024746 5750019 4980451 
8000025231 5816554 5042894 
8100023309 5877121 5099272 
8200018095 5943505 5161363 
8300015412 6006482 5220766 
8400025052 6071746 5281654 
8500025007 6137067 5341768 
8600023917 6198744 5400158 
8700025405 6265172 5462233 
8800026752 6326388 5519940 
8900026091 6393563 5582388 
9000020340 6451575 5635781 
9100023793 6517075 5697409 
9200022944 6578640 5755311 
9300023635 6644233 5816552 
9400025336 6705935 5874497 
9500020197 6767257 5931040 
9600020712 6834637 5994509 
9700030333 6897492 6053910 
9800020635 6964491 6116599 
9900026495 7027572 6176310 
10000024360 7088966 6232642 
10100016262 7151773 6292330 
10200023970 7217844 6354552 
10300013780 7279711 6413252 
10400021368 7346135 6475564 
10500014190 7406423 6531327 
10600016288 7468098 6589769 
10700026516 7529121 6647334 
10800018169 7595202 6709469 
10900024466 7657378 6767857 
11000018800 7718072 6825305 
11100019343 7777301 6879747 
11200024030 7838401 6937693 
11300019158 7899207 6994824 
11400019785 7965212 7056685 
11500024364 8026846 7115103 
11600024539 8086026 7169936 
11700020648 8147049 7227880 
11800018278 8207720 7285153 
11900024389 8267815 7342009 
12000020407 8329442 7399813 
12100024528 8394399 7460831 
12200012976 8449162 7511567 
12300023116 8513672 7572353 
12400022088 8574507 7629599 
12500017253 8635350 7687018 
12600017322 8696566 7744454 
12700011840 8755996 7800435 
12800021378 8815464 7855454 
12900021283 8877115 7913778 
13000023646 8939281 7972177 
13100022861 9000783 8030237 
13200022096 9062565 8088406 
13300021556 9123686 8146216 
13400024459 9185403 8203066 
13500018987 9246192 8260734 
13600015724 9307507 8318513 
13700018362 9368205 8375851 
13800022985 9429616 8433487 
13900021637 9490608 8490949 
14000021244 9550451 8546253 
14100018087 9610556 8603249 
14200022188 9670582 8659768 
14300017708 9730515 8716440 
14400025600 9790769 8773112 
14500010819 9850894 8829923 
14600021884 9906385 8881267 
14700023863 9966897 8938615 
14800023518 10027744 8995663 
14900022612 10087979 9052369 
15000020398 10147901 9108450 
15100022812 10207459 9164486 
15200018533 10265899 9218604 
15300018359 10325993 9275283 
15400018906 10387057 9332754 
15500012565 10443669 9386602 
15600019741 10502708 9442303 
15700021896 10564457 9500297 
15800021399 10625468 9557668 
15900023274 10684903 9612919 
16000003952 10745078 9669724 
16100015049 10805209 9726417 
16200012993 10860352 9778722 
16300011071 10919925 9834784 
16400021022 10980310 9891750 
16500021503 11037980 9945255 
16600023716 11096747 10001499 
16700016498 11150238 10052702 
16800024109 11210569 10110047 
16900024762 11270794 10167165 
17000020666 11330812 10223681 
17100020853 11390413 10279970 
17200018552 11441685 10327763 
17300023181 11502101 10385081 
17400019566 11562151 10441726 
17500021655 11620863 10497267 
17600019238 11674045 10547792 
17700022321 11734989 10605237 
17800015090 11794558 10661425 
17900017754 11849201 10712486 
18000011193 11908068 10768432 
18100022952 11969740 10826697 
18200025284 12029919 10883731 
18300005019 12089343 10939854 
18400019478 12144403 10992106 
18500021424 12205416 11049784 
18600023275 12265285 11105074 
18700022470 12319503 11156998 
18800029648 12380874 11215213 
18900022055 12440771 11271952 
19000016519 12495212 11323763 
19100023454 12554293 11379547 
19200021295 12614410 11436449 
19300010515 12709636 11527103 
19400021630 12776980 11591112 
19500020031 12843358 11653820 
19600013786 12908198 11715437 
19700020670 12968639 11773015 
19800014209 13035789 11836542 
19900019483 13101329 11898662 
20000022223 13156284 11950105 
20100019807 13222707 12013264 
20200021311 13288936 12075790 
20300014964 13351679 12135343 
20400017993 13413477 12194323 
20500021501 13479956 12257167 
20600016443 13544983 12318944 
20700019474 13602516 12373124 
20800020967 13668939 12436354 
20900021712 13733661 12497585 
21000019746 13793534 12554898 
21100015964 13859760 12617701 
21200021982 13924427 12678805 
21300020247 13983620 12735363 
21400022405 14051914 12799680 
21500013836 14115333 12860912 
21600018965 14175719 12919237 
21700021466 14242926 12983735 
21800022834 14308135 13046348 
21900021292 14370443 13106205 
22000019925 14438258 13171083 
22100004968 14501712 13231597 
22200006923 14563065 13290493 
22300019382 14629530 13354093 
22400023029 14690635 13412578 
22500012212 14758527 13477371 
22600015247 14822987 13538655 
22700024313 14885833 13598837 
22800018374 14953244 13662849 
22900005799 15005104 13711439 
23000020388 15073345 13776198 
23100020979 15135437 13835592 
23200020133 15205465 13901836 
23300022223 15266828 13960395 
23400016422 15337296 14027401 
23500022351 15405934 14092440 
23600024449 15465163 14148749 
23700018186 15533423 14213574 
23800012312 15592360 14269856 
23900016713 15661101 14335078 
24000018667 15728876 14399466 
24100015621 15791452 14459274 
24200017747 15860361 14524771 
24300021434 15920310 14582071 
24400020127 15987350 14644418 
24500026709 16048503 14703109 
24600018148 16118680 14769531 
24700017292 16178398 14826664 
24800019832 16247775 14892671 
24900020684 16312544 14954101 
25000019471 16376541 15015236 
25100011312 16439778 15074725 
25200021404 16498825 15130322 
25300020920 16558697 15187841 
25400017565 16628347 15253853 
25500018170 16688266 15311356 
25600018365 16757651 15377511 
25700021410 16817327 15434478 
25800019444 16886813 15500815 
25900018476 16946411 15557879 
26000023846 17011849 15619200 
26100021439 17072603 15677566 
26200020688 17140319 15741840 
26300018770 17201010 15800044 
26400010775 17268536 15864188 
26500021136 17331041 15923868 
26600019031 17399706 15989117 
26700020546 17462423 16049113 
26800021904 17519296 16101937 
26900006515 17589337 16168595 
27000019734 17650489 16227182 
27100012331 17719964 16293140 
27200019905 17781397 16351837 
27300019059 17850001 16416791 
27400020993 17911704 16475850 
27500013087 17978540 16539462 
27600020700 18039295 16596750 
27700020640 18098817 16653884 
27800016603 18167734 16719532 
27900019494 18229138 16778202 
28000018890 18296909 16842851 
28100014792 18358191 16901659 
28200022996 18423235 16963332 
28300019171 18487265 17024656 
28400016221 18547029 17081730 
28500013871 19004215 17524009 
28600008836 19045778 17560916 
28700008141 19507574 18005958 
28800003071 20193107 18642637 
28900000388 20573720 18915940 
29000002714 20996137 19194855 
29100002963 21453630 19470320 
29200003021 21961090 19737912 
29300004253 22529219 19989431 
29400000622 23186739 20223192 
29500001085 23881294 20410338 
29600012971 24010254 20445602 
29700016894 24488638 20865607 
29800019358 24700420 21070144 
29900004556 25102360 21461400 
30000004002 25390879 21717026 
30100013468 25474901 21768106 
30200004760 26335119 22563543 
30300008945 26808156 22994852 
30400017243 26874727 23057415 
30500005189 26914746 23093318 
30600007199 26940245 23113250 
30700011834 26963568 23131432 
30800010494 26985094 23148121 
30900013237 27071854 23230467 
31000010974 27158369 23315402 
31100042140 27393688 23539393 
31200057923 27394573 23540270 
31300051034 27395391 23541072 
31400047984 27395810 23541473 
31500051180 27396197 23541841 
31600052582 27396606 23542223 
31700052764 27396934 23542542 
31800049974 27397444 23542994 
31900055451 27397839 23543372 
32000049800 27398387 23543884 
32100051281 27398718 23544201 
32200058517 27399276 23544690 
32300056984 27399662 23545054 
32400059236 27400331 23545680 
32500062153 27400696 23546027 
32600050870 27401053 23546363 
32700051244 27401413 23546704 
32800059642 27401774 23547056 
32900055130 27402136 23547406 
33000052171 27402520 23547775 
33100055871 27402871 23548112 
33200038979 27403279 23548500 
33300059889 27403921 23549078 
33400061834 27404301 23549436 
33500061898 27404699 23549799 
33600051466 27405076 23550167 
33700056840 27405405 23550492 
33800029054 27405732 23550814 
33900061157 27406130 23551197 
34000050365 27406825 23551848 
34100055371 27407194 23552209 
34200058422 27407633 23552624 
34300046104 27407977 23552958 
34400051287 27408317 23553282 
34500056104 27408732 23553685 
34600056296 27409108 23554054 
34700051278 27409462 23554400 
34800052322 27409807 23554737 
34900062041 27410193 23555115 
35000049830 27410959 23555851 
35100055088 27411299 23556184 
35200052358 27411639 23556515 
35300046133 27411960 23556821 
35400052898 27412296 23557142 
35500053811 27412635 23557464 
35600042450 27412976 23557794 
35700060611 27414226 23558930 
35800049697 27414602 23559285 
35900061344 27415029 23559667 
36000051326 27415353 23559970 
36100041443 27415666 23560268 
36200053209 27416034 23560621 
36300046862 27416693 23561205 
36400061937 27417537 23561980 
36500350639 27418017 23562431 
36600048642 27418457 23562846 
36700042127 27418878 23563240 
36800050240 27419235 23563570 
36900031930 27419733 23564042 
37000061601 27420062 23564359 
37100049669 27420428 23564709 
37200062377 27420728 23564999 
37300052436 27421110 23565352 
37400032554 27421609 23565823 
37500054836 27421944 23566142 
37600002879 27430080 23574092 
37700031421 27776316 23918504 
37800025197 27797587 23939660 
37900028548 27837661 23979628 
38000021632 27872747 24014653 
38100021665 27897207 24039072 
38200026819 27921202 24062984 
38300027765 27945987 24087706 
38400008995 27970271 24111952 
38500022833 27995030 24136641 
38600026161 28019055 24160611 
38700022690 28043895 24185413 
38800026460 28067246 24208715 
38900027949 28095540 24236931 
39000020598 28123291 24264625 
39100029950 28144977 24286255 
39200022784 28168314 24309548 
39300018233 28192087 24333280 
39400027100 28214339 24355479 
39500030861 28234230 24375342 
39600027187 28255714 24396771 
39700028300 28279811 24420812 
39800029792 28304463 24445407 
39900034044 28326761 24467659 
40000030270 28347544 24488406 
40100023242 28370865 24511669 
40200032082 28394416 24535163 
40300021455 28414065 24554771 
40400014364 28434056 24574718 
40500030342 28457468 24598073 
40600032031 28484197 24624749 
40700031169 28510616 24651130 
40800022986 28536634 24677094 
40900029330 28564292 24704701 
41000028629 28590918 24731282 
41100018655 28618817 24759125 
41200018072 28645829 24786083 
41300026171 28672269 24812469 
41400030161 28700489 24840636 
41500030634 28727417 24867488 
41600030489 28755513 24895532 
41700027159 28782363 24922326 
41800017779 28808901 24948809 
41900021057 28835258 24975108 
42000036029 28857614 24997417 
42100020922 28884446 25024197 
42200021642 28910699 25050406 
42300029453 28935667 25075325 
42400027830 28965049 25104651 
42500032769 28995825 25135337 
42600027711 29027519 25166963 
42700032269 29059732 25199121 
42800028319 29097866 25237171 
42900027294 29129668 25268911 
43000027873 29161416 25300595 
43100028547 29190959 25330062 
43200023503 29223125 25362165 
43300016596 29280203 25418429 
43400007285 29306122 25441448 
43500016361 29331963 25463900 
43600018536 29357232 25486403 
43700016637 29376981 25504461 
43800008388 29385481 25512536 
43900062451 29389813 25516507 
44000062232 29396644 25522295 
44100021406 29399807 25525341 
44200036548 29403094 25528411 
44300019500 29406627 25531785 
44400059975 29413455 25537862 
44500060697 29424970 25547019 
44600018680 29439192 25557442 
44700060308 29453421 25567311 
44800060626 29462977 25573755 
44900055203 29466018 25576670 
45000060932 29469009 25579546 
45100061504 29473100 25583136 
45200060941 29480569 25588610 
45300476988 29491190 25596029 
45400054989 29497013 25600605 
45500058378 29501775 25604381 
45600062703 29510469 25611227 
45700061406 29526182 25622634 
45800057538 29529925 25626190 
45900059770 29532780 25628939 
46000047118 29535588 25631672 
46100057851 29538246 25634254 
46200037480 29540951 25636875 
46300060368 29544673 25640425 
46400045918 29547347 25642994 
46500057569 29550524 25646063 
46600061638 29553232 25648654 
46700061652 29557924 25652906 
46800053431 29561203 25656055 
46900039013 29564132 25658874 
47000061902 29566887 25661534 
47100058682 29569650 25664205 
47200017547 29574833 25668852 
47300033620 29578376 25672206 
47400045648 29581697 25675341 
47500054337 29585118 25678637 
47600061783 29588294 25681689 
47700060274 29608287 25698893 
47800059925 29611412 25701897 
47900061527 29613939 25704371 
48000018742 29685443 25773297 
48100023001 30148989 26199014 
48200014366 30347893 26390838 
48300010952 30791351 26824535 
48400027042 31071655 27096156 
48500015310 31118418 27139968 
48600011433 31143614 27162259 
48700014009 31163908 27179640 
48800021410 31182832 27195618 
48900020715 31199793 27209574 
49000008997 31219540 27226326 
49100012551 31387499 27391271 
49200013136 31471042 27472450 
49300005863 31760116 27757719 
49400039156 31903992 27899879 
49500034232 31911075 27906237 
49600037631 31922803 27913880 
49700028640 31932055 27921676 
49800037826 31944663 27930293 
49900028024 31955392 27938158 
50000034007 31968824 27945209 
50100037893 31977902 27949838 
50200038672 32011897 27959694 
50300035946 32023641 27964921 
50400032549 32030604 27969657 
50500034313 32039671 27974874 
50600033349 32051644 27981273 
50700023480 32068073 27989584 
50800037074 32084654 27998622 
50900033128 32098878 28006765 
51000038098 32172739 28044561 
51100036099 32182679 28051254 
51200037343 32188729 28055893 
51300029904 32200742 28064019 
51400034638 32213904 28072841 
51500035042 32223907 28080089 
51600034785 32240714 28091385 
51700032563 32258864 28103820 
51800034202 32269821 28111871 
51900252907 32292210 28127272 
52000006183 32316752 28144779 
52100032021 32339435 28161295 
52200010671 32356355 28174034 
52300022870 32381014 28192123 
52400036053 32548016 28322331 
52500154964 32553890 28327683 
52600033005 32560767 28333856 
52700038108 32569019 28341261 
52800011532 32576849 28348318 
52900033214 32584094 28354878 
53000034568 32593588 28363338 
53100032524 32599786 28369003 
53200033340 32608829 28377064 
53300037780 32617171 28384642 
53400030274 32623877 28390737 
53500035977 32633450 28399350 
53600019220 32640597 28405971 
53700038046 32650063 28414541 
53800014282 32660452 28424051 
53900034783 32669253 28432207 
54000038670 32681148 28443099 
54100032968 32693464 28454427 
54200033850 32704547 28464705 
54300033873 32714343 28473823 
54400034258 32728141 28486538 
54500039140 32741586 28498957 
54600038014 32752036 28508704 
54700034320 32764333 28520187 
54800033438 32779633 28534384 
54900033680 32794945 28548594 
55000030962 32808502 28561184 
55100031663 32821428 28573214 
55200034423 32837467 28588097 
55300028970 32851980 28601648 
55400003416 32864875 28613662 
55500033156 32882127 28629730 
55600038945 32899512 28645944 
55700026798 32915056 28660458 
55800024269 32928463 28673049 
55900031507 32947968 28691218 
56000034631 32967754 28709655 
56100035650 32985400 28726073 
56200036467 33001018 28740667 
56300037720 33022474 28760605 
56400030528 33043107 28779840 
56500035847 33058181 28794029 
56600031846 33080642 28814947 
56700034384 33104060 28836751 
56800013481 33119366 28851167 
56900037460 33143127 28873330 
57000035556 33164911 28893575 
57100039546 33196807 28922927 
57200009209 33224051 28948146 
57300034248 33247830 28970170 
57400031919 33281555 29001220 
57500034988 33311907 29029268 
57600033485 33338482 29053880 
57700010335 33374574 29087264 
57800026685 33404163 29114755 
57900032656 33435034 29143241 
58000038141 33475441 29180633 
58100037394 33487260 29191776 
58200031507 33506276 29209401 
58300029315 33522080 29224194 
58400035718 33537581 29238679 
58500011158 33556485 29256218 
58600001991 33812811 29486420 
58700006735 35446260 31035639 
58800020609 35507735 31096492 
58900021645 35513985 31102583 
59000036992 35522023 31110517 
59100031974 35529502 31117924 
59200036106 35538335 31126380 
59300026518 35546638 31134068 
59400032870 35551885 31138922 
59500033799 35556431 31142790 
59600026995 35560619 31146276 
59700033545 35566111 31150636 
59800029755 35570390 31154424 
59900033515 35576532 31159199 
60000032686 35580964 31162945 
60100021919 35587871 31168266 
60200031902 35594955 31173783 
60300033909 35601877 31179081 
60400036078 35607161 31183321 
60500035551 35614462 31188213 
60600021706 35619202 31191966 
60700035166 35627985 31197781 
60800029681 35637629 31204066 
60900027843 35665233 31217190 
61000037239 35670709 31220917 
61100031388 35677641 31225322 
61200034847 35683430 31229456 
61300030756 35691273 31234540 
61400031698 35700134 31240393 
61500006276 35709443 31246516 
61600031533 35717142 31251761 
61700030658 35723157 31256184 
61800036175 35732604 31262431 
61900019417 35742206 31268962 
62000034967 35748556 31273783 
62100022260 35759891 31281366 
62200030915 35771141 31289032 
62300033520 35779506 31295220 
62400032448 35793492 31304325 
62500031223 35801531 31310111 
62600033877 35814399 31318504 
62700033652 35894730 31362561 
62800034263 35899204 31366150 
62900036758 35906416 31371273 
63000033009 35914182 31376958 
63100029480 35920437 31381787 
63200035167 35929683 31388747 
63300026215 35938640 31395582 
63400034260 35946753 31402075 
63500031875 35957475 31410174 
63600033998 35968734 31418720 
63700243920 35976582 31425237 
63800031377 35988859 31434806 
63900033947 36000461 31443863 
64000030894 36012059 31453037 
64100034491 36021287 31460624 
64200030381 36034502 31471200 
64300033820 36049054 31482845 
64400030098 36062716 31493866 
64500033064 36072641 31502112 
64600031155 36088134 31514433 
64700033876 36104107 31527006 
64800018595 36114938 31535929 
64900036508 36130620 31548417 
65000034861 36148200 31562192 
65100034745 36163992 31574633 
65200034095 36178702 31586240 
65300034074 36193921 31598313 
65400031824 36214143 31613895 
65500028575 36232837 31628411 
65600023455 36245820 31638838 
65700002384 36422074 31779287 
65800006888 36433417 31789365 
65900035705 36439005 31794653 
66000031263 36445015 31800230 
66100022178 36451370 31806153 
66200026887 36457415 31811923 
66300030262 36464851 31818786 
66400030635 36470863 31824465 
66500018048 36478260 31831276 
66600031610 36485306 31837835 
66700025673 36491296 31843476 
66800035598 36499601 31851102 
66900021781 36507187 31858138 
67000034145 36513500 31864058 
67100029776 36521614 31871601 
67200026698 36528992 31878504 
67300029178 36535205 31884410 
67400034786 36543101 31891715 
67500028296 36546630 31895096 
67600029394 36550718 31898939 
67700032605 36555030 31903050 
67800032379 36558864 31906719 
67900006559 36563653 31911237 
68000006753 36941104 32281601 
68100005763 37249898 32582646 
68200009818 37745540 33059538 
68300012377 37845644 33155617 
68400006045 38374896 33659972 
68500018077 38624671 33870331 
68600005919 38657124 33884871 
68700005477 38690128 33898856 
68800011872 38725999 33913213 
68900010374 38763084 33930129 
69000010573 38799210 33945830 
69100006375 38836792 33961954 
69200007295 38874522 33978005 
69300011336 38911640 33994150 
69400006171 38947288 34009454 
69500015676 38984611 34025564 
69600010203 39020945 34041719 
69700009666 39056596 34057926 
69800007747 39092613 34073459 
69900016438 39128953 34088708 
70000021184 39165102 34104186 
70100009118 39201550 34120037 
70200007845 39237629 34135243 
70300007692 39273322 34150911 
70400022466 39309063 34166464 
70500019765 39345811 34182822 
70600004797 39382033 34198760 
70700006312 39417855 34214046 
70800010225 39454876 34230052 
70900008294 39492269 34246743 
71000012247 39529134 34263083 
71100070191 39565200 34279105 
71200011724 39602293 34296537 
71300005007 39639321 34312090 
71400010999 39675780 34327960 
71500008226 39711958 34343836 
71600008041 39749036 34360384 
71700008666 39784947 34375624 
71800007791 39821283 34391167 
71900011493 39857485 34406491 
72000011099 39893909 34422295 
72100006128 39930031 34437956 
72200016797 39966353 34453430 
72300007435 40002028 34469380 
72400007614 40038686 34485712 
72500009564 40075485 34502365 
72600002974 40112221 34518862 
72700010184 40147815 34533321 
72800012165 40183198 34547273 
72900005610 40218100 34561320 
73000019311 40253846 34576909 
73100006530 40289928 34592968 
73200009025 40326104 34608881 
73300004692 40363147 34625056 
73400012703 40398949 34640591 
73500009262 40435099 34656615 
73600018754 40470945 34672273 
73700016489 40506130 34688108 
73800003767 40542258 34704693 
73900016883 40578648 34720684 
74000005369 40615264 34736745 
74100010825 40651246 34752356 
74200019183 40687678 34768678 
74300011125 40722790 34783690 
74400006699 40758630 34800000 
74500068936 40794228 34815780 
74600008019 40829869 34832013 
74700016558 40865636 34848117 
74800016919 40902016 34863822 
74900005681 40937616 34879914 
75000020282 40974415 34897296 
75100015638 41010557 34913532 
75200019168 41046684 34930461 
75300017403 41082465 34947165 
75400005847 41118779 34963281 
75500008791 41154355 34979000 
75600006869 41190406 34995104 
75700008930 41226341 35010813 
75800007328 41262282 35027028 
75900006954 41298175 35042045 
76000006084 41334568 35058146 
76100006477 41370651 35074575 
76200008281 41406331 35089922 
76300008349 41442447 35106557 
76400011445 41478692 35123021 
76500007043 41515130 35139927 
76600004043 41625472 35214653 
76700002426 41701745 35260205 
76800007812 41850207 35385627 
76900007105 42457612 35947857 
77000012017 43052170 36495315 
77100012942 43690760 37074393 
77200005746 44291035 37627357 
77300015083 44871182 38158282 
77400009486 45526041 38756201 
77500011893 46124173 39306100 
77600008544 46762959 39886135 
77700006072 47366811 40443419 
77800015032 47950211 40978839 
77900008623 48604288 41572873 
78000014039 49208770 42129763 
78100010181 49845141 42708888 
78200011069 50445735 43263012 
78300014403 51028565 43796612 
78400010653 51686773 44396383 
78500014072 52286525 44948897 
78600005458 52923715 45524440 
78700008794 53526843 46080623 
78800016236 54107421 46611408 
78900006822 54772737 47217113 
79000013267 55370010 47766656 
79100008149 56014617 48350821 
79200008456 56625557 48914411 
79300005145 57250770 49482535 
79400011585 57862858 50045162 
79500014767 58454704 50588401 
79600009489 59105090 51178925 
79700008136 59709970 51735686 
79800008466 60346536 52312322 
79900007675 60955165 52872334 
80000013876 61544002 53411743 
80100008819 62209777 54016928 
80200009461 62814338 54573348 
80300008060 63458880 55157145 
80400008754 64070438 55721780 
80500005876 64485449 56104077 
80600012971 64724557 56335750 
80700008151 64955263 56560502 
80800021429 64965023 56569943 
80900016052 64974090 56578254 
81000019169 64983287 56586763 
81100018036 64991391 56594236 
81200027410 64999650 56601954 
81300023426 65008291 56610026 
81400016434 65016350 56617574 
81500025180 65024602 56625205 
81600026907 65032425 56632451 
81700018566 65040373 56639910 
81800026378 65048577 56647565 
81900023691 65056985 56655425 
82000025143 65065132 56662993 
82100018926 65072946 56670334 
82200018991 65080346 56677286 
82300019704 65088224 56684673 
82400025719 65096093 56692069 
82500013414 65103977 56699318 
82600014018 65111694 56706565 
82700019361 65120588 56714985 
82800019585 65129036 56722816 
82900025228 65137882 56731123 
83000017167 65145190 56737947 
83100008816 65246394 56835798 
83200003834 66045516 57587017 
83300008087 66478419 57990474 
83400012211 66935610 58407044 
83500018129 66970546 58422222 
83600005747 67005662 58436644 
83700019256 67043954 58454590 
83800011078 67081910 58472746 
83900016808 67123026 58492746 
84000010530 67164644 58513209 
84100001759 67205704 58532155 
84200006324 67246470 58552093 
84300010793 67288150 58572388 
84400001746 67325766 58588504 
84500017811 67367999 58608799 
84600004717 67409251 58629415 
84700013174 67450335 58649537 
84800006098 67490949 58669854 
84900012472 67531959 58688416 
85000006602 67572097 58707507 
85100012423 67613279 58727073 
85200006645 67654571 58746607 
85300010503 67695011 58765205 
85400005606 67735320 58784434 
85500018874 67775642 58804255 
85600020915 67817387 58824672 
85700005119 67857295 58844650 
85800010487 67897869 58863532 
85900012712 67938363 58883586 
86000003040 67977058 58903718 
86100020122 68017864 58922575 
86200007057 68056902 58941896 
86300004716 68098740 58961892 
86400010893 68140361 58980464 
86500009008 68179979 58998700 
86600002118 68219755 59017707 
86700005493 68260181 59037615 
86800006504 68299453 59056016 
86900068226 68339067 59074733 
87000008936 68378139 59093718 
87100007986 68417776 59113397 
87200006034 68455769 59131393 
87300008145 68494648 59149851 
87400009440 68535714 59170270 
87500012185 68576362 59189885 
87600006271 68617062 59209788 
87700005426 68656106 59227594 
87800008789 68692045 59242449 
87900004966 68727125 59257646 
88000020164 68762213 59272332 
88100011642 68798760 59289845 
88200042515 68836981 59307916 
88300024415 68875912 59325977 
88400010669 68915222 59344547 
88500011214 68954622 59362993 
88600006964 68992289 59379206 
88700009256 69032052 59397492 
88800011599 69071636 59416477 
88900015744 69111603 59435379 
89000022959 69151015 59453814 
89100006271 69190391 59472274 
89200009190 69230274 59490705 
89300016286 69270416 59510480 
89400016829 69310191 59528650 
89500021770 69349913 59548252 
89600012290 69390048 59567264 
89700008718 69429790 59586488 
89800022462 69469522 59605099 
89900001117 69509818 59625960 
90000008143 69549893 59645359 
90100020168 69589353 59664764 
90200011530 69626692 59681738 
90300008521 69663951 59698944 
90400008461 69701028 59715876 
90500023161 69739215 59734681 
90600006196 69776747 59752493 
90700012784 69813157 59768894 
90800008816 69850869 59786704 
90900011011 69887588 59803725 
91000004742 69923513 59820094 
91100004236 69961632 59838076 
91200021495 69999937 59856208 
91300006749 70038827 59874738 
91400006913 70637199 60417740 
91500005628 71443204 61161399 
91600004833 72249745 61905251 
91700007408 73050015 62644700 
91800005779 73856482 63388091 
91900003613 74658972 64129007 
92000006706 75464959 64872907 
92100008053 76272150 65618034 
92200013984 77069141 66351872 
92300011741 77862281 67083524 
92400009709 78655095 67815814 
92500017593 79448956 68547276 
92600008386 80243602 69277552 
92700009347 81098607 70059473 
92800008021 81906206 70804543 
92900004923 82717536 71552387 
93000005236 83527688 72300453 
93100004750 84338868 73050064 
93200005948 85143852 73792937 
93300006966 85952763 74538606 
93400004415 86762902 75286203 
93500009521 87572468 76033908 
93600019731 88370111 76768538 
93700010057 89170877 77506660 
93800015709 89972762 78245564 
93900012527 90772014 78982514 
94000004124 91616691 79757169 
94100003485 92434177 80509253 
94200004122 93252572 81265085 
94300015989 93577796 81571523 
94400009862 93674518 81662450 
94500008634 93937989 81916132 
94600012591 94159064 82129774 
94700008466 94348486 82310789 
94800006909 95279919 83199306 
94900004677 95621962 83533156 
95000011591 95957721 83862886 
95100019817 95985317 83889666 
95200016605 96011070 83914541 
95300017236 96036420 83939176 
95400010833 96061848 83963917 
95500020830 96087084 83988454 
95600007952 96114141 84014788 
95700005601 96749897 84630733 
95800001608 97224553 85095760 
95900010987 98063609 85861736 
96000012067 98851232 86571529 
96100020764 99639232 87281552 
96200009226 100403324 87969913 
96300012258 101169915 88660443 
96400014270 101968051 89379316 
96500012245 102733629 90068799 
96600013973 103531047 90789742 
96700009863 104291096 91475036 
96800010792 105050954 92159228 
96900005514 105809806 92843071 
97000010800 106570883 93531173 
97100014934 107353138 94234126 
97200015451 107700120 94572804 
97300008407 108331276 95183470 
97400002073 108780016 95623586 
97500011893 109863454 96624823 
97600011509 110889038 97559069 
97700005937 111921631 98501515 
97800004210 112944574 99434920 
97900013594 113967767 100370428 
98000004522 115000401 101313715 
98100014155 116032760 102255681 
98200004912 117070468 103203170 
98300004962 118105934 104147777 
98400013214 119145213 105094236 
98500006168 119468647 105412538 
98600009289 120290139 106188806 
98700007105 120735734 106625057 
98800019473 120933391 106819417 
98900022912 120947647 106833015 
99000022578 120960628 106845471 
99100015028 120972763 106857045 
99200021172 120985210 106868746 
99300013214 120997427 106880055 
99400021960 121009124 106890559 
99500023109 121020805 106901592 
99600021981 121033049 106913238 
99700017549 121044636 106924297 
99800011897 121056305 106935497 
99900021659 121067602 106946277 
100000016452 121078894 106957040 
100100017470 121090779 106968432 
100200023077 121102956 106980062 
100300023631 121115200 106991759 
100400019060 121126996 107003022 
100500018173 121716985 107562569 
100600011946 121751211 107577549 
100700003026 121784413 107591474 
100800010333 121817277 107606194 
100900010885 121852027 107622969 
101000007203 121886949 107640026 
101100008108 121923124 107656532 
101200011317 121959711 107673630 
101300009135 121996185 107691369 
101400004762 122031627 107708430 
101500005064 122067827 107725904 
101600008875 122104283 107744543 
101700009516 122141043 107762828 
101800017468 122177175 107780186 
101900010965 122213541 107797788 
102000008202 122250114 107815896 
102100005318 122286641 107834056 
102200010241 122322463 107851492 
102300007889 122358786 107869073 
102400011817 122395363 107886513 
102500004813 122431118 107903938 
102600010298 122468113 107921264 
102700006914 122504991 107940048 
102800005777 122542918 107959262 
102900005576 122579429 107977016 
103000007520 122615342 107994817 
103100011057 122651251 108011606 
103200011678 122687046 108028461 
103300009991 122723069 108045438 
103400010467 122759125 108062575 
103500005247 122794300 108078747 
103600004815 122830236 108095373 
103700004790 122865942 108112771 
103800008962 122900270 108128108 
103900008001 122936651 108145638 
104000008447 122974185 108164293 
104100007969 123010655 108181890 
104200004649 123353407 108489135 
104300003806 129423063 111631027 
104400004917 131810068 112971564 
104500002246 132394091 113546070 
104600017395 132519743 113668858 
104700014385 132604565 113750199 
104800004875 132775666 113915354 
104900016385 132889320 114026151 
105000004076 133198465 114313791 
105100010376 133502322 114586338 
105200012810 133590127 114672277 
105300008223 133777962 114854095 
105400027207 133877102 114950709 
105500010339 133967596 115033419 
105600009699 134012578 115058306 
105700010379 134055887 115082095 
105800012918 134097427 115104607 
105900010649 134135403 115122128 
106000009456 134175979 115140075 
106100008019 134213966 115157771 
106200010717 134252832 115175173 
106300008592 134288415 115191950 
106400011947 134325406 115209011 
106500008099 134362459 115225614 
106600009207 134397742 115242586 
106700009189 134432151 115259319 
106800004580 134466823 115275824 
106900011477 134505477 115293277 
107000013883 134542981 115310146 
107100009995 134581880 115327138 
107200008523 134619850 115344395 
107300009386 134656784 115361158 
107400009241 134693770 115378386 
107500011553 134731732 115395908 
107600009194 134769387 115412950 
107700007817 134807191 115430368 
107800014357 134843350 115447043 
107900010281 134878641 115463869 
108000011609 134916228 115481391 
108100012634 134951016 115498046 
108200010143 134986689 115514954 
108300013589 135021893 115530961 
108400009014 135284021 115783650 
108500012806 135697714 116176440 
108600009842 135837021 116313440 
108700013162 135903738 116378713 
108800010940 136879238 117332319 
108900012828 137822535 118242452 
109000018538 138732833 119112861 
109100017337 139605582 119940667 
109200019425 140442438 120740451 
109300021364 141246049 121513860 
109400001770 142026798 122270873 
109500015100 143099623 123311204 
109600007413 143792498 123984266 
109700019061 144455344 124628696 
109800008270 145375950 125523058 
109900013840 145964399 126093921 
110000010136 146780924 126884867 
110100016472 147292850 127379700 
110200001664 147770744 127840872 
110300002301 148407691 128451943 
110400008978 148798207 128823695 
110500017612 149314425 129316639 
110600025010 149768456 129740298 
110700002272 150100373 130038378 
110800011955 150371493 130266905 
110900017246 150631144 130468554 
111000016884 150811345 130586091 
111100014808 150886020 130625104 
111200006224 151222645 130946724 
111300008992 151515965 131226413 
111400002464 151856505 131528700 
111500009009 152286856 131913152 
111600001452 155515995 134070739 
111700001931 158961013 136926664 
111800002230 162454457 139967959 
111900001713 165950708 143078076 
112000002128 169428446 146227498 
112100008247 172910018 149407847 
112200001772 176388743 152609579 
112300001658 179804894 155810671 
112400002233 183215161 158997627 
112500003719 186631398 162197016 
112600001501 190039535 165396800 
112700002488 193455194 168612413 
112800001898 196880958 171844084 
112900002284 200309164 175087248 
113000003518 203712626 178313515 
113100002521 207114431 181544933 
113200001080 210534861 184796987 
113300001776 213948209 188049571 
113400002732 217356843 191299032 
113500003474 220779083 194564554 
113600002484 224187894 197819284 
113700001494 227607031 201088573 
113800001635 231015494 204351006 
113900001850 234434071 207627172 
114000002322 237834229 210882240 
114100001762 241241908 214150671 
114200004140 244664057 217435588 
114300002346 248084485 220720393 
114400008983 251507969 224011274 
114500002401 254913151 227291447 
114600001621 258361875 230622056 
114700002233 261824099 233965315 
114800001909 265271394 237291945 
114900001478 268711556 240612010 
115000002668 272170381 243952118 
115100002366 275613561 247279162 
115200002475 279024842 250577101 
115300002301 282440120 253875731 
115400002709 285853287 257173407 
115500002414 289260038 260462270 
115600002259 292629929 263708207 
115700001452 296015276 266962502 
115800003296 299390481 270195537 
115900002895 302769460 273430313 
116000003548 306141912 276654363 
116100004208 309524471 279882623 
116200002396 312892761 283083464 
116300003117 316267065 286278617 
116400001767 319480366 289319060 
116500001708 322433844 292110151 
116600002217 325394512 294888020 
116700002464 328346361 297637624 
116800001602 331269736 300313001 
116900001597 334201655 302907940 
117000002279 337017002 305152700 
117100002232 340298994 308244666 
117200002310 343713013 311538157 
117300001847 347127820 314832511 
117400002008 350506970 318091110 
117500001791 353896599 321351462 
117600001690 357286542 324602492 
117700001909 360646047 327814574 
117800001940 364024894 331043778 
117900001916 367403252 334267411 
118000003762 370776123 337475452 
118100001635 374140650 340668767 
118200001828 377511752 343855766 
118300002029 380883319 347027699 
118400002495 384232052 350163996 
118500002552 387559436 353257931 
118600002615 390886269 356318970 
118700002231 394195720 359280921 
118800001653 397474709 362097004 
118900002221 400447422 364559917 
119000002769 403574693 367573805 
119100001637 406690743 370580505 
119200003425 409768018 373554236 
119300003373 412850670 376530349 
119400003455 415927061 379488827 
119500003237 418997661 382432621 
119600001637 422072361 385373279 
119700002120 425128252 388294643 
119800002806 428183799 391205612 
119900003139 431230901 394099681 
120000002805 434271933 396975825 
120100001996 437305240 399833707 
120200003191 440347273 402680528 
120300002180 443364321 405485389 
120400001879 446406330 408284066 
120500002156 449430342 411007579 
120600002907 452442251 413611550 
120700013236 454188815 414905214 
120800013033 454429698 415135356 
120900003916 455226503 415841555 
121000022701 455307857 415921832 
121100021901 455354362 415967553 
121200017447 455399045 416011511 
121300016685 455446602 416057987 
121400019802 455497791 416107892 
121500023496 455550742 416159426 
121600010828 455594402 416201900 
121700020509 455638856 416245457 
121800017635 455725862 416329197 
121900009883 455775620 416377380 
122000010084 455822663 416422920 
122100019251 455870362 416469431 
122200109378 456282205 416873612 
122300020313 457047625 417629668 
122400010237 457261298 417841209 
122500013089 457616462 418189638 
122600016043 457689542 418253935 
122700015724 457756960 418311931 
122800018555 457824623 418369748 
122900020809 457924373 418461014 
123000015371 458028309 418560533 
123100015192 458384683 418847416 
123200008461 458619312 419009358 
123300012498 458843535 419198483 
123400008286 459108116 419451753 
123500015624 459864947 420201644 
123600011140 459902515 420238125 
123700018621 459937414 420271890 
123800017990 459972741 420306169 
123900011557 460008709 420341069 
124000012019 460046938 420378109 
124100011708 460162304 420492786 
124200024531 460306409 420635648 
124300030104 460321735 420650797 
124400028925 460330634 420659577 
124500031089 460339877 420668719 
124600033423 460348814 420677552 
124700030019 460358452 420687024 
124800030862 460368414 420696802 
124900014322 460660274 420985680 
125000018359 460695290 421019545 
125100014323 460729445 421052353 
125200008615 460763182 421084825 
125300013733 460798987 421119240 
125400016867 460888508 421207179 
125500008662 461033907 421351038 
125600018621 461119663 421435900 
125700013766 461336148 421648273 
125800013802 461365190 421676241 
125900013853 461392043 421701949 
126000014777 461419284 421727914 
126100014165 461446389 421753783 
126200013940 461474044 421780191 
126300016709 461501280 421806161 
126400015419 461530160 421833804 
126500006113 461835582 422133919 
126600006588 462244771 422530640 
126700008640 462578706 422850289 
126800012446 462903586 423162145 
126900028513 462912099 423170441 
127000034865 462916226 423174374 
127100012361 462920594 423178616 
127200034117 462925131 423183011 
127300034571 462930423 423188069 
127400035733 462933369 423190813 
127500037568 462935998 423193245 
127600011690 462938509 423195574 
127700037290 462941004 423197847 
127800014187 462943566 423200197 
127900015283 462945939 423202358 
128000036678 462948735 423204888 
128100020305 462951355 423207254 
128200036030 462953754 423209368 
128300037163 462956320 423211657 
128400036203 462958984 423213984 
128500035318 462961761 423216398 
128600006193 462970747 423219946 
128700018253 462985640 423223827 
128800029781 463001394 423228363 
128900033118 463016320 423232156 
129000097424 463031592 423236157 
129100082843 463047193 423240400 
129200034094 463061364 423244004 
129300033916 463076827 423248026 
129400035378 463092135 423251937 
129500013253 463107432 423255885 
129600005432 463122281 423259782 
129700028727 463137766 423263964 
129800008842 463152309 423267582 
129900032636 463167306 423271529 
130000030094 463182817 423275705 
130100031437 463197876 423279735 
130200009370 463213116 423283616 
130300030528 463228106 423287585 
130400029607 463243483 423291665 
130500009497 463258890 423296041 
130600030961 463273639 423299728 
130700032515 463289179 423303882 
130800032674 463304310 423307739 
130900008164 463319828 423312065 
131000007760 463335083 423316006 
131100008716 463350514 423320190 
131200010326 463365436 423323945 
131300009363 463380680 423328111 
131400008914 463395666 423332023 
131500034134 463410976 423336132 
131600032833 463425315 423339769 
131700009704 463440994 423344066 
131800007792 463456187 423348195 
131900028344 463471310 423352481 
132000030083 463486876 423356545 
132100020958 463501191 423360162 
132200028985 463516316 423364209 
132300009887 463530720 423367836 
132400033992 463545808 423372106 
132500011945 463561199 423376149 
132600008920 463576812 423380442 
132700009740 463591576 423384128 
132800023527 463607008 423388312 
132900008950 463622486 423392542 
133000034830 463637896 423396740 
133100013263 463653899 423400935 
133200021693 463668093 423404428 
133300028699 463683686 423408721 
133400024163 463700480 423415996 
133500023866 463720005 423430902 
133600023054 463740047 423446218 
133700023570 463758889 423460612 
133800022742 463778615 423474720 
133900022823 463798630 423489789 
134000025362 463817120 423503824 
134100022977 463836614 423518174 
134200004914 463856623 423533123 
134300022419 463874974 423546739 
134400021341 463895637 423562801 
134500023140 463914479 423577038 
134600005215 463934955 423591940 
134700025951 463954648 423606767 
134800021410 463973074 423620454 
134900021911 463993086 423635849 
135000022490 464011374 423649228 
135100022211 464030929 423664189 
135200082931 464049921 423678526 
135300023280 464069411 423692967 
135400026159 464089246 423708195 
135500021150 464107612 423721831 
135600017541 464126555 423736161 
135700026047 464145521 423750569 
135800023102 464165180 423765592 
135900026775 464184127 423779737 
136000007331 464204596 423794832 
136100023132 464223632 423809077 
136200026150 464242174 423823051 
136300005270 464260376 423836485 
136400005077 464279985 423851163 
136500005114 464300063 423866270 
136600025213 464319381 423880973 
136700024430 464339974 423895763 
136800024246 464359804 423910811 
136900024183 464378864 423925040 
137000025451 464398815 423939907 
137100024920 464419207 423954724 
137200024749 464439899 423970037 
137300021192 464460092 423985170 
137400005342 464479638 423999948 
137500025820 464498421 424013887 
137600023716 464518364 424029210 
137700025249 464537286 424043704 
137800022920 464557087 424058260 
137900024554 464577152 424073740 
138000005035 464596554 424088114 
138100022871 464614517 424101264 
138200022072 464633481 424115347 
138300024484 464653838 424130937 
138400023692 464671898 424144555 
138500024229 464691859 424159009 
138600023862 464711304 424173608 
138700025331 464728547 424186249 
138800022791 464748668 424201090 
138900004225 464768568 424216385 
139000023036 464789220 424231885 
139100022878 464807200 424245542 
139200023631 464825316 424258674 
139300022622 464844584 424273270 
139400024880 464863196 424287220 
139500020592 464883139 424301289 
139600022225 464902534 424315768 
139700004955 464920519 424328988 
139800020671 464944185 424346907 
139900025703 464963156 424361089 
140000022453 464983104 424376327 
140100021837 465003235 424391791 
140200021268 465022908 424406245 
140300025931 465043168 424421226 
140400019936 465061302 424434696 
140500023403 465081015 424449560 
140600026570 465101238 424464794 
140700023816 465119854 424478506 
140800004836 465138318 424492078 
140900005863 465158913 424507672 
141000024131 465177322 424521497 
141100022155 465198102 424535966 
141200024623 465217736 424550550 
141300023044 465236901 424564616 
141400026370 465255647 424578803 
141500023707 465274126 424592660 
141600097517 465293768 424607593 
141700004077 465312738 424621722 
141800004616 465332436 424635987 
141900022241 465351555 424650157 
142000022589 465371029 424665264 
142100005156 465517321 424807325 
142200026405 465688296 424975775 
142300026642 465692479 424979787 
142400034456 465696610 424983723 
142500023109 465700406 424987405 
142600013510 465704775 424991610 
142700015533 465709207 424995753 
142800037059 465711729 424998019 
142900036362 465714414 425000461 
143000037580 465717128 425002918 
143100036115 465719702 425005229 
143200014797 465722349 425007620 
143300015223 465725091 425010011 
143400028890 465727285 425011922 
143500015066 465729629 425013970 
143600037872 465732061 425016085 
143700011033 465734553 425018259 
143800036070 465737028 425020419 
143900037614 465739639 425022710 
144000027280 465754306 425027312 
144100028925 465769769 425031164 
144200033936 465784647 425034980 
144300032107 465800389 425039077 
144400030711 465815633 425042790 
144500008554 465831011 425046894 
144600009478 465846220 425050685 
144700032718 465862349 425055014 
144800032766 465878218 425058922 
144900032610 465893752 425062992 
145000010524 465909665 425066861 
145100031917 465924733 425070467 
145200028246 465941000 425074873 
145300008740 465956260 425078505 
145400006367 465972496 425082727 
145500010197 465988496 425086679 
145600030555 466004384 425091011 
145700004864 466019785 425094821 
145800032618 466035969 425099075 
145900033170 466051515 425102976 
146000030205 466067333 425107128 
146100037930 466083011 425111112 
146200030856 466098920 425115456 
146300028956 466115554 425119938 
146400034270 466131053 425123972 
146500032806 466146267 425127777 
146600032883 466162222 425131801 
146700030990 466177043 425135603 
146800013744 466193417 425139816 
146900009611 466207890 425143388 
147000033234 466224036 425147828 
147100028995 466240404 425152253 
147200028576 466256570 425156657 
147300009025 466272202 425160458 
147400029690 466288318 425164851 
147500033371 466303939 425168806 
147600031795 466319108 425172823 
147700035185 466335121 425176973 
147800030087 466350097 425180748 
147900033402 466366427 425184942 
148000008668 466383009 425189266 
148100013740 466398880 425193484 
148200034263 466414345 425197451 
148300032338 466430660 425201744 
148400012141 466446710 425205683 
148500031880 466462552 425209934 
148600030856 466478506 425213933 
148700011170 466493934 425218137 
148800022005 466511905 425226772 
148900019708 466531470 425241911 
149000024720 466552021 425257319 
149100025226 466571979 425272384 
149200023744 466590381 425286142 
149300022350 466610090 425300450 
149400023229 466628474 425313771 
149500026817 466647707 425328289 
149600022012 466668375 425344162 
149700004991 466687666 425358797 
149800024769 466708099 425373640 
149900004952 466728240 425388990 
150000023415 466747746 425403620 
150100024441 466766098 425417345 
150200022932 466785489 425431695 
150300020286 466805966 425447092 
150400021756 466825098 425461203 
150500007085 466844219 425474945 
150600025708 466863261 425489149 
150700025151 466881612 425502624 
150800022217 466899931 425515976 
150900019596 466918926 425530019 
151000023954 466938602 425544479 
151100024604 466956982 425557951 
151200026700 466977609 425573350 
151300024219 466996694 425587517 
151400004434 467015249 425601199 
151500024473 467034042 425614845 
151600025057 467053435 425629463 
151700023757 467074561 425645515 
151800025651 467092521 425659244 
151900022573 467113079 425674250 
152000023782 467131890 425688189 
152100023432 467151090 425702406 
152200022910 467170675 425717155 
152300015273 467192039 425732568 
152400087873 467212461 425747769 
152500004976 467232023 425762411 
152600027955 467250947 425776381 
152700024035 467269617 425790059 
152800025170 467290057 425805767 
152900026447 467308620 425819283 
153000024674 467328405 425833650 
153100023038 467347304 425847568 
153200004344 467367400 425862539 
153300025131 467385967 425876272 
153400022318 467405974 425891501 
153500026514 467427026 425907737 
153600004295 467445388 425921413 
153700025641 467466096 425937181 
153800022503 467486590 425952974 
153900016991 467504832 425966695 
154000023767 467524664 425981742 
154100024178 467544031 425996282 
154200022598 467564142 426011307 
154300025041 467583110 426025540 
154400022123 467602610 426040277 
154500023135 467623177 426055451 
154600022916 467642033 426069734 
154700024834 467662529 426084294 
154800024270 467682232 426098752 
154900024233 467701276 426113045 
155000023298 467720542 426127456 
155100023854 467740060 426141925 
155200026734 467759474 426156706 
155300004962 467779148 426171549 
155400026405 467799824 426186643 
155500025694 467820705 426202813 
155600023401 467839023 426216436 
155700005214 467859292 426231847 
155800004539 467878208 426245647 
155900024890 467896585 426259197 
156000025592 467914750 426272643 
156100025071 467934855 426287575 
156200003437 467953749 426301938 
156300024255 467974356 426317384 
156400025530 467994200 426332282 
156500024578 468013410 426346850 
156600021697 468031731 426360356 
156700020848 468050015 426373591 
156800023070 468069921 426388799 
156900021731 468089760 426403375 
157000024571 468109522 426417940 
157100022382 468128234 426431716 
157200025780 468145744 426444366 
157300003850 468243534 426538273 
157400002089 469121970 427290561 
157500003627 469319920 427412669 
157600003398 469485485 427544618 
157700003288 469695396 427714884 
157800006578 470299732 428265627 
157900005109 471263023 429164151 
158000003866 472201939 430034574 
158100009455 473160718 430912368 
158200019940 473711995 431451120 
158300018434 473891921 431625826 
158400017779 474113817 431840867 
158500011440 474278360 431998774 
158600011605 474307189 432015931 
158700012612 474336024 432032819 
158800012430 474364263 432049609 
158900008404 474392880 432066919 
159000011917 474421447 432083987 
159100012428 474449896 432101171 
159200012836 474478228 432117983 
159300011714 474507258 432135034 
159400012592 474536269 432152655 
159500013450 474565461 432170040 
159600011939 474594213 432187151 
159700013671 474623392 432204681 
159800011684 474652749 432222147 
159900013038 474681613 432239322 
160000011883 474709646 432256073 
160100013617 474737578 432273061 
160200012165 474766333 432290665 
160300013288 474795178 432308019 
160400012499 474824565 432325351 
160500010988 474854225 432343061 
160600011411 474883859 432360956 
160700013971 474911876 432377304 
160800012266 474937416 432391258 
160900007380 475464187 432899017 
161000010832 476007686 433420789 
161100012120 476198088 433607433 
161200014864 476308335 433715262 
161300015524 476329220 433735365 
161400016202 476348233 433753719 
161500011224 476366818 433771600 
161600012353 476384994 433789120 
161700014754 476403519 433806985 
161800014912 476423344 433826085 
161900013213 476744009 434135946 
162000013971 476877351 434265503 
162100016413 476900928 434287885 
162200013323 476921941 434308066 
162300017191 476942898 434327992 
162400011846 476964313 434348476 
162500012662 476987039 434370126 
162600019500 477390889 434766837 
162700001765 477792790 435160895 
162800009420 478030789 435392097 
162900005188 478438632 435778674 
163000006732 478823523 436156163 
163100001151 479947958 437249041 
163200013074 480085759 437382139 
163300014917 480138793 437431554 
163400010763 480189041 437478218 
163500014515 480238709 437524327 
163600018239 480288888 437570537 
163700026803 480339107 437617026 
163800013634 480391717 437665472 
163900010773 480443609 437713743 
164000014656 480496566 437763184 
164100008885 480837196 438095563 
164200006752 481449432 438684577 
164300011830 481914030 439129776 
164400002437 483387127 440470498 
164500007501 484535658 441525787 
164600012086 485459526 442413168 
164700012092 485580577 442528825 
164800012034 485702411 442647424 
164900001450 485894794 442836397 
165000017919 486446456 443182278 
165100009062 486768167 443370758 
165200015514 486880900 443437678 
165300009271 486962958 443488346 
165400020493 487093381 443576058 
165500020100 487409927 443769820 
165600014123 487697650 443945154 
165700008482 488027058 444242778 
165800007410 488385594 444589381 
165900023506 488718405 444878114 
166000018613 488823498 444948146 
166100006941 489226071 445310139 
166200005709 489584082 445656328 
166300012450 489899000 445951362 
166400014968 489974904 446014306 
166500016780 490145653 446124693 
166600014537 490264258 446198632 
166700021566 490307360 446214783 
166800007164 490605105 446394230 
166801317965 490617766 446405292 
