#PERF_COUNT_HW_INSTRUCTIONS #PERF_COUNT_HW_CPU_CYCLES #PERF_COUNT_HW_CACHE_LL_ACCESS_W #PERF_COUNT_HW_CACHE_LL_MISS_W 
100066756 67082805 14705 6373 
200003567 137964745 20199 7936 
300012850 201028948 23259 8257 
400014942 263733345 28958 8979 
500022340 321156837 31607 9674 
600015256 378084215 33160 10135 
700018197 435362904 35467 10766 
800015721 492424221 37928 11375 
900015160 548427043 40471 11759 
1000006208 604668485 43301 12430 
1100021774 660644743 45179 12862 
1200015163 715139244 45931 13097 
1300021299 770512141 47990 13621 
1400008414 825212849 49283 13951 
1500023121 879100905 50210 14171 
1600025771 934443091 52738 14664 
1700016312 988612418 53145 14775 
1800022840 1044219062 56331 15437 
1900023391 1098651875 56730 15533 
2000024860 1153510466 58620 15918 
2100025704 1207505540 59132 16004 
2200014500 1260919449 59610 16089 
2300021052 1315595159 61474 16392 
2400014806 1369190662 61996 16489 
2500026688 1423695605 63743 16769 
2600020974 1477054673 64262 16894 
2700019580 1531653593 65801 17165 
2800021714 1584690820 66633 17314 
2900007473 1637933590 67133 17423 
3000023810 1691801923 68596 17661 
3100021196 1744780093 69034 17755 
3200025448 1797456837 69519 17850 
3300024496 1851788758 71011 18119 
3400025552 1904815919 71447 18199 
3500016211 1958890775 71867 18305 
3600024673 2016316111 73231 18625 
3700016831 2069500738 73648 18725 
3800024354 2122536155 74083 18831 
3900023222 2176722487 75166 19148 
4000019779 2229683511 75544 19266 
4100022642 2282644538 76001 19394 
4200017870 2336556178 77162 19651 
4300023716 2389458171 77577 19751 
4400023697 2442398245 78022 19872 
4500022547 2496394579 79057 20100 
4600024068 2549285827 79500 20207 
4700012391 2601495739 79737 20227 
4800020440 2654241344 80164 20312 
4900022891 2708221073 81132 20533 
5000023172 2761027549 81602 20642 
5100020375 2813341027 82074 20745 
5200023363 2867490922 83058 20939 
5300000530 2919788243 83232 20958 
5400024551 2972071447 83654 21055 
5500026819 3024368683 84127 21173 
5600013468 3078166770 85063 21364 
5700029129 3130156219 85484 21463 
5800021504 3183017851 85932 21551 
5900026138 3234790551 86076 21574 
6000012416 3289725711 89627 22014 
6100021415 3342185676 90015 22251 
6200019653 3394724738 90417 22498 
6300023950 3447854816 90531 22523 
6400020523 3504609515 91781 23123 
6500021717 3557322355 92082 23220 
6600022968 3609492420 92508 23344 
6700016279 3661495353 92653 23368 
6800013906 3715498319 93486 23552 
6900022594 3767863971 93833 23649 
7000021867 3820051995 93980 23665 
7100024784 3872722213 94425 23758 
7200023545 3928402407 95485 23951 
7300023481 3981770016 95894 24038 
7400017100 4033198307 96021 24059 
7500010800 4085527980 96358 24155 
7600019695 4140896337 97301 24339 
7700020867 4193735599 97425 24350 
7800026706 4246133288 97761 24440 
7900025956 4298558087 98196 24567 
8000020548 4350369359 98355 24592 
8100022274 4405434745 99262 24772 
8200023967 4458851333 99583 24853 
8300014052 4510201661 99708 24874 
8400024203 4562403628 100057 24988 
8500003654 4617449389 101043 25183 
8600015366 4669838553 101165 25195 
8700022092 4722691628 101497 25268 
8800014765 4773537894 101580 25281 
8900019601 4825976887 101908 25380 
9000021751 4882346031 102978 25596 
9100021999 4934411149 103116 25623 
9200025374 4986586857 103476 25692 
9300017532 5039754457 103970 25795 
9400022653 5091426406 104038 25807 
9500018295 5146695798 105020 26000 
9600025672 5198887991 105224 26023 
9700023896 5250935104 105526 26102 
9800015028 5303801442 105845 26186 
9900023010 5355888146 105943 26199 
10000023043 5413832286 107223 26464 
10100019875 5465576661 107342 26475 
10200025991 5518244679 107762 26554 
10300014613 5569557846 107985 26570 
10400022815 5622526861 108380 26677 
10500022991 5677823056 109360 26859 
10600026075 5729100448 109541 26880 
10700023174 5780742750 109965 27012 
10800024212 5832545025 110059 27030 
10900023889 5884921581 110354 27121 
11000023065 5936464063 110457 27132 
11100025835 5995100355 111775 27383 
11200021771 6045842025 111966 27400 
11300012297 6097140632 112295 27484 
11400022735 6149354046 112680 27582 
11500024922 6200728753 112819 27600 
11600016501 6259798456 114029 27813 
11700020066 6315877310 114258 27830 
11800021729 6367584283 114698 27930 
11900022595 6418344452 114847 27944 
12000013902 6470383843 115241 28048 
12100014317 6522034142 115412 28069 
12200011658 6578766238 116708 28293 
12300023950 6630417723 116821 28319 
12400017246 6682293036 117196 28390 
12500023150 6733394321 117380 28407 
12600011325 6785422329 117727 28501 
12700028054 6836292123 117817 28518 
12800024394 6892414294 118862 28739 
12900021557 6943309968 119051 28758 
13000024495 6994967984 119353 28833 
13100013677 7045806032 119444 28847 
13200023029 7098269716 119746 28928 
13300016483 7149715490 119859 28956 
13400022791 7207160124 121125 29177 
13500023287 7258064920 121259 29191 
13600025884 7310130844 121674 29274 
13700012245 7361348018 121901 29286 
13800024588 7413871299 122242 29372 
13900023656 7465148226 122347 29389 
14000023061 7521940658 123372 29593 
14100024079 7572930813 123562 29608 
14200025036 7624889120 123931 29677 
14300027556 7675827373 124026 29688 
14400014433 7728390872 124405 29771 
14500013758 7780104484 124505 29781 
14600015358 7836388171 125468 29995 
14700025481 7888137949 125587 30009 
14800023451 7940409442 125888 30101 
14900026351 7991380122 126041 30111 
15000017933 8043436763 126378 30198 
15100022976 8093998043 126526 30219 
15200005142 8150479822 127537 30422 
15300019301 8201271417 127626 30449 
15400023800 8252860137 127862 30548 
15500024089 8303750912 128069 30565 
15600021420 8353796705 128252 30574 
15700074056 8405929863 128690 30682 
15800020382 8456753359 128917 30704 
15900018141 8512570500 129878 30906 
16000021392 8563079280 129976 30930 
16100019213 8614545687 130281 30999 
16200026547 8665440849 130463 31012 
16300024501 8716756649 130901 31109 
16400026500 8767991609 131140 31134 
16500017077 8826790442 132384 31383 
16600024645 8878343666 132496 31400 
16700000469 8929490120 132614 31423 
16800022487 8980833098 132983 31494 
16900024885 9031890538 133115 31510 
17000018070 9084052135 133400 31587 
17100021843 9134833191 133536 31604 
17200023020 9192201912 134677 31850 
17300024399 9243309597 134818 31869 
17400020041 9295288121 135126 31960 
17500017963 9346646774 135223 31976 
17600021529 9397404452 135299 31985 
17700023943 9449367206 135684 32120 
17800021549 9500452912 135813 32135 
17900019591 9557734028 136814 32319 
18000021438 9607654404 136956 32328 
18100008312 9659736636 137274 32386 
18200022687 9710389103 137445 32413 
18300005029 9762159988 137782 32498 
18400013055 9811987107 137844 32505 
18500024929 9862936660 137934 32522 
18600022143 9919853481 138850 32717 
18700023927 9969677339 138954 32728 
18800020894 10021753312 139290 32833 
18900022060 10072663308 139457 32848 
19000017775 10124751706 139867 32919 
19100021898 10174840070 140020 32928 
19200025686 10225832400 140214 32938 
19300020905 10298771382 141782 33240 
19400021760 10352865207 141950 33253 
19500023135 10407687772 142293 33335 
19600023321 10460831259 142477 33360 
19700022121 10513206448 142634 33375 
19800025468 10568273511 143019 33463 
19900019838 10621560916 143189 33477 
20000023613 10683684127 144650 33692 
20100024248 10737585484 144765 33708 
20200017705 10792163607 145044 33785 
20300022290 10845428263 145247 33802 
20400025281 10897894254 145461 33809 
20500016695 10952881606 145842 33896 
20600020091 11006102978 146009 33912 
20700021924 11065680675 147082 34080 
20800023306 11119154128 147248 34091 
20900022225 11173531463 147586 34164 
21000022190 11226396583 147680 34169 
21100022030 11280540459 147827 34179 
21200021826 11335564968 148222 34257 
21300017768 11388499281 148396 34268 
21400024335 11450710147 151344 34685 
21500012621 11504523395 151515 34717 
21600020816 11557394346 151657 34733 
21700022048 11613074636 151967 34940 
21800024373 11667319405 152065 34955 
21900024970 11721854771 152482 35221 
22000076673 11775572011 152683 35239 
22100012137 11835146995 153936 36316 
22200025270 11889801606 154299 36533 
22300020250 11943326459 154531 36565 
22400024109 11997075807 154893 36773 
22500022296 12051358720 155021 36788 
22600014588 12106591646 155407 37068 
22700017309 12159045758 155540 37074 
22800022576 12212503751 155690 37088 
22900011455 12278912509 157629 37601 
23000021862 12332305996 157797 37609 
23100011674 12384660579 157974 37612 
23200021829 12439027323 158200 37634 
23300007033 12493244713 158399 37641 
23400023231 12546577692 158613 37646 
23500011919 12609673897 158822 37666 
23600022195 12666952401 159540 37827 
23700015907 12721279582 159665 37843 
23800022321 12776110479 160012 37956 
23900021359 12828925325 160131 37968 
24000016260 12882776885 160358 37989 
24100022910 12936821439 160797 38099 
24200022920 12990609342 160971 38110 
24300007740 13045598764 161442 38208 
24400021142 13105086025 162379 38378 
24500021217 13157499142 162470 38385 
24600020250 13212596217 162731 38461 
24700107672 13265708550 162899 38473 
24800023112 13318297196 163091 38479 
24900024523 13373525777 163468 38562 
25000026017 13426274067 163623 38568 
25100004271 13489704536 165209 38827 
25200020843 13545877496 165727 38882 
25300024042 13598452416 165905 38888 
25400023297 13653496930 166274 38975 
25500022118 13706555716 166479 38990 
25600022975 13759792490 166644 38996 
25700017499 13814438671 167120 39121 
25800022932 13867577047 167354 39130 
25900014853 13924477613 168183 39280 
26000023629 13982286067 168875 39368 
26100014230 14035016966 169000 39374 
26200023182 14090376592 169345 39453 
26300022688 14142498278 169500 39462 
26400030135 14196087366 169696 39477 
26500017976 14249877886 170092 39574 
26600024553 14303726752 170297 39591 
26700021440 14356061310 170441 39598 
26800024457 14421336293 172001 39856 
26900020863 14474605314 172147 39866 
27000017215 14527106068 172293 39876 
27100029406 14582006856 172679 39981 
27200021996 14634321816 172833 39995 
27300018681 14689936113 173188 40091 
27400020948 14742126813 173351 40099 
27500006050 14795893688 173513 40114 
27600020410 14855306997 174440 40286 
27700023600 14908117370 174643 40300 
27800020241 14961075667 174874 40307 
27900021805 15014472330 175177 40361 
28000015927 15068337323 175395 40378 
28100007651 15120617999 175589 40383 
28200026170 15176093117 176033 40480 
28300021736 15228754441 176293 40491 
28400005550 15290878501 177573 40756 
28500015286 15458637845 182353 44515 
28600003745 15536817126 183448 45087 
28700003399 15704703711 662541 494528 
28800003598 16077874300 5618898 3287409 
28900003613 16502344191 12152445 6316533 
29000003776 16922666303 18669393 9317987 
29100002582 17335536494 25164764 12181559 
29200003796 17735304243 31633087 14709273 
29300000739 18126215595 38053362 17024131 
29400005589 18494248945 44254762 18894313 
29500008999 18766730925 48402501 19601168 
29600002966 18918241533 48762872 19642121 
29700011505 19175026730 51535281 20575338 
29800016159 19265138148 51549098 20587508 
29900003141 19411793346 51663883 20657253 
30000002794 19782102774 59094617 23484048 
30100013693 20017330852 64080035 24628762 
30200005052 20280036890 66103362 25359980 
30300019273 20399367316 66343884 25455835 
30400016784 20455050622 66353361 25461088 
30500012365 20505892382 66368897 25462667 
30600009423 20557923827 66384621 25462899 
30700008561 20612536708 66400808 25463111 
30800011768 20666400917 66417170 25463305 
30900018951 20730934253 66426614 25464018 
31000020417 20792516353 66427881 25464864 
31100065215 20879498803 66461894 25474288 
31200049550 20898673447 66473145 25485537 
31300053568 20917768797 66483805 25496196 
31400062744 20936807277 66494466 25506830 
31500054295 20955835812 66505404 25517759 
31600050203 20974844968 66518153 25530501 
31700065296 20994888907 66529449 25541785 
31800050656 21013952482 66540350 25552681 
31900064436 21033996978 66551618 25563940 
32000065664 21053054871 66562340 25574655 
32100063157 21072070070 66573912 25586224 
32200054450 21091131055 66584833 25597131 
32300042188 21110143714 66596521 25608812 
32400065286 21130283485 66606862 25619148 
32500060245 21150282686 66618658 25630930 
32600057463 21169288760 66630142 25642407 
32700053759 21188314545 66641943 25654195 
32800054217 21207374503 66653165 25665413 
32900053237 21226385452 66664937 25677180 
33000053483 21245434346 66676562 25688799 
33100057039 21264507368 66688087 25700280 
33200054428 21283671951 66698209 25710388 
33300064435 21302737068 66709871 25722036 
33400064432 21321852794 66721212 25733371 
33500054579 21340910686 66732663 25744813 
33600065720 21359954975 66744041 25756159 
33700064313 21379014158 66755692 25767801 
33800054688 21398073166 66766982 25779084 
33900061567 21417136359 66778572 25790666 
34000062338 21437058195 66788821 25800905 
34100058709 21457131111 66800348 25812424 
34200057091 21476213710 66812290 25824360 
34300051306 21495290351 66823565 25835628 
34400016071 21514345699 66834534 25846587 
34500054465 21533423575 66846000 25858042 
34600046702 21553421591 66857713 25869736 
34700058427 21574481838 66869532 25881545 
34800046308 21593515050 66881126 25893131 
34900048321 21614490406 66892369 25904361 
35000047441 21633757773 66902835 25914810 
35100054992 21652815388 66914558 25926519 
35200032704 21672863996 66925779 25937686 
35300065662 21692286026 66937038 25948855 
35400066703 21711331850 66948323 25960073 
35500059186 21730383161 66959669 25971371 
35600050640 21749706919 66970039 25981687 
35700055265 21770045433 66980467 25992068 
35800064830 21789057262 66991876 26003397 
35900049896 21808100537 67003122 26014590 
36000051858 21827157987 67014769 26026173 
36100054459 21846168596 67026150 26037489 
36200058315 21865199069 67037514 26048791 
36300053313 21884564407 67046039 26057282 
36400053014 21903562516 67057350 26068523 
36500060149 21922624306 67068179 26079301 
36600066499 21941747971 67079060 26090099 
36700057836 21960782448 67089990 26100982 
36800064212 21982926143 67100898 26111812 
36900065577 22001923724 67112362 26123187 
37000059363 22020943198 67123724 26134480 
37100054976 22039943203 67135112 26145797 
37200056642 22058999538 67146531 26157143 
37300056810 22078079863 67157977 26168526 
37400066036 22097107755 67168982 26178935 
37500055118 22116175372 67179766 26188062 
37600002756 22329036565 70118445 29023003 
37700036516 22366142575 70232933 29049474 
37800027658 22402813513 70281621 29098073 
37900029662 22443490575 70357417 29173791 
38000032604 22484158208 70422828 29239092 
38100011005 22522631704 70470863 29287065 
38200032411 22561975647 70518999 29335146 
38300031942 22600456214 70567651 29383769 
38400033407 22639563383 70616624 29432648 
38500024146 22677988746 70664924 29480895 
38600022813 22717433808 70712790 29528691 
38700018064 22755710249 70762437 29578255 
38800029761 22795202725 70811382 29627134 
38900031753 22835077857 70867722 29683391 
39000034163 22873988755 70920116 29735735 
39100028669 22911432288 70963726 29779321 
39200020499 22948812293 71008368 29823898 
39300030522 22986190307 71053150 29868632 
39400026804 23023279844 71096611 29912033 
39500029230 23060824197 71137140 29952504 
39600022778 23099153340 71179406 29994736 
39700030574 23137071889 71227342 30042617 
39800032897 23174796833 71273817 30089043 
39900021440 23212040303 71318313 30133518 
40000035264 23249614387 71362497 30177623 
40100032505 23286910519 71407487 30222574 
40200032892 23324070557 71448749 30263787 
40300032110 23361822555 71489106 30304113 
40400033280 23400012585 71532858 30347799 
40500031118 23438178748 71580837 30395702 
40600030091 23477237329 71631710 30446501 
40700027159 23517047946 71687778 30502513 
40800032103 23556449551 71740752 30555421 
40900031065 23596412684 71796227 30610813 
41000032975 23635610712 71848035 30662555 
41100022437 23675442852 71902299 30716769 
41200023129 23714597608 71954708 30769098 
41300033595 23754710800 72010206 30824540 
41400032840 23794066908 72064456 30878694 
41500022623 23833737606 72117630 30931772 
41600020732 23873361375 72170616 30984713 
41700025063 23912912301 72223798 31037850 
41800026682 23951861148 72275140 31089122 
41900030582 23990636090 72325932 31139844 
42000025594 24028709036 72372500 31186360 
42100033214 24068406679 72427933 31241736 
42200035603 24108009642 72480689 31294423 
42300029655 24147274840 72530893 31344582 
42400021264 24188191239 72589528 31403140 
42500030658 24229397221 72651341 31464850 
42600021735 24269538518 72717457 31530859 
42700033063 24310250012 72778158 31591459 
42800025696 24351568701 72854164 31667338 
42900027174 24391286907 72924770 31737834 
43000029338 24429177826 72984605 31797521 
43100018394 24467795457 73046610 31859421 
43200030974 24506875234 73105719 31918383 
43300018505 24579171980 73124498 31936805 
43400020869 24642411488 73127350 31939456 
43500015972 24707285087 73132036 31943887 
43600015624 24771244497 73134137 31945795 
43700006272 24824386725 73157484 31968867 
43800019231 24844742165 73157926 31969269 
43900035252 24864617727 73158724 31970053 
44000042321 24885187423 73159139 31970404 
44100059992 24904872710 73159300 31970541 
44200061044 24924657854 73159446 31970677 
44300037563 24944332599 73159571 31970739 
44400060947 24964949348 73160288 31971064 
44500059031 24985881191 73161389 31971502 
44600059648 25006763269 73162439 31971923 
44700059866 25028796834 73163460 31972306 
44800057021 25048525505 73163559 31972367 
44900060014 25068416821 73163721 31972471 
45000015578 25088279812 73163859 31972552 
45100059903 25108170345 73163979 31972649 
45200059328 25128879163 73164604 31972886 
45300055420 25149274831 73164872 31973032 
45400058583 25169566772 73165078 31973135 
45500050296 25189605561 73165278 31973239 
45600020403 25210213372 73165830 31973520 
45700061026 25232916634 73166209 31973731 
45800058015 25252644136 73166324 31973811 
45900061144 25272435290 73166464 31973903 
46000056488 25292233042 73166596 31974003 
46100057326 25312025135 73166743 31974109 
46200059444 25331785043 73166875 31974204 
46300059455 25351655709 73167076 31974350 
46400049840 25371485211 73167200 31974418 
46500037569 25391219867 73167289 31974463 
46600060271 25411007542 73167401 31974515 
46700047384 25431064221 73167663 31974709 
46800050163 25450924550 73167766 31974783 
46900059016 25470806325 73167899 31974853 
47000034677 25490510003 73168014 31974916 
47100058870 25510357270 73168222 31975078 
47200053466 25530475632 73168338 31975148 
47300002819 25550269138 73168483 31975229 
47400056450 25570094712 73168642 31975312 
47500062537 25590122008 73168817 31975398 
47600055622 25614520075 73169043 31975516 
47700059567 25634360868 73169167 31975633 
47800061590 25654193698 73169293 31975753 
47900060166 25674067100 73169475 31975926 
48000002229 25797488326 73273908 32075690 
48100015461 25850488827 73280344 32081862 
48200012500 25954227629 73280456 32081954 
48300009084 26104623815 73281360 32082083 
48400016404 26175534754 73374204 32169796 
48500031737 26227430576 73382183 32169865 
48600013028 26283212715 73397141 32169939 
48700011990 26339645606 73412908 32170007 
48800012943 26397567008 73428647 32170094 
48900012946 26457440798 73444088 32170177 
49000014560 26534810224 73455107 32170771 
49100016319 26596101356 73456403 32171113 
49200008445 26663919705 73457981 32171263 
49300008992 26780839142 73476820 32182760 
49400028743 26823081477 73477032 32182806 
49500034679 26855549552 73477320 32182816 
49600038926 26888005191 73477798 32182825 
49700024247 26920636417 73478330 32182831 
49800018354 26953202064 73479212 32182842 
49900029592 26985855181 73480373 32182849 
50000015500 27017789129 73481104 32182865 
50100028190 27052385241 73482508 32182890 
50200035707 27084232021 73483183 32182998 
50300032855 27116376553 73484413 32183306 
50400034356 27149705547 73484826 32183358 
50500032107 27182030043 73486125 32183368 
50600032056 27214332782 73486731 32183387 
50700035423 27247145246 73488257 32183398 
50800037475 27280096534 73489825 32183419 
50900033912 27312538087 73491395 32183447 
51000026613 27351239957 73491923 32183817 
51100034437 27383393106 73492982 32184745 
51200034717 27415626884 73493374 32185091 
51300023018 27448337208 73494742 32186224 
51400031035 27481233509 73496408 32187609 
51500021100 27514150382 73498006 32188424 
51600032977 27546809166 73499007 32188438 
51700038412 27580101100 73500813 32188448 
51800034578 27613521192 73502426 32188467 
51900037463 27646707597 73503771 32188489 
52000032357 27680490395 73505823 32188545 
52100039630 27714447516 73507819 32188573 
52200023403 27747620566 73509534 32188612 
52300036851 27780507822 73510474 32188655 
52400034693 27828695554 73512254 32188932 
52500035243 27861114923 73512960 32189631 
52600035427 27893478017 73513464 32190133 
52700034674 27926144529 73514238 32190861 
52800023991 27958903802 73515112 32191681 
52900014817 27991718161 73515822 32192353 
53000036296 28024594165 73516498 32192953 
53100036937 28057213335 73517017 32193401 
53200035091 28090152536 73517989 32194183 
53300034370 28123091423 73518980 32195056 
53400035802 28155678216 73519422 32195068 
53500038963 28188936400 73520417 32195077 
53600033565 28222088097 73521342 32195084 
53700038127 28255018021 73521928 32195094 
53800034110 28288820847 73523023 32195103 
53900034736 28322402105 73523823 32195110 
54000037171 28356101304 73524586 32195124 
54100015662 28390047066 73525663 32195132 
54200035143 28424108024 73526864 32195145 
54300015087 28458265454 73527902 32195170 
54400033756 28492389079 73528809 32195175 
54500036248 28527036040 73530080 32195181 
54600025487 28561629797 73531298 32195194 
54700035662 28596339834 73532548 32195203 
54800005906 28630872477 73533545 32195208 
54900033405 28665876311 73535046 32195220 
55000038017 28701107241 73536632 32195231 
55100021670 28735737757 73537607 32195246 
55200032809 28770700693 73538947 32195260 
55300036551 28806151330 73540658 32195273 
55400023080 28841231983 73542007 32195292 
55500032412 28876211248 73543069 32195302 
55600031625 28911605584 73544784 32195314 
55700016390 28947151605 73546482 32195324 
55800035634 28982559681 73548044 32195332 
55900032256 29017685297 73549245 32195343 
56000032116 29053503654 73551204 32195361 
56100033768 29089520840 73553110 32195381 
56200035173 29124880429 73554382 32195389 
56300010562 29160412847 73555871 32195399 
56400003804 29196428870 73557927 32195409 
56500031501 29232146981 73559589 32195424 
56600037748 29267577583 73560842 32195434 
56700030647 29304044478 73562935 32195442 
56800035460 29339747037 73563897 32195458 
56900012459 29376658716 73566481 32195473 
57000033823 29413215691 73568712 32195492 
57100033182 29449488395 73570590 32195508 
57200034936 29486766262 73573280 32195526 
57300006414 29523500494 73575446 32195546 
57400029510 29560110074 73577457 32195572 
57500030637 29597511766 73580112 32195608 
57600034284 29634106348 73581900 32195620 
57700035637 29671014910 73584206 32195651 
57800030594 29708566295 73586824 32195677 
57900037840 29745137502 73588220 32195704 
58000028483 29782447268 73590739 32195744 
58100033447 29815966410 73590971 32195749 
58200034889 29850873584 73592418 32195767 
58300029890 29885946740 73593441 32195790 
58400016841 29920547879 73594101 32195806 
58500036911 29955942360 73595446 32195823 
58600004946 30134154475 73623806 32205364 
58700032089 30316049497 73664142 32233713 
58800033465 30349974172 73664318 32233885 
58900035964 30383827946 73664810 32234372 
59000031302 30418032675 73665528 32235086 
59100030213 30452227474 73665656 32235211 
59200030750 30486854719 73668198 32237743 
59300015883 30520683054 73668337 32237827 
59400036818 30554003262 73668432 32237909 
59500028133 30587310113 73668669 32238141 
59600024731 30620651405 73668778 32238248 
59700036554 30654357831 73669010 32238477 
59800035019 30688824167 73669123 32238589 
59900029319 30722405773 73669361 32238824 
60000029365 30756170630 73669580 32239040 
60100026447 30789776050 73669718 32239177 
60200035972 30823785879 73670020 32239478 
60300025518 30857318647 73670340 32239797 
60400032243 30890962667 73670482 32239934 
60500032862 30924849694 73670774 32240215 
60600031233 30958673231 73671090 32240528 
60700032117 30992508269 73671390 32240824 
60800028350 31029357064 73676706 32246119 
60900032314 31063205543 73677064 32246185 
61000030822 31096828357 73677207 32246229 
61100036401 31131086654 73677594 32246369 
61200028995 31165124305 73677941 32246508 
61300035810 31199416779 73678288 32246698 
61400032706 31233640336 73678564 32246872 
61500034911 31268160998 73678969 32247276 
61600033621 31302151258 73679345 32247651 
61700035781 31336418722 73679746 32248052 
61800037075 31370486578 73680006 32248312 
61900036863 31404812785 73680412 32248717 
62000033877 31439314699 73680833 32249137 
62100032953 31473684539 73681096 32249399 
62200020279 31508474893 73681556 32249455 
62300020092 31543236404 73682106 32249461 
62400010153 31577808398 73682369 32249470 
62500031466 31612408867 73682819 32249480 
62600035142 31646611827 73683077 32249488 
62700029787 31687883478 73683448 32249664 
62800032649 31721957268 73683612 32249764 
62900034291 31756580045 73684002 32250051 
63000036265 31791233727 73684391 32250344 
63100037028 31825747405 73684609 32250484 
63200015397 31861042101 73685102 32250855 
63300035807 31896262687 73685596 32251189 
63400032648 31931619706 73686079 32251536 
63500032728 31966713678 73686400 32251751 
63600028793 32002476095 73687025 32252232 
63700032183 32038235560 73687570 32252426 
63800018145 32073902743 73687907 32252433 
63900024683 32109666114 73688326 32252435 
64000033050 32145823844 73688886 32252443 
64100033249 32181859511 73689361 32252451 
64200033548 32217864934 73689804 32252460 
64300029374 32253853313 73690270 32252467 
64400014466 32290231267 73690838 32252479 
64500029664 32326472055 73691340 32252495 
64600035213 32362468523 73691741 32252509 
64700036001 32399133298 73692447 32252525 
64800032775 32435520871 73693009 32252553 
64900027071 32471881063 73693456 32252569 
65000012112 32508292686 73693820 32252579 
65100033566 32545100470 73694487 32252595 
65200028771 32581815789 73695038 32252602 
65300036410 32618501406 73695619 32252614 
65400007620 32654965263 73696054 32252626 
65500018424 32692086687 73696690 32252650 
65600034191 32728809776 73697282 32252666 
65700031404 32780854708 73697741 32252753 
65800031026 32817113261 73698033 32253043 
65900031921 32853202781 73698292 32253292 
66000028893 32889246413 73698412 32253411 
66100030890 32925758687 73698670 32253659 
66200030394 32962222848 73698843 32253814 
66300031507 32998965835 73699216 32254160 
66400033016 33035581316 73699577 32254490 
66500010972 33072106437 73699769 32254655 
66600029933 33108883305 73700035 32254892 
66700031897 33145674112 73700403 32255201 
66800028442 33182278722 73700583 32255355 
66900028792 33219150815 73700894 32255621 
67000035818 33255999642 73701272 32255909 
67100034994 33292693902 73701493 32256073 
67200030643 33329628159 73701805 32256294 
67300030903 33366672202 73702186 32256599 
67400030147 33403431814 73702316 32256720 
67500030398 33438129306 73702359 32256763 
67600031329 33473639154 73702501 32256867 
67700032932 33509427733 73702606 32256873 
67800020590 33545300331 73702707 32256878 
67900035654 33581192027 73702854 32256879 
68000008233 33688145884 73703386 32257311 
68100008812 33830894730 73955458 32418650 
68200014604 33915855142 73960473 32423223 
68300003734 34006413475 73963526 32426027 
68400019705 34178911107 74547001 32641462 
68500010798 34251631975 75984799 32789111 
68600013090 34324617394 77433498 32939582 
68700010471 34402637722 78852322 33199015 
68800011542 34483354636 80336824 33586275 
68900011142 34569119122 81886433 34023473 
69000008635 34652475014 83401707 34436111 
69100012618 34732616912 84873219 34803211 
69200005860 34812834334 86354701 35171512 
69300013029 34895647982 87869222 35580204 
69400011652 34973867870 89320989 35934664 
69500008562 35055920807 90812927 36331389 
69600020635 35132988031 92237015 36660513 
69700012984 35210520107 93681353 37007645 
69800014938 35287734774 95110179 37340597 
69900021407 35364995788 96551338 37681915 
70000021889 35441967774 97991127 38021425 
70100008938 35519479103 99435155 38368436 
70200009093 35596916432 100875772 38702315 
70300020487 35673650999 102288489 39028908 
70400013497 35750649481 103725599 39363630 
70500015668 35829303484 105181605 39721103 
70600004832 35906970644 106630832 40069384 
70700009011 35987976280 108117085 40453762 
70800005501 36064759728 109562288 40787122 
70900018143 36144980175 111034790 41158754 
71000012288 36221793947 112469064 41493418 
71100005720 36302270700 113959157 41873313 
71200011879 36380410281 115423155 42221933 
71300005610 36458587320 116863007 42559709 
71400010208 36536472532 118315208 42910764 
71500009084 36613641950 119756427 43252752 
71600010888 36693098165 121243062 43619291 
71700012047 36770426379 122677600 43955064 
71800022402 36849755658 124153796 44312759 
71900022037 36928705714 125626898 44667291 
72000005446 37005802663 127055591 45000943 
72100016533 37082417159 128472194 45334972 
72200011213 37160358751 129923789 45683771 
72300009313 37237946537 131360235 46024974 
72400004775 37314928874 132798990 46368166 
72500005405 37392224956 134225117 46711749 
72600010749 37468806687 135660104 47040496 
72700023123 37544796822 137087134 47366120 
72800011873 37620820060 138510466 47693874 
72900016307 37697039649 139938482 48028824 
73000008987 37774196559 141391229 48373214 
73100005874 37851140167 142822279 48710537 
73200012252 37928534384 144254525 49052540 
73300008365 38006122923 145681930 49396096 
73400023703 38083377860 147114838 49734029 
73500009019 38160388355 148538935 50074594 
73600020481 38237462949 149969173 50413567 
73700006830 38314489499 151397041 50749557 
73800009855 38392092039 152848899 51099809 
73900009974 38469148614 154276787 51432342 
74000015398 38546227529 155711892 51766106 
74100012352 38623319778 157151147 52112218 
74200012669 38700490812 158585761 52453131 
74300013096 38777416540 160022635 52784645 
74400009551 38854333310 161455775 53118623 
74500020207 38931537777 162894433 53454572 
74600005308 39008439041 164315828 53790113 
74700011995 39085498819 165757127 54129088 
74800005436 39162275736 167197326 54460726 
74900010555 39239439184 168638803 54800836 
75000012598 39316650456 170069370 55139966 
75100002682 39393817970 171503342 55476774 
75200009615 39471501457 172946272 55826065 
75300004980 39548799031 174383798 56160467 
75400012949 39625937094 175822043 56497166 
75500008979 39703270741 177257638 56840063 
75600005857 39780483632 178687281 57175039 
75700011267 39857553772 180120540 57513453 
75800009230 39934798799 181548827 57847697 
75900023798 40011987683 182978417 58178841 
76000006284 40089287380 184419040 58514778 
76100013584 40166446940 185853405 58851881 
76200005276 40243379710 187286559 59190758 
76300021104 40320485948 188715566 59527235 
76400018162 40397422466 190149353 59856722 
76500008605 40475113863 191589656 60205042 
76600003927 40712186490 196058254 61801481 
76700006710 41019649602 202682364 63494058 
76800010367 41139927063 202991670 63665022 
76900011503 41273627510 203172142 63816288 
77000012584 41404901563 203375537 63984583 
77100007228 41543274197 203594276 64168367 
77200014930 41677054606 203797865 64338368 
77300010376 41810653803 204017643 64523699 
77400004277 41944889172 204197429 64674136 
77500012172 42077114473 204401352 64841914 
77600009659 42214132778 204617283 65022556 
77700010840 42348899373 204820820 65193114 
77800007380 42482128055 205039613 65376617 
77900007252 42615729228 205221284 65527718 
78000017957 42747947786 205426637 65698286 
78100007393 42885426530 205643930 65878818 
78200015112 43020452206 205847495 66047606 
78300006739 43154571245 206068108 66233537 
78400008554 43289266910 206248836 66383584 
78500014530 43421055848 206453549 66554061 
78600006810 43558388499 206673842 66738709 
78700014258 43692409981 206877436 66905089 
78800007955 43826766499 207097297 67088104 
78900004459 43960866410 207277827 67239487 
79000004292 44091832536 207487006 67413162 
79100007608 44230163940 207707403 67598130 
79200011541 44364371782 207910354 67766563 
79300010096 44500115934 208129164 67949889 
79400009042 44634694526 208312297 68104226 
79500009087 44769288957 208544779 68295683 
79600007917 44904124833 208733995 68453738 
79700013183 45037569641 208936673 68621926 
79800008244 45173940251 209154930 68805397 
79900009403 45307885613 209338877 68957865 
80000008016 45442608169 209573240 69152583 
80100010580 45577608545 209754613 69304667 
80200013127 45709311116 209959401 69476156 
80300009336 45846696270 210179065 69660226 
80400012437 45981087054 210383892 69831370 
80500007206 46089856570 210542707 69980384 
80600010468 46187857728 210576596 70006211 
80700022423 46271652293 210602461 70027614 
80800016733 46324821291 210603511 70028627 
80900014597 46378363741 210604220 70029264 
81000022440 46432105597 210604785 70029787 
81100013442 46485378720 210605136 70030098 
81200019712 46539509801 210605563 70030487 
81300013022 46592874890 210605862 70030751 
81400013997 46645792535 210606167 70031011 
81500018943 46698811811 210606459 70031248 
81600021242 46752222463 210606745 70031496 
81700023653 46805338638 210607034 70031743 
81800018830 46859025388 210607336 70031996 
81900011247 46912019866 210607609 70032235 
82000022972 46965253333 210607886 70032469 
82100021031 47018551551 210608138 70032694 
82200015437 47072205034 210608426 70032939 
82300026686 47125595265 210608692 70033172 
82400020469 47178573229 210608976 70033422 
82500013101 47232060540 210609284 70033683 
82600024930 47284642688 210609521 70033899 
82700021600 47338139772 210609825 70034166 
82800020263 47391019839 210610152 70034443 
82900022346 47444444156 210610443 70034701 
83000011599 47498013459 210610760 70034969 
83100011415 47604003310 210643480 70066707 
83200016284 47804524256 212164066 70511291 
83300009273 47961760309 212435132 70625322 
83400006098 48037268647 213930619 70837560 
83500009043 48118726186 215504180 71123043 
83600006246 48195990025 217044072 71360963 
83700002171 48295977843 218861923 71857337 
83800005998 48396358939 220679843 72364999 
83900020557 48505294470 222614828 72955671 
84000005774 48613735299 224540633 73545798 
84100012775 48721880922 226468473 74128852 
84200012241 48822786633 228307588 74626656 
84300012944 48931638174 230251132 75217916 
84400003891 49018737269 231905024 75555574 
84500017552 49128759681 233867168 76164098 
84600006345 49232077863 235735324 76690182 
84700009126 49337993401 237642849 77244242 
84800007464 49441720625 239540791 77770188 
84900012190 49543301323 241405484 78272680 
85000017520 49643441764 243247264 78758099 
85100009414 49749680765 245177575 79316473 
85200010809 49849481331 247016649 79791875 
85300010706 49946217033 248823617 80229335 
85400006904 50045399858 250671891 80703049 
85500011878 50144352492 252525215 81172182 
85600011310 50239331903 254316257 81589284 
85700009096 50336821773 256151740 82032317 
85800017495 50430223995 257925186 82430751 
85900005140 50525396030 259730883 82843007 
86000006018 50623685912 261578636 83288922 
86100002558 50715382606 263330874 83662330 
86200011871 50808377117 265114619 84052007 
86300005363 50896930445 266829641 84392774 
86400006579 50987456287 268584314 84757450 
86500008289 51076239118 270314973 85098496 
86600005524 51164807243 272045941 85437175 
86700006539 51252120652 273757349 85754846 
86800006011 51338359672 275470912 86059282 
86900006428 51421502309 277131105 86330004 
87000012343 51505204617 278809930 86604743 
87100014531 51587351045 280461696 86867731 
87200009236 51665960194 282040649 87110253 
87300007357 51748087205 283679245 87388276 
87400005524 51830362645 285334796 87650654 
87500008685 51911423775 286957947 87917073 
87600013955 51990239752 288500596 88169785 
87700012541 52066632582 289994487 88388839 
87800016302 52142644470 291489822 88615494 
87900009786 52218557840 292994495 88844904 
88000008382 52295225710 294504717 89072556 
88100006327 52371875405 296002190 89292052 
88200010037 52448536664 297503068 89507343 
88300011974 52525483102 299005465 89733049 
88400022132 52602234489 300496965 89951001 
88500006035 52679750950 302005718 90189109 
88600005511 52756393705 303503447 90422468 
88700004991 52833598776 305003642 90640843 
88800016269 52911076228 306511308 90866170 
88900019606 52988222723 308019252 91083911 
89000016544 53065526835 309531072 91316910 
89100012485 53142703676 311033735 91540850 
89200001901 53220064019 312545925 91771272 
89300014110 53297252583 314044887 91994820 
89400020743 53374340746 315548946 92221834 
89500005264 53451777789 317067998 92459211 
89600009656 53528994737 318581088 92694529 
89700018553 53605901017 320082334 92925317 
89800009485 53683300616 321599518 93166284 
89900010379 53759870980 323108049 93376551 
90000016958 53837018704 324624826 93601162 
90100013350 53914100248 326135243 93830372 
90200009887 53991137381 327649298 94049716 
90300023246 54068191781 329159749 94278190 
90400005971 54145488557 330673760 94524077 
90500013106 54222887461 332178863 94763477 
90600009176 54299925959 333691110 94984383 
90700011747 54377080758 335201866 95205060 
90800019307 54454149583 336697161 95418960 
90900009796 54530890304 338206719 95652661 
91000012597 54607461100 339709845 95879986 
91100017450 54684009132 341211924 96099391 
91200019065 54760762928 342716685 96337024 
91300006250 54850111981 344244488 96651831 
91400011650 55012472792 344469040 96845449 
91500013251 55169979284 344719488 97061610 
91600014686 55327436397 344967229 97274384 
91700012858 55484357396 345215117 97487931 
91800007197 55641605235 345462428 97699890 
91900009354 55802310590 345739669 97937930 
92000005437 55960760263 346000870 98164887 
92100018588 56119308130 346248529 98377977 
92200007680 56278378761 346498559 98594053 
92300007264 56437471912 346745068 98806369 
92400005026 56595926432 346995632 99020989 
92500006578 56754822444 347244026 99235483 
92600008380 56914064211 347494755 99451704 
92700004175 57073852996 347742272 99665805 
92800009306 57232484891 347993915 99882740 
92900015261 57391780448 348260646 100110609 
93000013450 57549446298 348509070 100323301 
93100015358 57706884932 348758710 100538168 
93200012420 57864704760 349004439 100749288 
93300001653 58023254034 349255246 100965547 
93400009467 58183982145 349533303 101203345 
93500004836 58343418809 349789375 101424214 
93600005866 58503111260 350038264 101638057 
93700007960 58662141854 350287239 101851568 
93800006488 58821068061 350537114 102066234 
93900005776 58980535315 350784389 102278546 
94000006495 59140103104 351032662 102491470 
94100004069 59299467815 351281186 102704301 
94200016232 59462422856 351523217 102910787 
94300018011 59529992050 351523493 102911013 
94400009263 59605367605 351523901 102911377 
94500009932 59712181890 351588128 102974878 
94600013837 59814911584 351593184 102979554 
94700005525 59959423877 351625930 103011285 
94800014058 60125353325 351740163 103119138 
94900021311 60254179804 351842512 103208575 
95000012361 60344663304 351868038 103229406 
95100021418 60401952003 351869203 103230463 
95200013964 60462158116 351870247 103231423 
95300012625 60519167272 351871345 103232406 
95400018112 60576198320 351872415 103233363 
95500020522 60632925807 351873504 103234329 
95600013046 60789680027 351962853 103322646 
95700018401 60910494206 352049915 103400384 
95800009290 61061684295 352696847 103919946 
95900004564 61188098612 354407488 105226139 
96000006129 61315355477 356132910 106539175 
96100013251 61442170987 357840846 107827320 
96200013642 61569738058 359573929 109144173 
96300011693 61696365130 361277037 110436834 
96400005931 61824015420 363037579 111778031 
96500013760 61950487547 364741492 113067690 
96600010205 62077723900 366480203 114387516 
96700013206 62204321763 368181509 115683789 
96800010903 62330466476 369894978 116983643 
96900004535 62456696332 371613231 118294803 
97000004526 62580250178 373238884 119535601 
97100010161 62696679425 374346849 120398446 
97200010185 62894550815 374500847 120550326 
97300004865 63017560338 374585687 120626352 
97400016391 63172724228 375191739 121118409 
97500005391 63303313902 377096907 122582635 
97600010958 63433096217 378968005 124002414 
97700011825 63562931654 380842405 125421380 
97800004654 63692791847 382725569 126849023 
97900004314 63823116953 384606315 128273298 
98000010490 63953232939 386495836 129710417 
98100006576 64083239152 388375371 131155037 
98200011330 64212595495 390262829 132595988 
98300004834 64340550983 392093869 133995252 
98400007080 64458976365 393216227 134883421 
98500003382 64633110724 393335265 135000159 
98600003667 64785751722 394239176 135349637 
98700025567 64928141264 394301544 135398783 
98800003703 64978548769 394302052 135399269 
98900023282 65030635827 394302547 135399736 
99000018064 65082811370 394303072 135400223 
99100026101 65135161419 394303825 135400927 
99200014670 65187286649 394304389 135401439 
99300018275 65239203123 394304883 135401894 
99400016240 65291027971 394305278 135402218 
99500019140 65342935909 394305752 135402603 
99600021073 65394930884 394306234 135402993 
99700019002 65447111651 394306699 135403383 
99800017651 65499030007 394307126 135403749 
99900021135 65551368365 394307634 135404195 
100000015394 65603199493 394308047 135404560 
100100021033 65654568579 394308447 135404913 
100200023894 65706452342 394308933 135405343 
100300015404 65758506924 394309441 135405790 
100400018237 65810698631 394309910 135406206 
100500012460 65953363112 395104163 135604102 
100600016598 66030726585 396589675 135861645 
100700005646 66107875182 398078928 136122257 
100800003168 66185163764 399584363 136385823 
100900005372 66262714691 401085427 136646481 
101000005835 66341120016 402587569 136917628 
101100005848 66419524240 404090317 137190903 
101200012248 66498139028 405606479 137462366 
101300009157 66576409117 407116592 137733296 
101400092817 66654019390 408625273 138008365 
101500012371 66732161320 410129129 138282266 
101600011585 66810580240 411641253 138566200 
101700012422 66889407162 413169339 138847697 
101800005566 66967584176 414691086 139124658 
101900011440 67046187917 416204761 139413995 
102000006923 67124830846 417723461 139697462 
102100006427 67203054701 419228653 139976047 
102200006237 67281442854 420732430 140255589 
102300006117 67359483464 422229160 140523224 
102400012583 67437462328 423735944 140784349 
102500012637 67515653234 425241688 141055970 
102600005569 67593971857 426748813 141330890 
102700007961 67672083469 428252686 141600572 
102800004989 67750328653 429755375 141870968 
102900006700 67828092970 431261959 142127934 
103000007774 67906147172 432762109 142397584 
103100006036 67984046158 434263171 142666040 
103200006492 68061828993 435766042 142924559 
103300011508 68139836245 437277970 143181765 
103400010387 68217788453 438777982 143446449 
103500011047 68295676347 440278820 143721643 
103600011728 68373331361 441793811 143977668 
103700006278 68450725001 443290488 144238287 
103800017529 68528177767 444801294 144500750 
103900016666 68606780156 446312690 144775461 
104000009666 68684950593 447816743 145048223 
104100011156 68763218955 449320251 145328502 
104200005314 69009897883 452873477 148575201 
104300013720 69258290890 452969600 148661226 
104400008315 69392214922 453037326 148712763 
104500015891 69537997615 453124287 148799228 
104600016442 69599871569 453139244 148813955 
104700008745 69661301180 453157356 148832013 
104800011199 69741125201 453165313 148839850 
104900029226 69804597341 453165823 148840196 
105000011379 69925729606 453361993 148934332 
105100010766 69991758444 453368954 148940806 
105200025612 70054465678 453375322 148946726 
105300010482 70139798395 453380237 148951423 
105400016080 70204549493 453380944 148951969 
105500013159 70278896225 453697501 148964899 
105600012580 70356721942 454194226 148984889 
105700011628 70434021993 454692206 149003938 
105800012092 70511584230 455172203 149022803 
105900011747 70588427364 455642963 149041155 
106000012015 70665966088 456121272 149061880 
106100010626 70743154178 456602606 149083190 
106200015937 70819715567 457079412 149104483 
106300011625 70896106833 457551877 149124868 
106400013598 70972476315 458028254 149144424 
106500012968 71048576542 458490917 149163706 
106600012339 71124490471 458966647 149184717 
106700013985 71200440590 459439974 149204154 
106800015192 71276381579 459913893 149223377 
106900012624 71352918456 460400242 149246127 
107000012862 71429505542 460883691 149267672 
107100011184 71505451189 461367883 149289582 
107200013099 71581491446 461858030 149312819 
107300012051 71658109948 462346645 149332904 
107400013295 71733946420 462829035 149351885 
107500012565 71809895071 463322225 149372750 
107600012016 71886325013 463818825 149394181 
107700016587 71963297802 464301879 149415028 
107800013016 72039202330 464790711 149434522 
107900012603 72116041790 465284930 149454364 
108000013417 72192090528 465763759 149475317 
108100012274 72268900937 466231252 149494791 
108200013086 72345771359 466689213 149514084 
108300011431 72457294454 466996797 149531820 
108400003832 72569821334 466997542 149532275 
108500010897 72703436362 467055113 149583976 
108600017010 72778142191 467133270 149654262 
108700012428 72941308129 467139564 149660163 
108800012634 73200017392 467144769 149664843 
108900019604 73450906235 467149431 149669247 
109000015756 73692994523 467154266 149673875 
109100019171 73928942292 467160252 149679567 
109200016278 74158233595 467166263 149685314 
109300018621 74380398707 467172147 149690896 
109400012607 74597189183 467178196 149696645 
109500001651 74867318312 467183653 149701683 
109600014256 75079322781 467189599 149707339 
109700017067 75273275184 467195527 149712846 
109800016934 75520887208 467202215 149719030 
109900017914 75699482141 467209104 149725579 
110000013838 75922705702 467215361 149731376 
110100018685 76083849973 467220675 149736360 
110200012718 76237797391 467225989 149741254 
110300016810 76423886125 467231093 149745903 
110400021047 76559125347 467236245 149750725 
110500018779 76719226433 467241821 149755934 
110600024128 76864425416 467247519 149761295 
110700015404 76992532566 467253042 149766533 
110800001340 77093167576 467258873 149772188 
110900012612 77187237786 467265496 149778661 
111000019544 77268279054 467271755 149784671 
111100010419 77332673217 467277173 149789876 
111200009058 77470074836 467283876 149796079 
111300007115 77601338192 467286654 149798729 
111400006272 77895456187 471919424 151783472 
111500002240 78126389697 471985721 151815164 
111600002598 78549722069 471989179 151817340 
111700010436 78996610946 471991645 151818992 
111800003342 79456561293 471993667 151820716 
111900001661 79923752440 471995533 151822248 
112000001668 80394031315 471997036 151823596 
112100001534 80868486141 471998498 151824869 
112200001407 81344153997 471999773 151825967 
112300002225 81820053024 472001025 151827028 
112400002179 82296785868 472002205 151827924 
112500001161 82773586984 472003469 151828912 
112600001474 83256611332 472004682 151829961 
112700003597 83738023772 472005849 151830831 
112800002647 84217703843 472006797 151831681 
112900002086 84699196593 472007730 151832392 
113000002047 85182124973 472008737 151833267 
113100002027 85664474037 472009747 151834160 
113200002248 86145765813 472010843 151835024 
113300002804 86629054986 472011967 151835906 
113400001015 87112061880 472013029 151836782 
113500002065 87595066993 472014013 151837595 
113600001826 88078166957 472015067 151838418 
113700003197 88560557703 472016043 151839199 
113800001466 89044183465 472016848 151839929 
113900001310 89527753115 472017757 151840604 
114000003899 90010109058 472018689 151841243 
114100002724 90494381704 472019547 151841847 
114200002643 90978994380 472020489 151842580 
114300002688 91462842012 472021409 151843218 
114400004332 91945063580 472022066 151843767 
114500001473 92429947533 472022759 151844375 
114600001787 92918003066 472023353 151844935 
114700001657 93405949668 472024003 151845546 
114800003253 93893225164 472024608 151846091 
114900003320 94382045946 472025191 151846615 
115000002794 94870014120 472025902 151847178 
115100001136 95357391568 472026498 151847718 
115200002530 95840437965 472027088 151848225 
115300001150 96325457439 472027675 151848748 
115400001843 96809371592 472028266 151849282 
115500001418 97289655120 472028844 151849791 
115600002104 97770682192 472029433 151850309 
115700001000 98250488746 472030071 151850876 
115800001970 98727967025 472030698 151851449 
115900004188 99207593055 472031369 151852069 
116000002773 99683958761 472032033 151852697 
116100005869 100162219403 472032764 151853376 
116200001955 100637639497 472033567 151854036 
116300001800 101113263570 472034484 151854902 
116400002854 101594405315 472035580 151855817 
116500001836 102067178105 472036606 151856707 
116600001970 102534683038 472037735 151857696 
116700001914 102999816931 472039012 151858803 
116800002880 103456297969 472040616 151860163 
116900003965 103899236403 472042744 151861975 
117000002304 104304388659 472045428 151864125 
117100002747 104787500799 472046016 151864642 
117200003584 105271406789 472046654 151865222 
117300002220 105754309175 472047300 151865820 
117400002508 106232140402 472047899 151866361 
117500002936 106711275045 472048529 151866923 
117600001274 107188929500 472049177 151867468 
117700004191 107667333468 472049847 151868042 
117800002256 108143925037 472050651 151868744 
117900001594 108621391141 472051382 151869384 
118000002652 109096190744 472052250 151870117 
118100003569 109570724411 472053341 151871054 
118200001743 110044828353 472054465 151871863 
118300005123 110518514649 472055534 151872678 
118400001528 110986632959 472056638 151873651 
118500002113 111453198697 472057838 151874712 
118600001633 111915218366 472059330 151875940 
118700001804 112366685368 472061156 151877509 
118800001796 112774967164 472064276 151880085 
118900001845 113205673943 472065214 151880805 
119000001625 113660063424 472066000 151881521 
119100002883 114114947834 472066821 151882292 
119200003094 114565893487 472067605 151883018 
119300003724 115018058134 472068476 151883787 
119400002374 115468885929 472069334 151884566 
119500001948 115921313508 472070215 151885379 
119600001665 116371088824 472071150 151886256 
119700002459 116820268410 472072138 151887180 
119800004934 117269374355 472073162 151888098 
119900004450 117717946437 472074231 151889067 
120000001658 118165554550 472075481 151890123 
120100001674 118611058044 472076765 151891300 
120200003006 119054703567 472078156 151892580 
120300005918 119496346645 472079739 151894003 
120400002482 119932614326 472081575 151895639 
120500002871 120359031729 472083843 151897443 
120600002548 120757191055 472087424 151899694 
120700011068 120905074360 472099466 151911390 
120800005284 121018017675 472246921 152040521 
120900020689 121127777359 472469846 152237732 
121000020310 121179635369 472470276 152238069 
121100024476 121229875651 472470625 152238343 
121200022391 121279454501 472470987 152238624 
121300020796 121329844003 472471398 152238929 
121400024498 121386281923 472565073 152321264 
121500017906 121438161987 472565158 152321270 
121600025364 121489236722 472565243 152321273 
121700021835 121540497025 472565328 152321276 
121800018789 121601247857 472670182 152423226 
121900008246 121652807899 472670260 152423233 
122000020523 121704091826 472670339 152423238 
122100364143 121756863373 472670530 152423343 
122200032841 121929620707 472815307 152554633 
122300021953 122044934676 472823163 152562330 
122400009910 122148524224 472852128 152590643 
122500017196 122238678410 472875990 152612987 
122600019161 122294144627 472876173 152612999 
122700021331 122349596162 472876427 152613014 
122800022268 122405850538 472876674 152613037 
122900022461 122464412559 472876749 152613047 
123000011061 122552249835 472877590 152613864 
123100016950 122617195295 472879235 152614964 
123200017350 122698102053 472904210 152639841 
123300003132 122768843724 472941939 152658260 
123400014424 122919264900 472963347 152661259 
123500020757 122995505179 472968840 152665209 
123600011963 123059264187 472975332 152669644 
123700008272 123122853079 472981673 152674009 
123800017195 123186121970 472988136 152678667 
123900016154 123249418168 472994551 152683313 
124000018747 123316466104 472999434 152686760 
124100016330 123387132639 473008101 152695374 
124200029301 123439373935 473008505 152695758 
124300030645 123470189247 473008887 152696129 
124400031075 123501620317 473009295 152696527 
124500030035 123533146407 473009640 152696859 
124600030210 123564590822 473010031 152697239 
124700033965 123595833843 473010456 152697652 
124800013974 123663529862 473012964 152699993 
124900010081 123727026648 473019731 152706353 
125000012508 123789943379 473025880 152712128 
125100017026 123852951760 473032563 152718415 
125200015523 123915779305 473038821 152724274 
125300014167 123979051962 473045929 152730908 
125400012126 124048873173 473046292 152731160 
125500020164 124121987791 473055858 152740682 
125600013422 124194553632 473058696 152742159 
125700010779 124268965120 473059417 152742847 
125800014674 124341682658 473060190 152743580 
125900016009 124414127138 473060902 152744238 
126000015186 124486385263 473061623 152744899 
126100013817 124558535197 473062296 152745488 
126200013335 124631192013 473063006 152746119 
126300014371 124703473160 473063718 152746761 
126400014640 124777710328 473065148 152747500 
126500010138 124934155480 473070144 152752334 
126600008716 125066717181 473080746 152762497 
126700005558 125217777654 473146797 152825648 
126800038261 125297143491 473169153 152844368 
126900036911 125335722842 473169514 152844720 
127000029747 125374664898 473169912 152845104 
127100038294 125413386003 473170310 152845487 
127200036119 125452104052 473170673 152845846 
127300036364 125490813628 473175860 152851015 
127400014222 125527504893 473176094 152851241 
127500037356 125564099925 473176300 152851435 
127600015014 125601076742 473176533 152851662 
127700036211 125638406214 473176756 152851876 
127800013612 125674929800 473176980 152852093 
127900036835 125711508866 473177184 152852292 
128000029086 125748671839 473177398 152852499 
128100036181 125785133268 473177614 152852712 
128200037098 125821768122 473177856 152852943 
128300036431 125858505554 473178100 152853171 
128400035756 125895303332 473178375 152853432 
128500014965 125931869708 473178639 152853676 
128600008990 125974904024 473363972 152880091 
128700010179 126016860630 473534814 152890503 
128800031755 126058899017 473711195 152901243 
128900035369 126101502585 473890504 152912637 
129000030556 126142687806 474047252 152922066 
129100029174 126184795851 474220471 152933090 
129200030221 126226431262 474386669 152942891 
129300032759 126268986638 474567841 152954378 
129400008288 126310600390 474735657 152964423 
129500010426 126353047953 474916687 152976246 
129600018531 126395936372 475101427 152987468 
129700029503 126437309982 475262700 152997176 
129800035002 126479546400 475434723 153007793 
129900010852 126520539252 475590964 153016862 
130000008389 126563196603 475778073 153028433 
130100034025 126605461316 475955979 153038474 
130200008171 126647520395 476128670 153049283 
130300030222 126689541022 476301667 153059852 
130400019692 126732069783 476486418 153071582 
130500010111 126774338520 476665183 153082545 
130600127289 126816580476 476838609 153093536 
130700033785 126857666727 476993754 153102360 
130800033986 126900317736 477179314 153114091 
130900019957 126943133537 477361903 153125436 
131000008070 126985440326 477542271 153136718 
131100033964 127027267918 477710087 153147152 
131200006078 127069209725 477877943 153157592 
131300010258 127111256818 478052593 153168068 
131400030228 127153083187 478218968 153178487 
131500009004 127195328307 478398582 153189407 
131600034259 127237689114 478571823 153200453 
131700032110 127279480968 478743726 153210428 
131800009213 127321515292 478912385 153221434 
131900010781 127363448146 479083296 153231707 
132000010503 127405906855 479269372 153243185 
132100032816 127447384795 479434029 153253178 
132200011411 127489342865 479609858 153263985 
132300034315 127531115366 479777013 153274423 
132400022767 127572404385 479936230 153284128 
132500034931 127614542229 480109950 153294758 
132600009847 127656709404 480289720 153305229 
132700034133 127698619232 480457570 153315956 
132800032108 127740452070 480628292 153326104 
132900031236 127782983588 480811475 153337736 
133000007301 127824613881 480975908 153347559 
133100035063 127867395207 481168176 153359503 
133200009916 127909786380 481346113 153370115 
133300008331 127950852734 481498228 153379715 
133400004678 128011264477 482002756 153767145 
133500015863 128073606026 482456438 154148281 
133600005316 128135290270 482882070 154501180 
133700023147 128213560752 483807649 155268275 
133800005123 128278974339 484347514 155713879 
133900021986 128343503809 484862188 156136388 
134000023956 128408127173 485382591 156560348 
134100024081 128482755614 486193243 157224159 
134200024409 128548361331 486751133 157681964 
134300024394 128610437912 487201239 158050256 
134400021843 128671885890 487629819 158402504 
134500023659 128749044163 488526114 159138196 
134600024245 128814856851 489083682 159595574 
134700026309 128877872773 489555366 159980756 
134800020669 128947659583 490233167 160534622 
134900027152 129014927857 490839579 161030631 
135000005411 129071055514 491117983 161258884 
135100005194 129142311252 491833023 161843439 
135200004380 129218408015 492696349 162552776 
135300023151 129279226958 493098591 162880067 
135400024731 129336761726 493409671 163134349 
135500025136 129407429464 494126942 163722314 
135600023930 129474691787 494725216 164209094 
135700021775 129531506155 495021320 164451936 
135800024783 129601668772 495710114 165017535 
135900021132 129679025075 496613118 165758988 
136000025740 129740548027 497040513 166109470 
136100025320 129797989201 497349561 166360044 
136200022919 129870580326 498120887 166991138 
136300018570 129938446101 498745749 167501739 
136400022514 130002256794 499254491 167918638 
136500025519 130062608114 499641573 168233099 
136600021861 130131893876 500306299 168779139 
136700006720 130201073945 500963402 169318773 
136800025831 130266590243 501508181 169763294 
136900024555 130342670367 502367784 170465640 
137000004600 130404585184 502805670 170823433 
137100025157 130486378468 503825663 171656556 
137200022131 130554826290 504458210 172174993 
137300023721 130627213187 505215253 172792733 
137400025729 130694460017 505820657 173287297 
137500017632 130752734979 506160237 173563740 
137600005227 130819260826 506733284 174031658 
137700004861 130895449067 507589813 174731319 
137800022485 130960974534 508140231 175181178 
137900021900 131021150648 508534990 175502981 
138000004939 131094663499 509325355 176149715 
138100023894 131160772779 509895965 176614426 
138200023701 131222756075 510339964 176976280 
138300023695 131284014062 510762347 177322598 
138400020963 131353958239 511446894 177883578 
138500025025 131421564621 512050543 178377610 
138600021303 131485641626 512558216 178793728 
138700023499 131551167799 513113985 179249523 
138800024429 131615038988 513618074 179662600 
138900025206 131682540394 514219204 180153565 
139000025235 131752656185 514907550 180718541 
139100004863 131819837349 515512063 181211916 
139200022014 131884243013 516030335 181634228 
139300027170 131945599509 516453024 181979885 
139400023126 132014886849 517118855 182526725 
139500027081 132084244982 517768138 183056568 
139600023940 132149965108 518327140 183515535 
139700024340 132222047170 519076179 184130945 
139800020815 132292151339 519740427 184676470 
139900023282 132356690371 520261985 185102080 
140000004523 132417497025 520668053 185435756 
140100025658 132483573410 521236406 185901132 
140200025035 132558237329 522049039 186567297 
140300023547 132622120700 522543658 186970034 
140400024413 132687686672 523100495 187425705 
140500024745 132752691470 523640649 187871575 
140600026762 132822925054 524332807 188439729 
140700017529 132891047971 524967156 188956720 
140800022996 132954782503 525469182 189366426 
140900023096 133016094098 525895830 189716084 
141000024596 133086127202 526577300 190273698 
141100004568 133153990254 527188393 190775179 
141200022944 133219445560 527738969 191223666 
141300021731 133292147378 528514606 191861362 
141400005729 133359298836 529112328 192348303 
141500004609 133415231569 529382139 192567843 
141600025677 133484550045 530041767 193104588 
141700027589 133562754610 530958904 193854689 
141800025330 133626558601 531453197 194258494 
141900027421 133683972155 531765951 194513983 
142000005466 133758411982 532595130 195198050 
142100093290 133874010837 532819107 195389357 
142200035578 133915407771 532822555 195392798 
142300035653 133953909933 532822848 195393088 
142400021362 133992374815 532823175 195393406 
142500017118 134031003722 532823518 195393745 
142600037466 134070145691 532823802 195394024 
142700012011 134107238342 532828628 195398837 
142800017909 134143692718 532828820 195399019 
142900021688 134180401221 532829036 195399227 
143000033632 134216950509 532829261 195399443 
143100015197 134253736022 532829449 195399617 
143200036248 134290192424 532829601 195399762 
143300033400 134327107103 532829811 195399960 
143400037031 134363800205 532829980 195400119 
143500035973 134400490857 532830173 195400301 
143600036069 134436836911 532830319 195400437 
143700036999 134473610353 532830522 195400627 
143800015144 134510222266 532830699 195400795 
143900010846 134549600249 532906805 195419823 
144000030607 134590701827 533068892 195429353 
144100010331 134633204282 533257466 195441192 
144200152720 134675020409 533428760 195451324 
144300029607 134717570759 533619597 195463458 
144400032948 134759357514 533791505 195474025 
144500031148 134800270269 533948854 195483348 
144600011408 134842265912 534121532 195494197 
144700033260 134883339944 534278078 195503291 
144800009807 134925464726 534458275 195514522 
144900033098 134967057358 534624808 195524257 
145000011134 135009708893 534815259 195536014 
145100026802 135051454040 534988937 195545974 
145200029588 135093168709 535166904 195556642 
145300030189 135135283017 535342052 195567606 
145400032964 135176890138 535514999 195577859 
145500027825 135219390595 535700870 195588844 
145600008631 135260809448 535870365 195598884 
145700028520 135302930240 536047352 195609852 
145800032319 135344666308 536220599 195620757 
145900032012 135386460521 536392510 195631009 
146000009646 135428413967 536571085 195641977 
146100033533 135470219144 536742199 195652185 
146200034823 135511849468 536911383 195662648 
146300032054 135553325534 537076296 195672416 
146400031050 135595421508 537255281 195683210 
146500034020 135636827729 537424175 195692825 
146600034549 135678874025 537603454 195704215 
146700006775 135720264563 537774028 195714122 
146800029606 135763018744 537969171 195726101 
146900034102 135804871119 538144561 195736636 
147000028321 135846728888 538319925 195747319 
147100030655 135889340016 538504763 195758437 
147200011722 135930691606 538669675 195768489 
147300030052 135972499226 538836449 195778700 
147400031662 136013306295 538990643 195787622 
147500011260 136055051178 539163510 195798380 
147600032833 136096518797 539332368 195808127 
147700009355 136138499874 539512317 195819115 
147800033470 136180765898 539693647 195830071 
147900032637 136222219614 539862076 195840384 
148000008018 136264593519 540047241 195851609 
148100034178 136306025616 540214795 195861751 
148200026007 136347890533 540386907 195872306 
148300006584 136389567392 540560972 195882560 
148400010480 136431727885 540738229 195893349 
148500026701 136472620549 540898488 195902659 
148600034679 136514718971 541078835 195914415 
148700011659 136557053674 541266198 195925511 
148800021926 136622142718 541879324 196451816 
148900022242 136698919995 542761799 197187531 
149000025367 136764627834 543308075 197634727 
149100025147 136824910148 543705574 197960939 
149200024233 136890457866 544258635 198415110 
149300023532 136964716865 545062927 199074487 
149400022219 137030036291 545613210 199523824 
149500023144 137091086808 546036910 199871485 
149600025614 137155094382 546543643 200288999 
149700005222 137231205707 547410907 201002346 
149800025944 137298885861 548029221 201510228 
149900026824 137359898303 548451130 201854720 
150000027235 137428774168 549097355 202381022 
150100023529 137496152884 549706084 202877491 
150200023903 137553076236 550004874 203122422 
150300024089 137623108274 550695012 203688623 
150400025826 137700525983 551590242 204421665 
150500025382 137761604933 552003489 204758376 
150600022554 137819187733 552325940 205022682 
150700004750 137889509639 553028456 205596991 
150800005405 137955918893 553603833 206064811 
150900005363 138016866568 554013037 206398886 
151000022174 138081553789 554537420 206827748 
151100024328 138159863254 555463129 207587689 
151200022238 138221040965 555882376 207929965 
151300005142 138279016382 556220748 208206791 
151400023306 138353356995 557038434 208873065 
151500021758 138418781640 557595851 209327097 
151600025657 138481504557 558073696 209716144 
151700023468 138542836184 558493684 210059454 
151800005000 138612816778 559176036 210617665 
151900004298 138683959649 559895707 211208808 
152000026036 138745785392 560332328 211566196 
152100005294 138822085024 561213141 212289278 
152200024004 138891101880 561866715 212823808 
152300026766 138965354572 562670900 213478529 
152400004879 139035500257 563360149 214043710 
152500005173 139106967985 564089717 214640595 
152600025700 139174206910 564695367 215135493 
152700025326 139231597223 565008159 215389620 
152800025242 139299907874 565645633 215913452 
152900053100 139378622316 566579600 216676096 
153000024817 139441612911 567056266 217065967 
153100021418 139500749209 567420420 217362527 
153200024141 139575145739 568226616 218020682 
153300017008 139640741875 568793247 218484993 
153400026443 139701700375 569204941 218818340 
153500024369 139765759496 569712344 219235200 
153600004751 139840788982 570554894 219928694 
153700024068 139901537248 570954111 220254204 
153800005865 139964288884 571422046 220635897 
153900023114 140029778541 571972682 221086099 
154000004837 140097370414 572588247 221591053 
154100023189 140161756403 573101803 222010490 
154200027542 140231849866 573795153 222581083 
154300024982 140299959878 574423399 223093657 
154400023898 140363719747 574920409 223498068 
154500026302 140424943339 575338334 223839627 
154600021852 140494790756 576027775 224405218 
154700025032 140563110431 576655449 224918535 
154800025951 140627738936 577181645 225348727 
154900024326 140700287824 577936358 225964324 
155000022580 140769975906 578614446 226515516 
155100021586 140833574406 579113721 226922993 
155200020980 140895811798 579561056 227288606 
155300024158 140964050438 580193545 227805770 
155400025318 141034917793 580893505 228375916 
155500028440 141098862104 581400089 228790788 
155600004842 141165951361 581999544 229281798 
155700027779 141228208123 582458352 229658059 
155800022582 141301745518 583247192 230303815 
155900027113 141367130761 583795270 230750445 
156000022422 141429743983 584260780 231128982 
156100024324 141490965678 584680000 231471774 
156200004230 141566342205 585520027 232157807 
156300004469 141632790029 586101594 232636225 
156400026532 141695378441 586565842 233015675 
156500025320 141769817586 587394975 233697014 
156600020425 141835251556 587947991 234148058 
156700022979 141895532634 588337394 234466225 
156800021990 141960161116 588867436 234901460 
156900023688 142037408459 589751441 235625303 
157000023966 142102236427 590279085 236057034 
157100026772 142158757004 590571186 236296421 
157200023908 142233448226 591399129 236973026 
157300008081 142333325792 591536297 237086310 
157400002234 142659862268 596094985 238488000 
157500013491 142904579850 600444314 239371727 
157600002964 143165776466 604489595 240684223 
157700002245 143402148173 607673527 241588329 
157800011437 143618187905 608630122 241898117 
157900004891 143812798786 608645917 241906021 
158000007413 144002402068 608664002 241915221 
158100002660 144156157802 608752629 241994094 
158200019340 144299614470 608833189 242072711 
158300012687 144388185166 608850107 242089534 
158400009007 144468801700 608850595 242089989 
158500008455 144557358443 609301919 242199067 
158600012326 144648923902 610036018 242362670 
158700007701 144740578536 610772075 242530811 
158800012780 144831831826 611504261 242692162 
158900012842 144922927463 612233420 242851704 
159000012110 145014108485 612965469 243010256 
159100014231 145105688053 613700183 243175740 
159200009725 145197285762 614435964 243337051 
159300007977 145288291284 615156634 243497294 
159400012564 145379815902 615899949 243659638 
159500012393 145471126467 616635411 243822002 
159600012710 145562588582 617369313 243983106 
159700013068 145653987498 618106968 244143616 
159800012154 145745373391 618847165 244304221 
159900012574 145836936100 619585224 244469437 
160000011204 145928231481 620318234 244630106 
160100010910 146019625026 621057096 244791850 
160200006738 146110979786 621790065 244954841 
160300012236 146202361008 622525673 245116197 
160400011515 146293899819 623269329 245277305 
160500010608 146385451457 624006993 245438552 
160600013074 146476783876 624748779 245596581 
160700012238 146567918252 625486269 245759171 
160800005191 146715683780 626035201 245882381 
160900008054 146865934764 626036495 245883646 
161000012945 147006149463 626043895 245890757 
161100016742 147095046641 626048409 245895104 
161200017030 147165576404 626049369 245895894 
161300013036 147235269733 626049680 245896195 
161400015580 147304462081 626049999 245896507 
161500012705 147373519832 626050336 245896837 
161600012056 147442506449 626050595 245897089 
161700016923 147511638080 626050926 245897408 
161800010937 147613134331 626051392 245897847 
161900011463 147695088072 626051644 245898072 
162000012957 147772367852 626052847 245898688 
162100009404 147843343584 626054912 245899816 
162200012576 147913355309 626057057 245901151 
162300012545 147984006049 626058981 245902262 
162400016179 148054585281 626060902 245903369 
162500018860 148171750813 626080705 245922430 
162600008254 148262436615 626098160 245939755 
162700015431 148382815387 626107501 245948983 
162800016949 148473287624 626107952 245949408 
162900006151 148653785016 627187672 247000233 
163000007938 148846049872 627402525 247214025 
163100013781 149010021309 627474987 247281934 
163200014976 149076732366 627480882 247287285 
163300013519 149143377935 627487374 247293531 
163400013029 149209304821 627493117 247299057 
163500009952 149275470655 627499646 247305355 
163600015457 149341600755 627505058 247310592 
163700021134 149408211634 627512729 247317997 
163800018802 149474760949 627523411 247328320 
163900010434 149540582174 627527803 247332687 
164000007188 149639488640 627582270 247386655 
164100007361 149805995497 627596293 247399938 
164200006692 149967012464 627598918 247402025 
164300006441 150182452995 627728656 247511711 
164400011275 150713626602 631463093 248622789 
164500001172 150849802567 631483836 248643314 
164600012847 151066686417 631485090 248644471 
164700019974 151138864783 631485172 248644495 
164800013415 151211404458 631485269 248644524 
164900010359 151388967248 631523139 248680756 
165000017918 151511919938 631542588 248696908 
165100017220 151593406746 631572215 248723300 
165200017372 151671830034 631591876 248737404 
165300006910 151734555861 631611589 248753990 
165400010123 151848091989 631632968 248772664 
165500016723 151938588067 631653391 248790550 
165600003124 152029332509 631672082 248806632 
165700007926 152198201034 631688371 248821633 
165800012392 152339348664 631689436 248822671 
165900012605 152446844625 631724759 248856185 
166000014791 152532300777 631784401 248913855 
166100007476 152708241934 631794293 248922785 
166200007027 152848032581 631795297 248923756 
166300011460 152960759435 631834783 248962438 
166400017280 153047863699 631889374 249015278 
166500017437 153127303743 631905972 249026520 
166600022793 153186951742 631918013 249035564 
166700024054 153262782848 631930958 249046145 
166755999282 153322681847 631941877 249055535 
