100111947 406718
200074621 801168
300320339 1183436
400356248 1694673
500360178 2827109
600368609 3999565
700335493 5127302
800309768 6243916
900320377 7364353
1000407801 8472216
1100407411 9583145
1200290489 10729831
1300387750 11831426
1400271516 12972904
1500330303 14071829
1600311787 15113407
1700363905 16260670
1800370128 17356220
1900278705 18497699
2000405399 19583776
2100385682 20725135
2200412409 21864731
2300386585 22943657
2400314023 24080551
2500305962 25163683
2600300025 26302001
2700238366 27437284
2800398098 28512031
2900338520 29645500
3000469630 30735863
3100390110 31869192
3200383097 33006414
3300355570 34088200
3400321560 35221157
3500365225 36353056
3600271367 37477783
3700366917 38613212
3800424100 39745476
3900395066 40825848
4000362807 41959503
4100410587 43088093
4200373597 44158942
4300380107 45293379
4400356530 46420283
4500416929 47483895
4600350803 48617870
4700432783 49750676
4800380575 50880989
4900460047 51939677
5000446854 53067729
5100400949 54198352
5200394796 55256303
5300399118 56390713
5400373148 57519193
5500422083 58651872
5600435746 59720516
5700426597 60849868
5800440210 61984979
5900376928 63110573
6000431861 64196371
6100424316 65325402
6200447355 66459919
6300379106 67587419
6400456448 68686039
6500463710 69813549
6600486372 70948033
6700451844 72073166
6800413125 73138060
6900422205 74266117
7000218779 75399826
7100504370 76533159
7200498496 77583188
7300489363 78720468
7400506300 79852262
7500453527 80981336
7600410598 82117566
7700485057 83168022
7800468696 84301578
7900405746 85434742
8000467583 86561788
8100410230 87625427
8200517557 88757086
8300485222 89888313
8400500557 91016656
8500509889 92147836
8600497324 93209352
8700505818 94333748
8800513061 95472732
8900521720 96594769
9000354297 97604827
9100522787 98730844
9200431173 99856102
9300513528 100992128
9400385155 102116354
9500489383 103171864
9600470822 104306541
9700464337 105441649
9800528286 106576917
9900415408 107700766
10000412706 108738163
10100606536 109862339
10200518017 110987410
10300532068 112128571
10400518764 113251707
10500509541 114385102
10600466763 115426208
10700461626 116557331
10800529479 117690014
10900540478 118812914
11000448210 119946225
11100539035 120933169
11200534352 122073771
11300529705 123200254
11400543477 124335991
11500534174 125458039
11600564128 126593422
11700557418 127621616
11800549537 128751930
11900514550 129878456
12000480469 130995501
12100548578 132122341
12200475798 133129846
12300523612 134256489
12400533433 135375067
12500569122 136503606
12600550102 137621357
12700314172 138746511
12800518997 139782049
12900567024 140910475
13000541514 142031429
13100556015 143161008
13200681543 144281312
13300459464 145408415
13400555835 146439160
13500568390 147566021
13600556601 148685407
13700566853 149814467
13800558051 150933293
13900582213 152063303
14000513784 153095586
14100565336 154224521
14200508293 155344740
14300530268 156473037
14400569172 157590461
14500583750 158720052
14600584577 159778066
14700496600 160904703
14800591033 162024697
14900497322 163146579
15000562541 164274479
15100608491 165392480
15200609538 166521602
15300596767 167556126
15400550972 168685127
15500583524 169806050
15600580724 170933008
15700580479 172048824
15800553492 173168838
15900608333 174210610
16000615931 175338552
16100593610 176458312
16200595558 177586565
16300602558 178702255
16400546378 179822640
16500633295 180952068
16600616719 181953741
16700610003 183081698
16800588224 184195266
16900611934 185323217
17000745251 186443066
17100626887 187572230
17200449342 188572028
17300613889 189686095
17400625436 190814320
17500620813 191936200
17600584839 193065835
17700620241 194175191
17800615384 195305180
17900647789 196327275
18000499123 197450934
18100642917 198580158
18200617880 199701708
18300656978 200834215
18400595196 201945290
18500639965 203073659
18600625720 204125598
18700638808 205255876
18800632633 206378367
18900619470 207497193
19000637256 208626738
19100665118 209736012
19200645382 210863359
19300516287 212118911
19400612304 213272175
19500586882 214458657
19600574803 215634789
19700563520 216822270
19800647735 217992335
19900670733 219180249
20000491071 220194010
20100635447 221367502
20200628225 222555082
20300664740 223734554
20400624039 224917238
20500608476 226091659
20600583159 227280874
20700494262 228422165
20800622048 229523161
20900610355 230710006
21000613804 231879467
21100660863 233066348
21200631926 234239198
21300570175 235426146
21400638669 236608887
21500600482 237716412
21600664126 238898737
21700656001 240075916
21800652775 241266324
21900672371 242449920
22000687780 243625358
22100700149 244814064
22200652629 245849107
22300662222 247039854
22400626765 248221031
22500677826 249400502
22600621313 250590694
22700688466 251760550
22800661893 252950259
22900567506 254081836
23000640805 255018790
23100595701 256201779
23200700047 257403623
23300577585 258625290
23400682834 259842753
23500692730 261065529
23600635165 262257607
23700676861 263394249
23800687182 264581561
23900692270 265750534
24000641332 266937815
24100695179 268118809
24200687575 269293162
24300386390 270474722
24400668767 271522041
24500691558 272703548
24600709164 273889995
24700766826 275067315
24800744580 276248792
24900666690 277423016
25000738042 278604907
25100761201 279794815
25200754796 280739875
25300664882 281920573
25400733832 283107987
25500679071 284277554
25600683200 285461386
25700513599 286633096
25800727936 287810789
25900714996 288995423
26000729315 290040993
26100732277 291220892
26200645196 292404123
26300637073 293572215
26400734769 294758850
26500734597 295938291
26600682050 297108852
26700733302 298289951
26800621206 299291059
26900723091 300457460
27000719035 301637717
27100636592 302809512
27200749896 303990158
27300714894 305173513
27400748632 306339102
27500766814 307523885
27600769359 308701567
27700748563 309764181
27800765101 310945552
27900763933 312123493
28000691777 313293870
28100740342 314471961
28200729008 315640394
28300787896 316819086
28400792441 318002169
28500499961 321619093
28600688116 322529348
28700467602 323631657
28800528730 329586559
28900484824 347047673
29000474994 366175157
29100481937 385339667
29200467112 404504295
29300488124 423737046
29400491210 442962592
29500514968 461704528
29600602558 472786076
29700502222 477273883
29800660178 483871690
29900719698 486386317
30000498769 495369214
30100508718 515515772
30200629101 525058680
30300602903 536455388
30400741460 538981887
30500739273 539580655
30600738868 540015924
30700709017 540437591
30800735660 540856563
30900724262 541268281
31000794031 542069414
31100724055 543237012
31201584659 544775041
31301576768 544796719
31401580665 544817574
31501579124 544838506
31601566494 544859826
31701601546 544881330
31801588659 544902922
31901561478 544925588
32001574959 544946823
32100915254 544969780
32201594011 544991069
32301592398 545014434
32401593540 545035177
32501603714 545058737
32601565362 545079010
32701592766 545099685
32801605005 545120919
32901612270 545141854
33001612866 545162719
33101597580 545183155
33201887100 545204466
33301639755 545229063
33401629194 545249894
33501627274 545272299
33601606105 545293098
33701611441 545313896
33801589624 545334550
33901623076 545355200
34001616447 545376014
34101614649 545401265
34201633914 545421898
34301594762 545444009
34401655002 545464959
34500962418 545485247
34601499060 545506405
34701649287 545527641
34801636709 545548454
34901666422 545569237
35001623853 545589840
35101574037 545616794
35201592535 545637763
35301616901 545658762
35401652868 545679633
35501588068 545700061
35601736102 545721048
35701624771 545741742
35801614617 545773574
35901613296 545794447
36001678501 545815653
36101653624 545836593
36201619269 545857229
36301586637 545877518
36401549281 545900203
36501680192 545928361
36601656000 545950392
36701730629 545972592
36801667372 545993590
36901629810 546014748
37001561176 546035706
37101706761 546056957
37201690476 546077736
37301590269 546097729
37401592158 546119162
37501665762 546140966
37601719195 546161345
37700599303 547032288
37801123629 552257030
37901089350 552960226
38001053107 553260903
38100994831 553490712
38201126244 553688400
38301096788 553853821
38401101041 554030015
38501102196 554197867
38601116954 554374792
38701134935 554539828
38801117533 554716636
38901110644 554882862
39001109434 555085259
39101129398 555277307
39201128511 555443230
39301147124 555600463
39401140195 555759319
39501133697 555917836
39601140037 556061627
39701010667 556206044
39801138554 556367386
39901112057 556538778
40001139414 556695432
40101138198 556850830
40201145269 557008500
40301133967 557165816
40401136579 557306239
40501125090 557452323
40601108235 557616616
40701101520 557794745
40801150411 557986749
40901158665 558174206
41001121899 558359932
41101115938 558555117
41201135795 558743902
41301160478 558935489
41401127089 559124948
41501150030 559322949
41601117444 559517867
41701146613 559704868
41801171617 559890224
41901165736 560075906
42001134920 560256519
42101089276 560430694
42201160912 560607528
42301170657 560797303
42401160977 560982956
42501137522 561156308
42601062831 561389446
42701180595 561616516
42801125626 561833857
42901061302 562091927
43001167666 562341457
43101208069 562576318
43201199740 562777110
43301174690 563001216
43401015205 563499436
43500951788 564561556
43600941890 565531688
43700970198 566621879
43800942943 567735769
43901827082 568244983
44001619986 568271652
44101531971 568299257
44201784776 568331430
44301752553 568360205
44401642187 568388877
44501750703 568418542
44601825914 568447647
44701498847 568478248
44801581923 568507622
44901809740 568564293
45001663762 568593154
45102006194 568621762
45201664384 568651597
45301518106 568684426
45401639690 568721142
45501896868 568759445
45601722884 568794119
45701743695 568826585
45801499926 568858737
45901690206 568946533
46001689896 568975120
46101647091 569003800
46201677226 569032247
46301810864 569061202
46401678934 569091136
46501678242 569121956
46601726247 569150830
46701701468 569178475
46801674893 569206077
46901755012 569238642
47001691283 569269321
47101772966 569297621
47201687947 569324736
47301738315 569355442
47401727984 569386969
47501680975 569416118
47601706803 569444992
47701743681 569475574
47801602487 569619807
47901776549 569648852
48001564839 569678062
48101604217 569708638
48200832368 572391304
48301063778 573698011
48400887384 574428967
48500842199 577717585
48601027173 579007585
48701009431 579466694
48800975043 579848123
48901005220 580215756
49000981194 580581277
49100815544 580942572
49200838438 581542240
49301007633 582371678
49400990059 583319953
49500896418 585107662
49601363290 585225070
49701415596 585244983
49801405602 585268577
49901388692 585288915
50001305439 585314767
50101409304 585340309
50201391993 585362697
50301361344 585419735
50401425404 585444562
50501417858 585473792
50601322368 585497065
50701415225 585525458
50801394334 585552319
50901443290 585585943
51001358472 585621812
51101436851 585650930
51201389611 585749864
51301765915 585772321
51401442947 585790754
51501454582 585814348
51601597708 585842191
51701406493 585867692
51801432263 585895985
51901438790 585928749
52001368620 585953706
52101368439 585991559
52201423183 586031460
52301443467 586073683
52401311884 586106625
52501438550 586139385
52601472842 586351605
52701435752 586372848
52801434579 586394831
52901417691 586419850
53001443188 586444637
53101448988 586469008
53201425129 586497241
53301418460 586517897
53401438152 586540128
53501294990 586562774
53601426290 586582758
53701450962 586607919
53801387216 586630687
53901359081 586656074
54001456861 586688125
54101400875 586718859
54201419918 586753632
54301395478 586789464
54401438852 586823071
54501444134 586857697
54601494242 586898821
54701328627 586941483
54801377724 586979557
54901067233 587020094
55001387922 587064586
55101416420 587110601
55201460956 587151759
55301424795 587194581
55401613611 587242304
55501395255 587287053
55601595728 587329642
55701500521 587378065
55801365183 587428272
55901422596 587473281
56001414207 587520337
56101357754 587572325
56201405811 587627034
56301459002 587675005
56401427891 587724322
56501335816 587781471
56601364659 587834520
56701418897 587884414
56801424762 587942546
56901438778 588000867
57001452828 588054250
57101291679 588114314
57201425828 588174118
57301454917 588246044
57401446854 588307757
57501377395 588372884
57601507366 588448995
57701360705 588509999
57801385165 588583356
57901428071 588665242
58001555316 588726873
58101421518 588804497
58201307451 588890198
58301531227 588933487
58401367071 588961471
58501424108 588989265
58601499309 589016988
58701483216 589047229
58801471800 589080769
58900928879 591781571
59001508947 592445894
59101511448 592466306
59201459172 592484380
59301483549 592503330
59401693186 592525322
59501486207 592554087
59601537635 592575530
59701533532 592594620
59801540703 592617016
59901479677 592640063
60001442938 592662369
60101514029 592685070
60201504801 592708954
60301148836 592734346
60401547864 592758808
60501562496 592778534
60601508225 592799045
60701506013 592817444
60801518962 592836637
60901440851 592856305
61001551645 592878816
61101553745 592936167
61201476746 592957877
61301517252 592979689
61401515597 593000486
61501549353 593024252
61601472406 593048835
61701478514 593073688
61801533437 593094047
61901562070 593115455
62001516846 593138659
62101556331 593158162
62201492734 593182497
62301501472 593208637
62401536139 593230911
62501545629 593258638
62601556699 593288886
62701531388 593312094
62801567742 593336345
62900979328 593402832
63001531085 593463869
63101532449 593485075
63201555171 593505650
63301587075 593529183
63401553617 593554555
63501500470 593584249
63601542163 593614668
63701495323 593646634
63801494508 593675883
63901522306 593709085
64001516101 593747626
64101795705 593784819
64201548086 593820307
64301594380 593860726
64401455226 593903271
64501542337 593943336
64601549693 593982016
64701565179 594025392
64801534295 594071005
64901488882 594111688
65001587182 594156410
65101495917 594203772
65201514729 594249862
65301536660 594292761
65401542203 594341903
65501540648 594394000
65601594366 594443449
65701548395 594489537
65801547615 594543475
65901576163 594597476
66001520983 594830333
66101232403 594872717
66201560549 594918025
66301514830 594961741
66401582985 595008082
66501544539 595053358
66601571551 595099014
66701515891 595147936
66801613563 595193023
66901523840 595239891
67001608276 595289176
67101530047 595335588
67201582534 595385519
67301558213 595435281
67401537732 595483748
67501576247 595535682
67601604820 595585582
67701642298 595632265
67801614369 595649401
67901568563 595668027
68001586153 595686471
68101489463 595705382
68201853644 595725493
68301210146 597612609
68401153039 600503198
68501220803 602066084
68601332563 602849249
68701228684 607751434
68801329748 611687465
68901251322 615615250
69001316011 619621650
69101349112 623592288
69201329799 628077831
69301197824 632360736
69401241507 636411741
69501343118 640560503
69601256480 644793432
69701342078 648835350
69801370648 653018008
69901307936 657009569
70001309469 660997721
70101251597 664957216
70201357178 668908664
70301297165 672885165
70401261025 676851988
70501262407 680846811
70601374818 684843831
70701381220 688822457
70801335973 692872122
70901247081 696841709
71001360962 701020554
71101460204 705005313
71201287058 709103772
71301300797 713067845
71401317550 717230703
71501274179 721192942
71601313619 725343192
71701272629 729376070
71801281491 733390904
71901316761 737540871
72001353626 741521600
72101392724 745664888
72201375841 749761400
72301269035 753752840
72401323874 757708096
72501300553 761762916
72601393846 765772302
72701285032 769771669
72801397089 773793101
72901259883 777774816
73001303540 781735587
73101385963 785672074
73201240332 789612111
73301338975 793592135
73401364920 797593910
73501279751 801557207
73601367175 805548380
73701426109 809551720
73801423378 813544251
73901364054 817509544
74001303793 821514168
74101374287 825494117
74201308742 829449218
74301351529 833427683
74401390993 837408339
74501313489 841417118
74601373241 845422424
74701432195 849419897
74801346172 853402602
74901383613 857362342
75001342795 861340162
75101311774 865311641
75201355166 869283662
75301420177 873232028
75401408226 877209555
75501425827 881211210
75601334416 885174906
75701450054 889163784
75801353536 893149992
75901345470 897131988
76001325120 901115515
76101293619 905094412
76201430737 909039580
76301440191 912990014
76401369086 916960141
76501378200 920891055
76601367515 924890642
76701416437 928871841
76801459669 932872976
76901186786 941680078
77001217707 961867521
77101287994 966723281
77201372269 972348908
77301266449 978062268
77401281350 983683423
77501426263 989243947
77601289950 995033068
77701393809 1000689590
77801297950 1006384009
77901288482 1012011999
78001413052 1017599597
78101296437 1023376193
78201402333 1029055204
78301308392 1034737557
78401304316 1040375979
78501403934 1045977321
78601296651 1051750203
78701227570 1057382833
78801297932 1063123364
78901306166 1068767045
79001420105 1074376190
79101309092 1080151209
79201324582 1085800159
79301305166 1091534727
79401327046 1097182887
79501544970 1102794614
79601316793 1108577347
79701436435 1114273318
79801327988 1119974361
79901322315 1125626144
80001454825 1131224921
80101328857 1137037929
80201454456 1142720636
80301332504 1148450569
80401330198 1154112897
80501213683 1159786072
80601403970 1165532633
80701444201 1171184812
80801408757 1175201388
80901373267 1178395937
81001657439 1181101726
81101634575 1181173684
81201592392 1181242730
81301674112 1181314975
81401529849 1181381066
81501584255 1181442100
81601565943 1181505391
81701513777 1181568682
81801489788 1181629441
81901649386 1181689064
82001551714 1181754405
82101558696 1181818001
82201583247 1181879386
82301660686 1181941310
82401609105 1182001469
82501513242 1182060183
82601616553 1182119666
82701640517 1182181076
82801686897 1182243542
82901576727 1182304673
83001577929 1182368553
83101662204 1182431777
83201655728 1182498983
83301672653 1182557892
83401399712 1183320071
83501306932 1191916598
83601349196 1195083326
83701508626 1200291687
83801502239 1204740636
83901437567 1208952132
84001447904 1213649939
84101479836 1219090004
84201476735 1224793158
84301481896 1230480127
84401399211 1235873547
84501421425 1241629052
84601517093 1247147500
84701560193 1252026834
84801304506 1257554342
84901432608 1263372372
85001511591 1268868335
85101451539 1274329729
85201497309 1280014542
85301490790 1285476542
85401583508 1290886832
85501565105 1296517990
85601403259 1301823536
85701557332 1307173176
85801445847 1312636663
85901560248 1317965689
86001439754 1323277065
86101578214 1328621259
86201513794 1333964625
86301587063 1339145719
86401544348 1344620670
86501563208 1349724637
86601458620 1354941362
86701498385 1360019544
86801509803 1365108724
86901431548 1370276344
87001575766 1375245365
87101557114 1380290690
87201586681 1385135657
87301541975 1390073618
87401619987 1394898730
87501508623 1399652395
87601464514 1404194930
87701439702 1409110722
87801530705 1413862234
87901496905 1418505275
88001594484 1422902020
88101596100 1427169325
88201594156 1431405372
88301585984 1435676187
88401532015 1439981231
88501584436 1444337259
88601627373 1448669641
88701573811 1453001915
88801504732 1457365504
88901615417 1461692383
89001519660 1466031340
89101483264 1470406650
89201578494 1474749210
89301535685 1479090028
89401471611 1483468133
89501589185 1487839567
89601573150 1492186376
89701532695 1496522809
89801580633 1500868947
89901645444 1505219718
90001582580 1509541602
90101543453 1513902372
90201532688 1518258764
90301523103 1522615575
90401629305 1526993038
90501652492 1531338828
90601643391 1535687748
90701565014 1540032148
90801520048 1544387760
90901654427 1548740877
91001619967 1553064306
91101522162 1557424839
91201643408 1561751949
91301627085 1566009832
91401613939 1570292584
91501616129 1574593741
91601543606 1578890367
91701459978 1584313408
91801458787 1590985062
91901466188 1597658322
92001629527 1604353235
92101609846 1610983227
92201615549 1617612091
92301634602 1624242819
92401624455 1630871080
92501631393 1637504945
92601395118 1644237076
92701536582 1650956288
92801486125 1657635603
92901480548 1664320211
93001489979 1671011125
93101491629 1677706661
93201489976 1684393357
93301488463 1691086387
93401479066 1697783600
93501497495 1704473034
93601405185 1711181512
93701638345 1717850112
93801630953 1724493321
93901649501 1731128435
94001644052 1737768374
94101418419 1744490650
94201563251 1751252808
94301510267 1757961788
94401495901 1764662405
94501508510 1771367275
94601672907 1775311154
94701636345 1776412300
94801536200 1778276250
94901589564 1780684586
95001588067 1781588397
95101554304 1786260809
95201551644 1789684917
95301762056 1793951192
95401805579 1794135022
95501766091 1794314708
95601765025 1794492195
95701771984 1794672149
95801734841 1794847784
95901764945 1795030331
96001580524 1799419458
96101580820 1803682871
96201709644 1810130216
96301570623 1816630100
96401503324 1823145384
96501637830 1829666945
96601707448 1836214099
96701602416 1842712457
96801676501 1849266599
96901601139 1855784130
97001624373 1862292667
97101518066 1868807152
97201574404 1875229508
97301735369 1881671258
97401622780 1887878638
97501593278 1891931417
97601572349 1896739512
97701579463 1901046758
97801523935 1907732643
97901686444 1914914486
98001740732 1922136016
98101529733 1929347698
98201493408 1936554961
98301665367 1943791295
98401541814 1951008967
98501584202 1958227982
98601603501 1965391801
98701694103 1972484286
98801643099 1976575189
98901638575 1983160903
99001596219 1986892671
99101901807 1989917954
99201955079 1990007027
99301846646 1990093907
99401931307 1990183148
99501897743 1990266788
99601838548 1990352586
99701868008 1990435419
99801903707 1990516795
99901856293 1990599495
100001872410 1990685293
100101918804 1990769910
100201764706 1990855981
100301946391 1990938396
100401939729 1991025005
100501891205 1991107320
100601892209 1991192924
100701921470 1991277395
100801603737 1992284471
100901750314 1997322546
101001720266 2001458257
101101736516 2005586247
101201751370 2009773778
101301772668 2013983753
101401695224 2018200490
101501745492 2022411905
101601766757 2026633195
101701723701 2030877201
101801726390 2035046319
101901730274 2039280628
102001741538 2043492700
102101809294 2047689501
102201657008 2051901642
102301780396 2056132161
102401784538 2060374152
102501715096 2064595029
102601806589 2068801897
102701676817 2073014737
102801767611 2077218226
102901708314 2081408899
103001802427 2085634288
103101733330 2089825528
103201738368 2094053942
103301811147 2098271808
103401779800 2102475240
103501757456 2106649650
103601863788 2110868639
103701682376 2115083920
103801788198 2119275393
103901792090 2123469003
104001740511 2127667944
104101720644 2131848744
104201743633 2136029136
104301764226 2140288700
104401798967 2144513536
104501779521 2148714930
104601630089 2157153776
104701764065 2173889698
104801653331 2178079966
104901719863 2180875153
105001852239 2181405026
105101865695 2181936087
105201813396 2182736356
105301818366 2183450402
105401834871 2185631170
105501840025 2186233815
105601864530 2186848494
105701933092 2187652177
105801823597 2188380136
105901779077 2191531816
106001780866 2195200236
106101776178 2198868404
106201787311 2202690707
106301785139 2206415723
106401782843 2210208060
106501790125 2213901947
106601794423 2217558757
106701819180 2221229193
106801790825 2224966847
106901791628 2228600046
107001809827 2232221152
107101817347 2235807924
107201793366 2239431747
107301810474 2243048465
107401817764 2246686624
107501812480 2250225303
107601809661 2253846070
107701802779 2257497375
107801809149 2261057149
107901829999 2264648242
108001821130 2268240986
108101816523 2271937821
108201840461 2275524758
108301815019 2279183788
108401814435 2282816973
108501824335 2286562259
108601840035 2290358896
108701815233 2293247298
108801778790 2294345974
108901904223 2295886956
109001901462 2296659653
109101963812 2299966260
109201897856 2306233545
109301902768 2312280073
109401962517 2318105632
109501967091 2323726768
109602017837 2329077574
109701957938 2334243969
109801653014 2340189511
109901927164 2346220162
110001919284 2350697332
110101659246 2355448555
110201954086 2360952039
110301946672 2364748275
110401930032 2369994341
110501965674 2373274129
110601665438 2377305046
110701996668 2380385197
110802002568 2382853253
110901969213 2386112774
111001995968 2388936051
111102043321 2391291330
111201924069 2393142999
111301953777 2394165206
111402011556 2395081981
111502065055 2395345519
111601809522 2397483199
111701752878 2398777632
111801878561 2411681548
111901720157 2420764548
112001699793 2440888377
112101700435 2461730923
112201708619 2482729673
112301869322 2503704584
112401707678 2524709766
112501708487 2545762263
112601707944 2566780948
112701701782 2587789713
112801715008 2608843163
112901711435 2629908481
113001717007 2651125732
113101713649 2672298301
113201720378 2693409479
113301715134 2714643910
113401717535 2735925805
113501719567 2757132600
113601717213 2778311801
113701719906 2799589413
113801721206 2820804098
113901728052 2841973444
114001723535 2863175286
114101729305 2884410627
114201723893 2905649395
114301727718 2926888445
114401734398 2948090870
114501730758 2969319116
114601737914 2990552450
114701844778 3011771785
114801739852 3032924213
114901737066 3054275267
115001742363 3075686867
115101741010 3097104386
115201742533 3118500450
115301740035 3139910012
115401750357 3161335186
115501751265 3182709717
115601752512 3203839328
115701749295 3225084663
115801745968 3246295276
115901757527 3267281933
116001760240 3288350035
116101756991 3309343576
116201772809 3330322338
116301752242 3351300770
116401766075 3372205288
116501768004 3393132353
116601773836 3413948439
116701769532 3434897496
116801770338 3455653068
116901780423 3476405835
117001772789 3497055044
117102014315 3517697232
117201772786 3538132160
117301798438 3558253157
117401750815 3576881424
117501780839 3598091680
117601778437 3619309888
117701782922 3640471181
117801784815 3661404187
117901782377 3682409595
118001791748 3703363673
118101789561 3724341589
118201792499 3745254731
118301789410 3766205999
118401948508 3787047057
118501796478 3807913541
118601795206 3828752118
118701792438 3849499684
118801798579 3870159561
118901789654 3890824841
119001793106 3911418025
119101805704 3931803478
119201810881 3950915879
119301812541 3969725679
119401800644 3989370416
119501807879 4009082838
119601819822 4028573314
119701813214 4048174471
119801813469 4067714606
119901814886 4087305443
120001828255 4106781516
120101826268 4126276828
120201830057 4145762148
120301821859 4165239930
120401826167 4184662830
120501833899 4203975770
120601835039 4223253093
120701823020 4242453299
120801938978 4261687215
120901932383 4280629054
121001843281 4298709872
121101997425 4302453458
121201882918 4305222377
121302188274 4307860521
121402213584 4308188956
121502145486 4308495201
121602208674 4308787190
121702193143 4309086201
121802154419 4309581705
121902169267 4309892588
122002256533 4310203533
122102196347 4310515575
122202255321 4311343359
122302186313 4311648581
122402206454 4311953192
122502127300 4312285577
122601926645 4316975492
122702294757 4319582154
122801992477 4320548038
122902203965 4321732044
123002132247 4322424899
123102192336 4323116392
123202165311 4323823568
123302243638 4324735864
123402119249 4326593204
123502141113 4328058166
123602063676 4329999509
123702048384 4331208000
123802176824 4335057883
123902165941 4336894343
124002139634 4337237774
124102079234 4337573202
124202143842 4337909666
124302132078 4338246276
124402069121 4338621386
124501975172 4339121094
124602478012 4339730436
124702548949 4339870919
124802458046 4340012292
124902474798 4340152829
125002471849 4340293078
125102459101 4340436816
125202083922 4341759641
125302168223 4342106882
125402175161 4342443794
125502345822 4342782341
125602204998 4343116153
125702165044 4343456235
125802197496 4343926524
125902213902 4344788511
126002328917 4345510879
126102135484 4346470211
126202137739 4346718451
126302173248 4346960521
126402201967 4347202492
126502163008 4347447855
126602185659 4347692463
126702160727 4347938345
126802119871 4348189467
126902045733 4350965191
127002026460 4352628839
127101973298 4353966788
127202490144 4356310464
127302501375 4356359702
127402495934 4356406248
127502435068 4356451991
127602454224 4356498323
127702493196 4356552406
127802506509 4356578002
127902499641 4356603463
128002392515 4356627758
128102509673 4356654818
128202562926 4356680102
128302060175 4356707146
128402506621 4356733727
128502586329 4356758543
128602516617 4356782584
128702527256 4356808739
128802514668 4356835712
128902550587 4356863034
129002783838 4357811688
129102488475 4359187281
129202484587 4360676998
129302498490 4362147266
129402540828 4363568476
129502516296 4364956732
129602529794 4366341466
129702434319 4367787323
129802545371 4369198270
129902489846 4370626674
130002481461 4372052842
130102467732 4373524713
130202509010 4374972676
130302420754 4376367845
130402518951 4377789406
130502360037 4379252286
130602539773 4380685893
130702540790 4382116938
130802521435 4383557965
130902572490 4384980854
131002463393 4386433999
131102471591 4387853825
131202693902 4389267682
131302474546 4390686532
131402517735 4392100591
131502487422 4393541219
131602516492 4394966210
131702522734 4396399103
131802546207 4397812630
131902484808 4399281665
132002144331 4400691829
132102213293 4402141915
132202154637 4403580126
132302233913 4404997710
132402517946 4406407642
132502553174 4407810650
132602175032 4409235990
132702558036 4410645524
132802470991 4412082677
132902565598 4413528624
133002404457 4414952381
133102438558 4416375457
133202570321 4417808073
133302166217 4419266856
133402545550 4420667984
133502157836 4422085174
133602182507 4423474848
133702591942 4424971333
133802415433 4427051765
133902403436 4430589876
134002431296 4433964578
134102433807 4437614539
134202185197 4441799707
134302445187 4445390647
134402442199 4448762529
134502429125 4452625588
134602435430 4456705303
134702396632 4460350245
134802449543 4463724347
134902387391 4467264673
135002437637 4471613382
135102390707 4475202715
135202447978 4478791829
135302451872 4482547540
135402457418 4486140073
135502462404 4489513501
135602458377 4493431736
135702479556 4497240348
135802407037 4500775335
135902103759 4504332341
136002353674 4508118780
136102457604 4511712981
136202480141 4515032991
136302471455 4518950911
136402145374 4522760322
136502475928 4526295155
136602199740 4529823723
136702147610 4533803082
136802373546 4537552799
136902367886 4540709689
137002473056 4544630073
137102485273 4549032190
137202124970 4552482082
137302419823 4556156319
137402498184 4559750120
137502267308 4564358592
137602481759 4568107541
137702132989 4571978008
137802324447 4575998906
137902133592 4579664323
138002464283 4583014805
138102493993 4586556637
138202503475 4590903940
138302489243 4594493618
138402500844 4598083970
138502475879 4602001174
138602094704 4605709694
138702395408 4608801013
138802514423 4612723028
138902318203 4617071627
139002350284 4620443405
139102498063 4623656164
139202500721 4627465728
139302514097 4630949206
139402494513 4634539821
139502504954 4638620416
139602496622 4642373839
139702517390 4645532649
139802167958 4649297020
139902260171 4653588273
140002463036 4657282851
140102509321 4660656927
140202203952 4664612708
140302506750 4668383969
140402535161 4671922812
140502531184 4675296362
140602531474 4679215454
140702622636 4683026126
140802527681 4686610151
140902520315 4690365012
141002523728 4693958030
141102187992 4698049032
141202525116 4701793013
141302532317 4704952367
141402543050 4708762550
141502187253 4713083019
141602567910 4716703415
141702539354 4720291377
141802395623 4724157915
141902583362 4727750291
142002529536 4731176688
142102520589 4734934017
142202506219 4738903583
142302750188 4742498669
142402227832 4745595650
142502208560 4749910801
142602638009 4753266031
142702770394 4753323186
142802700805 4753367720
142902770879 4753410577
143002631626 4753452450
143102795844 4753508347
143202733830 4753532798
143302744093 4753556967
143402728527 4753580564
143502815744 4753604812
143602786314 4753630485
143702474905 4753655049
143802834205 4753680628
143902661917 4753704655
144002872897 4753729069
144102411314 4753753665
144202434683 4753779054
144302816689 4753804571
144402718403 4754529867
144502743787 4755948124
144602678080 4757433695
144702837833 4758881913
144802605481 4760307514
144902685440 4761708848
145002746742 4763071798
145102689092 4764541486
145202338492 4765951230
145302704052 4767392929
145402684378 4768798201
145502475033 4770285957
145602758594 4771726460
145702747895 4773135119
145802567384 4774561142
145902583711 4776037948
146002780604 4777468890
146102735601 4778912725
146202572981 4780354525
146302773301 4781783519
146402747282 4783253322
146502643030 4784662564
146602714751 4786095057
146702786240 4787492113
146802494664 4788921468
146902791187 4790383272
147002780466 4791784420
147102369412 4793227608
147202732973 4794637779
147302752354 4796126144
147402717434 4797577232
147502401522 4799005412
147602728935 4800467040
147702798519 4801889184
147802606842 4803323179
147902830292 4804689511
148002810967 4806121795
148102804655 4807547897
148202722363 4808994303
148302785651 4810457487
148402926400 4811869201
148502607045 4813331376
148602377669 4814752150
148702791788 4816188845
148802631500 4817616092
148902722329 4819056396
149002836874 4820451828
149102806146 4821904846
149202525562 4823345999
149302307550 4826506472
149402659664 4830787553
149502308316 4834478370
149602654798 4837968032
149702612586 4841559396
149802663673 4845747245
149902668109 4849394341
150002684671 4852824543
150102675788 4856198669
150202659658 4860549705
150302681909 4864197106
150402520054 4867624138
150502577163 4871590175
150602406553 4875294228
150702621891 4878396022
150802682405 4882262785
150902327736 4886632807
151002688416 4889989299
151102681368 4893197095
151202492377 4897116920
151302704795 4900870420
151402688861 4904027303
151502690631 4907946233
151602689657 4912240808
151702659708 4915564226
151802699288 4918718657
151902780740 4922852184
152002662247 4926604798
152102705998 4930197231
152202705986 4933516853
152302703379 4937435577
152402721913 4941299135
152502694278 4944832324
152602699170 4949014935
152702715911 4952062988
152802873245 4957274797
152902707881 4960916828
153002728699 4965051748
153102709247 4968697892
153202731863 4972128232
153302738312 4975502366
153402464205 4979854859
153502720647 4983500179
153602718799 4986978051
153702738721 4991004686
153802732175 4994814271
153902722392 4998351652
154002759068 5001672408
154102745138 5005537067
154202718124 5009399528
154302743852 5012881314
154402728463 5016471565
154502752282 5019902989
154602748078 5023765650
154702728662 5027680985
154802729512 5031491753
154902754902 5035030273
155002684692 5038456758
155102746000 5042269485
155202749436 5046240216
155302747268 5049775469
155402671528 5053473514
155502392387 5057483470
155602392364 5061178471
155702750637 5064521829
155802758154 5068117574
155902675346 5072518148
156002763606 5076057248
156102746097 5079323040
156202769778 5083187601
156302764174 5087104125
156402776867 5090915273
156502764990 5094452204
156602760259 5097880998
156702759206 5101691972
156802778791 5105662632
156902724023 5109195896
157002762763 5113167481
157102772326 5116922184
157202784426 5120081874
157302669773 5123837994
157402796440 5128134332
157502776128 5131833955
157602773113 5135204839
157702786665 5139339431
157802517962 5141625073
157902388765 5150876501
158002440924 5168653537
158102395814 5175223222
158202400043 5186872219
158302730273 5193830024
158402429645 5196532335
158502447434 5199108653
158602950827 5202265315
158702603230 5205549929
158802607497 5206258302
158902602656 5207169946
159002554382 5207838345
159102622215 5207999450
159202624351 5208152458
159302632586 5208300934
159402620699 5208452838
159502613563 5208604753
159602609198 5208754668
159702630835 5208907148
159802642737 5209072015
159902629498 5209228165
160002640348 5209382446
160102640843 5209536184
160202659356 5209685697
160302646585 5209833281
160402644935 5209980363
160502635300 5210119163
160602649651 5210265575
160702653165 5210412729
160802656528 5210563705
160902634305 5210716211
161002655737 5210872869
161102662186 5211028191
161202662198 5211181159
161302660601 5211315861
161402568338 5213488621
161502607500 5215424648
161602734153 5216222863
161702708253 5216688526
161802672484 5216910079
161902681346 5217122806
162002688223 5217336221
162102688366 5217546885
162202733204 5217757651
162302439416 5218031578
162402628059 5219249589
162502693114 5219880604
162602678150 5220164538
162702713495 5220438639
162802690637 5220714526
162902701120 5220989706
163002743421 5221269383
163102670079 5222874373
163202644059 5224330804
163302737894 5225153948
163402582146 5228270478
163502592194 5229557758
163602458885 5235377403
163702754274 5235665433
163802728633 5235840846
163902725631 5236014234
164002736118 5236190166
164102740438 5236361728
164202871049 5236534073
164302704307 5236719720
164402735253 5236882813
164502725131 5237046988
164602633340 5238485912
164702589696 5240360122
164802677034 5241722613
164902500150 5251978317
165002629411 5257409663
165102731512 5259967151
165202748958 5260266079
165302737843 5260561029
165402470950 5261011766
165502773608 5262227351
165602757060 5262999881
165702861733 5263559325
165802858745 5263869342
165902884649 5264338976
166002816949 5265095302
166102798775 5265862334
166202619460 5266681184
166302601189 5267587624
166402815827 5268493755
166502808078 5269116433
166602625159 5270308593
166702615391 5271219304
166802594005 5272263395
166902853397 5272818310
167003019069 5273535314
167102908246 5273956816
167202729257 5274261611
167302732083 5274737666
167309348554 5274970133
