100066756 22.046999
200003567 20.235953
300012850 22.042068
400014942 29.647740
500022340 71.711924
600015256 74.893250
700018197 71.594897
800015721 71.158795
900015160 72.751983
1000006208 71.630324
1100021774 72.168844
1200015163 76.517212
1300021299 72.342251
1400008414 75.882548
1500023121 74.155410
1600025771 68.438864
1700016312 77.015272
1800022840 71.642845
1900023391 76.256076
2000024860 71.991840
2100025704 76.866204
2200014500 77.582516
2300021052 71.757043
2400014806 77.136322
2500026688 72.262470
2600020974 77.575159
2700019580 75.611419
2800021714 73.687316
2900007473 77.413430
3000023810 73.604586
3100021196 77.790463
3200025448 78.504334
3300024496 72.402507
3400025552 77.693083
3500016211 76.116640
3600024673 71.221462
3700016831 77.632071
3800024354 77.633473
3900023222 72.502148
4000019779 77.838031
4100022642 77.490258
4200017870 72.229232
4300023716 77.978640
4400023697 77.405119
4500022547 71.628566
4600024068 77.962718
4700012391 78.898707
4800020440 77.925527
4900022891 71.318894
5000023172 77.680004
5100020375 78.590767
5200023363 71.045282
5300000530 78.878367
5400024551 78.487226
5500026819 78.758134
5600013468 72.232646
5700029129 78.991692
5800021504 78.084543
5900026138 79.058444
6000012416 71.873029
6100021415 78.260961
6200019653 78.522840
6300023950 77.169094
6400020523 70.390327
6500021717 77.780601
6600022968 79.075929
6700016279 78.676192
6800013906 71.706095
6900022594 78.334276
7000021867 78.994717
7100024784 78.245564
7200023545 68.575323
7300023481 77.492016
7400017100 80.026275
7500010800 78.458806
7600019695 74.622865
7700020867 72.291699
7800026706 78.668008
7900025956 78.600137
8000020548 79.101495
8100022274 70.239736
8200023967 77.038309
8300014052 80.107623
8400024203 78.599825
8500003654 74.726586
8600015366 73.680469
8700022092 77.359978
8800014765 81.456522
8900019601 77.807263
9000021751 65.158665
9100021999 78.643964
9200025374 78.424375
9300017532 77.697764
9400022653 79.116322
9500018295 69.445638
9600025672 79.055850
9700023896 79.306329
9800015028 78.088391
9900023010 78.460016
10000023043 65.103265
10100019875 79.002070
10200025991 77.678398
10300014613 80.869621
10400022815 77.104151
10500022991 74.533815
10600026075 73.830588
10700023174 79.647390
10800024212 79.510934
10900023889 77.959932
11000023065 79.956004
11100025835 61.205904
11200021771 81.740385
11300012297 79.852106
11400022735 79.097542
11500024922 79.419909
11600016501 69.894806
11700020066 66.671963
11800021729 79.490879
11900022595 80.702217
12000013902 78.055906
12100014317 79.333519
12200011658 64.578163
12300023950 79.317829
12400017246 78.410252
12500023150 80.306751
12600011325 78.122328
12700028054 80.430227
12800024394 67.096348
12900021557 80.623105
13000024495 78.907335
13100013677 80.796965
13200023029 77.650527
13300016483 79.667503
13400022791 65.248281
13500023287 80.496862
13600025884 78.179628
13700012245 80.162032
13800024588 77.460092
13900023656 80.135989
14000023061 66.096067
14100024079 80.510016
14200025036 78.399853
14300027556 80.546504
14400014433 77.303834
14500013758 79.429834
14600015358 68.355928
14700025481 79.166752
14800023451 77.914466
14900026351 80.037600
15000017933 78.788306
15100022976 80.406552
15200005142 72.694208
15300019301 74.065511
15400023800 79.580540
15500024089 80.094745
15600021420 81.885586
15700074056 77.829790
15800020382 80.135735
15900018141 67.869148
16000021392 81.205827
16100019213 79.116744
16200026547 80.611556
16300024501 79.060534
16400026500 79.518502
16500017077 69.848511
16600024645 70.654112
16700000469 80.194451
16800022487 78.868393
16900024885 80.333836
17000018070 78.068510
17100021843 80.857927
17200023020 63.373020
17300024399 79.266997
17400020041 78.929451
17500017963 79.432839
17600021529 80.928912
17700023943 77.632949
17800021549 80.434455
17900019591 64.885417
18000021438 81.851001
18100008312 78.842034
18200022687 80.516584
18300005029 79.546781
18400013055 81.085818
18500024929 80.533778
18600022143 67.207421
18700023927 82.492645
18800020894 78.381357
18900022060 79.914722
19000017775 78.855110
19100021898 80.532150
19200025686 80.393338
19300020905 62.595385
19400021760 77.526174
19500023135 78.698981
19600023321 80.477287
19700022121 82.445769
19800025468 77.265458
19900019838 81.063945
20000023613 59.340198
20100024248 79.167648
20200017705 79.124611
20300022290 80.522234
20400025281 81.970606
20500016695 77.665530
20600020091 81.253414
20700021924 69.659441
20800023306 74.871204
20900022225 79.367626
21000022190 80.442179
21100022030 79.712263
21200021826 77.509262
21300017768 81.538312
21400024335 69.133845
21500012621 74.839631
21600020816 81.318069
21700022048 76.879106
21800024373 79.800439
21900024970 78.920997
22000076673 79.570730
22100012137 72.556751
22200025270 68.865054
22300020250 80.896796
22400024109 79.911464
22500022296 79.011704
22600014588 78.358530
22700017309 81.099873
22800022576 80.927366
22900011455 61.962090
23000021862 63.811256
23100011674 82.166220
23200021829 80.386308
23300007033 81.937280
23400023231 83.009392
23500011919 70.471087
23600022195 75.679859
23700015907 76.080584
23800022321 78.742067
23900021359 80.485152
24000016260 80.171966
24100022910 79.462653
24200022920 79.392843
24300007740 78.134697
24400021142 64.020980
24500021217 81.971639
24600020250 78.304569
24700107672 80.605829
24800023112 81.695962
24900024523 77.313329
25000026017 81.477247
25100004271 68.215453
25200020843 61.178578
25300024042 81.663410
25400023297 78.443223
25500022118 80.155828
25600022975 80.862218
25700017499 77.970017
25800022932 80.591849
25900014853 75.706804
26000023629 65.770185
26100014230 81.366749
26200023182 77.721952
26300022688 81.494050
26400030135 80.520802
26500017976 79.732941
26600024553 79.046891
26700021440 82.066337
26800024457 55.770106
26900020863 79.623355
27000017215 81.748229
27100029406 77.614054
27200021996 82.065592
27300018681 77.374152
27400020948 81.211891
27500006050 80.129296
27600020410 72.079473
27700023600 73.168408
27800020241 81.118442
27900021805 80.218905
28000015927 79.010803
28100007651 81.941696
28200026170 76.590144
28300021736 81.390903
28400005550 69.250464
28500015286 78.400705
28600003745 42.338816
28700003399 23.875620
28800003598 58.027588
28900003613 149.586487
29000003776 165.479011
29100002582 168.791860
29200003796 174.325109
29300000739 178.908277
29400005589 189.958536
29500008999 250.117437
29600002966 265.965128
29700011505 63.552332
29800016159 266.248451
29900003141 62.351000
30000002794 88.210230
30100013693 311.443309
30200005052 132.092448
30300019273 347.292605
30400016784 164.991444
30500012365 42.825783
30600009423 30.419996
30700008561 28.076427
30800011768 28.284729
30900018951 23.199736
31000020417 47.306131
31100065215 48.812271
31200049550 291.678569
31300053568 4.128183
31400062744 3.983320
31500054295 4.000117
31600050203 4.078417
31700065296 3.901247
31800050656 4.118659
31900064436 4.111943
32000065664 4.051769
32100063157 4.390172
32200054450 4.061414
32300042188 4.468793
32400065286 3.745280
32500060245 4.283808
32600057463 3.878760
32700053759 3.951575
32800054217 4.051139
32900053237 4.004391
33000053483 3.983052
33100057039 3.896222
33200054428 4.043633
33300064435 4.691481
33400064432 3.962658
33500054579 4.275013
33600065720 3.971412
33700064313 3.968118
33800054688 3.940680
33900061567 3.939052
34000062338 3.799212
34100058709 4.574414
34200057091 3.931807
34300051306 4.214769
34400016071 3.997923
34500054465 3.867021
34600046702 3.847291
34700058427 3.666710
34800046308 3.976399
34900048321 3.603016
35000047441 3.888440
35100054992 5.143065
35200032704 3.803302
35300065662 3.931618
35400066703 3.984839
35500059186 3.899135
35600050640 3.949354
35700055265 3.699922
35800064830 6.088458
35900049896 3.985754
36000051858 4.046330
36100054459 4.005419
36200058315 3.943149
36300053313 3.809806
36400053014 4.342059
36500060149 5.371622
36600066499 4.189193
36700057836 4.241108
36800064212 3.448221
36900065577 4.049894
37000059363 4.006994
37100054976 4.067176
37200056642 3.965086
37300056810 3.810303
37400066036 4.095997
37500055118 4.158216
37600002756 0.348140
37700036516 85.351819
37800027658 518.095878
37900029662 62.862858
38000032604 26.885531
38100011005 21.720644
38200032411 18.271312
38300031942 15.632070
38400033407 16.383325
38500024146 15.884584
38600022813 16.310372
38700018064 15.678859
38800029761 16.280017
38900031753 15.158776
39000034163 18.914729
39100028669 18.650921
39200020499 16.141153
39300030522 15.296596
39400026804 15.574694
39500029230 15.353187
39600022778 13.641744
39700030574 13.849494
39800032897 15.551996
39900021440 16.734306
40000035264 15.160740
40100032505 15.151267
40200032892 15.429087
40300032110 15.153057
40400033280 13.370743
40500031118 13.918469
40600030091 15.295719
40700027159 16.270580
40800032103 17.719998
40900031065 17.057267
41000032975 17.229624
41100022437 17.818868
41200023129 17.532759
41300033595 17.367852
41400032840 17.505334
41500022623 18.149508
41600020732 17.888069
41700025063 17.193115
41800026682 17.305309
41900030582 17.413495
42000025594 17.250426
42100033214 15.954691
42200035603 16.236985
42300029655 17.575129
42400021264 16.499541
42500030658 15.298044
42600021735 21.119760
42700033063 20.281965
42800025696 19.127686
42900027174 23.627360
43000029338 23.947211
43100018394 22.115287
43200030974 18.683646
43300018505 11.272028
43400020869 28.648374
43500015972 59.535074
43600015624 55.156117
43700006272 74.598508
43800019231 198.989022
43900035252 93.164021
44000042321 4.714614
44100059992 5.099332
44200061044 5.913160
44300037563 5.318309
44400060947 5.057142
44500059031 5.153523
44600059648 5.068287
44700059866 5.050311
44800057021 5.414178
44900060014 10.360117
45000015578 5.283650
45100059903 5.230081
45200059328 5.238875
45300055420 5.853115
45400058583 6.579594
45500050296 6.950701
45600020403 6.118421
45700061026 5.200054
45800058015 5.926567
45900061144 16.131358
46000056488 5.250734
46100057326 5.269322
46200059444 5.235026
46300059455 5.298811
46400049840 5.489342
46500037569 5.678981
46600060271 5.306150
46700047384 5.012159
46800050163 5.053839
46900059016 5.956117
47000034677 5.661887
47100058870 5.185051
47200053466 4.900995
47300002819 5.641152
47400056450 5.782614
47500062537 5.292595
47600055622 4.303471
47700059567 5.604981
47800061590 26.445224
47900060166 5.314550
48000002229 0.860615
48100015461 2.097819
48200012500 94.035683
48300009084 31.594297
48400016404 37.483946
48500031737 230.434945
48600013028 84.093389
48700011990 29.583586
48800012943 23.946495
48900012946 22.327754
49000014560 17.179490
49100016319 21.435401
49200008445 32.153701
49300008992 25.796722
49400028743 81.630732
49500034679 200.220062
49600038926 13.154515
49700024247 2.219068
49800018354 2.634567
49900029592 2.264910
50000015500 2.943804
50100028190 2.684695
50200035707 2.556331
50300032855 6.452448
50400034356 2.708753
50500032107 3.288246
50600032056 2.619874
50700035423 3.146587
50800037475 2.964265
50900033912 3.768904
51000026613 3.370192
51100034437 3.293103
51200034717 11.160963
51300023018 2.496515
51400031035 2.037587
51500021100 2.606455
51600032977 3.100154
51700038412 2.785387
51800034578 3.078497
51900037463 3.590079
52000032357 2.686359
52100039630 4.053561
52200023403 4.373868
52300036851 4.668622
52400034693 2.485884
52500035243 3.674571
52600035427 23.845343
52700034674 2.364724
52800023991 2.440170
52900014817 2.772511
53000036296 2.741651
53100036937 2.716863
53200035091 3.116817
53300034370 2.280366
53400035802 2.480760
53500038963 2.476055
53600033565 2.192017
53700038127 2.778462
53800034110 2.449284
53900034736 2.749044
54000037171 3.458512
54100015662 3.292311
54200035143 3.712382
54300015087 3.814637
54400033756 3.581310
54500036248 3.634164
54600025487 4.322798
54700035662 4.469443
54800005906 4.009276
54900033405 4.211175
55000038017 4.592246
55100021670 4.831787
55200032809 4.280689
55300036551 4.392484
55400023080 4.946834
55500032412 4.652003
55600031625 4.375533
55700016390 4.953681
55800035634 5.156194
55900032256 4.659537
56000032116 4.777236
56100033768 5.248807
56200035173 5.626248
56300010562 4.909320
56400003804 4.979299
56500031501 5.818184
56600037748 5.444600
56700030647 4.975272
56800035460 5.920839
56900012459 5.745508
57000033823 5.310067
57100033182 6.021457
57200034936 5.833732
57300006414 7.120037
57400029510 6.129841
57500030637 6.331945
57600034284 7.563067
57700035637 6.010332
57800030594 7.103672
57900037840 8.142123
58000028483 6.006811
58100033447 8.421131
58200034889 8.927678
58300029890 4.488177
58400016841 2.940944
58500036911 2.855504
58600004946 0.565679
58700032089 0.604564
58800033465 3.595131
58900035964 290.103496
59000031302 70.625322
59100030213 2.170665
59200030750 1.898032
59300015883 2.037023
59400036818 2.400072
59500028133 3.140495
59600024731 2.338678
59700036554 2.059494
59800035019 2.362885
59900029319 2.495630
60000029365 2.402283
60100026447 2.456422
60200035972 2.553700
60300025518 2.753562
60400032243 2.643939
60500032862 2.116766
60600031233 2.205135
60700032117 1.977401
60800028350 1.894030
60900032314 2.112946
61000030822 2.434602
61100036401 6.087550
61200028995 2.319357
61300035810 2.312938
61400032706 2.209749
61500034911 2.503481
61600033621 2.629951
61700035781 2.637328
61800037075 2.173096
61900036863 2.267867
62000033877 2.445609
62100032953 2.063437
62200020279 2.543547
62300020092 2.734477
62400010153 2.342832
62500031466 2.913991
62600035142 3.215883
62700029787 2.044811
62800032649 2.588073
62900034291 6.983002
63000036265 6.404882
63100037028 2.234266
63200015397 2.119814
63300035807 2.429674
63400032648 2.609434
63500032728 3.076830
63600028793 3.093039
63700032183 3.250608
63800018145 2.982013
63900024683 3.375927
64000033050 3.876048
64100033249 3.753150
64200033548 3.584107
64300029374 4.084046
64400014466 4.252826
64500029664 4.020081
64600035213 3.907454
64700036001 4.301974
64800032775 4.558299
64900027071 4.068685
65000012112 4.466306
65100033566 4.679050
65200028771 4.564852
65300036410 4.252249
65400007620 4.900693
65500018424 5.103350
65600034191 4.896498
65700031404 3.220155
65800031026 5.409432
65900031921 5.441116
66000028893 23.492436
66100030890 4.221146
66200030394 4.518309
66300031507 4.326466
66400033016 4.602226
66500010972 4.507583
66600029933 4.514300
66700031897 4.835398
66800028442 4.479019
66900028792 4.622170
67000035818 4.863606
67100034994 4.599382
67200030643 4.915958
67300030903 4.884800
67400030147 4.794491
67500030398 5.442783
67600031329 5.109978
67700032932 4.743311
67800020590 1.737056
67900035654 1.887091
68000008233 0.627084
68100008812 0.481736
68200014604 0.860765
68300003734 75.777013
68400019705 60.935519
68500010798 78.151182
68600013090 39.019749
68700010471 228.480548
68800011542 177.321447
68900011142 166.535768
69000008635 174.777414
69100012618 180.163984
69200005860 203.335698
69300013029 188.063204
69400011652 188.327133
69500008562 183.861880
69600020635 199.727826
69700012984 189.571651
69800014938 196.978968
69900021407 187.866642
70000021889 188.411027
70100008938 185.755603
70200009093 185.555235
70300020487 188.441848
70400013497 187.338900
70500015668 184.690271
70600004832 187.139818
70700009011 178.601535
70800005501 191.786836
70900018143 179.939932
71000012288 197.826504
71100005720 180.052403
71200011879 190.729040
71300005610 184.386760
71400010208 194.358660
71500009084 186.707924
71600010888 189.938801
71700012047 189.646316
71800022402 184.035410
71900022037 191.143488
72000005446 187.755526
72100016533 196.653409
72200011213 191.122697
72300009313 187.069744
72400004775 186.831807
72500005405 190.757405
72600010749 190.379419
72700023123 191.382115
72800011873 192.354200
72900016307 189.963811
73000008987 186.669005
73100005874 186.038822
73200012252 185.122453
73300008365 186.532892
73400023703 188.362190
73500009019 187.143182
73600020481 188.302729
73700006830 188.994574
73800009855 187.085301
73900009974 187.125463
74000015398 188.926752
74100012352 187.730180
74200012669 186.367666
74300013096 188.066409
74400009551 188.191895
74500020207 188.815217
74600005308 189.395445
74700011995 188.636223
74800005436 188.631742
74900010555 186.604603
75000012598 187.340522
75100002682 187.147947
75200009615 185.930283
75300004980 185.745733
75400012949 187.504508
75500008979 188.164832
75600005857 186.671420
75700011267 188.205327
75800009230 187.653528
75900023798 187.591590
76000006284 187.394690
76100013584 187.516833
76200005276 186.475353
76300021104 186.304181
76400018162 187.645943
76500008605 183.987330
76600003927 61.348089
76700006710 47.085607
76800010367 120.966819
76900011503 239.534169
77000012584 559.203300
77100007228 127.606945
77200014930 152.913462
77300010376 155.508828
77400004277 152.274053
77500012172 152.921469
77600009659 153.638954
77700010840 152.628112
77800007380 155.424327
77900007252 153.182923
78000017957 153.673875
78100007393 152.793101
78200015112 152.940905
78300006739 154.065388
78400008554 152.219841
78500014530 154.554067
78600006810 152.857300
78700014258 152.828417
78800007955 155.367663
78900004459 153.038702
79000004292 155.741729
79100007608 151.809846
79200011541 153.058391
79300010096 153.619690
79400009042 152.615385
79500009087 151.613108
79600007917 155.953450
79700013183 155.214895
79800008244 152.020039
79900009403 153.435236
80000008016 151.119380
80100010580 156.578904
80200013127 156.901942
80300009336 151.662093
80400012437 153.212021
80500007206 189.664605
80600010468 213.227944
80700022423 245.282951
80800016733 274.703896
80900014597 216.959475
81000022440 183.083233
81100013442 4.911772
81200019712 4.638303
81300013022 4.922864
81400013997 4.541603
81500018943 4.186059
81600021242 4.309049
81700023653 4.332938
81800018830 4.115388
81900011247 4.091198
82000022972 4.463426
82100021031 4.338948
82200015437 4.160367
82300026686 4.217591
82400020469 4.129264
82500013101 3.991703
82600024930 4.113598
82700021600 4.174229
82800020263 4.295552
82900022346 4.160924
83000011599 4.336269
83100011415 2.169127
83200016284 1.218753
83300009273 1.362375
83400006098 36.705350
83500009043 383.759423
83600006246 149.039637
83700002171 189.418020
83800005998 161.165767
83900020557 140.583433
84000005774 157.532312
84100012775 182.920529
84200012241 205.525947
84300012944 189.982494
84400003891 225.173825
84500017552 190.225870
84600006345 194.226062
84700009126 167.520583
84800007464 193.777760
84900012190 208.272567
85000017520 199.572918
85100009414 186.933371
85200010809 207.133567
85300010706 205.320453
85400006904 198.358756
85500011878 206.936767
85600011310 203.127123
85700009096 199.541105
85800017495 212.706133
85900005140 203.613135
86000006018 196.501350
86100002558 211.931662
86200011871 208.941599
86300005363 212.757016
86400006579 219.925187
86500008289 209.048076
86600005524 214.184382
86700006539 211.492331
86800006011 214.590902
86900006428 226.013344
87000012343 215.874182
87100014531 223.340647
87200009236 224.122281
87300007357 218.639661
87400005524 213.257587
87500008685 213.247145
87600013955 209.580719
87700012541 233.995877
87800016302 227.309516
87900009786 222.408588
88000008382 208.537992
88100006327 202.446634
88200010037 200.933398
88300011974 201.831778
88400022132 203.966418
88500006035 204.345008
88600005511 205.552584
88700004991 204.050374
88800016269 204.802765
88900019606 203.951008
89000016544 204.103314
89100012485 206.152752
89200001901 204.124318
89300014110 204.496520
89400020743 206.521743
89500005264 205.278030
89600009656 204.703483
89700018553 205.039787
89800009485 204.188890
89900010379 206.620220
90000016958 203.712320
90100013350 205.721689
90200009887 205.633632
90300023246 205.607325
90400005971 205.934168
90500013106 204.174373
90600009176 205.277296
90700011747 204.754836
90800019307 205.512269
90900009796 206.272708
91000012597 205.320577
91100017450 207.144236
91200019065 205.005437
91300006250 173.289032
91400011650 95.919967
91500013251 99.301119
91600014686 99.227620
91700012858 125.669281
91800007197 154.282311
91900009354 150.999324
92000005437 153.645872
92100018588 152.061723
92200007680 151.536207
92300007264 151.557361
92400005026 152.111579
92500006578 151.817186
92600008380 153.731504
92700004175 152.911221
92800009306 153.111820
92900015261 152.594748
93000013450 154.317478
93100015358 154.646944
93200012420 154.069729
93300001653 153.506164
93400009467 151.519866
93500004836 152.569766
93600005866 152.759040
93700007960 152.482953
93800006488 152.002140
93900005776 151.301829
94000006495 151.316459
94100004069 153.388036
94200016232 150.898464
94300018011 361.056414
94400009263 323.259709
94500009932 228.259221
94600013837 139.603046
94700005525 27.708143
94800014058 40.848686
94900021311 67.979700
95000012361 36.322484
95100021418 296.578372
95200013964 206.811255
95300012625 272.126942
95400018112 11.721207
95500020522 11.518290
95600013046 4.117320
95700018401 5.416402
95800009290 4.224303
95900004564 5.251045
96000006129 125.419260
96100013251 122.250977
96200013642 183.784818
96300011693 186.657888
96400005931 185.600376
96500013760 187.509832
96600010205 187.115020
96700013206 186.657122
96800010903 188.935732
96900004535 187.753622
97000004526 191.555407
97100010161 203.462935
97200010185 118.026269
97300004865 190.428715
97400016391 145.473866
97500005391 112.852554
97600010958 134.717753
97700011825 120.635114
97800004654 187.219105
97900004314 200.389576
98000010490 201.820775
98100006576 201.715730
98200011330 202.604901
98300004834 205.649185
98400007080 221.625462
98500003382 150.751200
98600003667 170.663526
98700025567 181.128854
98800003703 295.115001
98900023282 459.769698
99000018064 260.084796
99100026101 210.143625
99200014670 6.213916
99300018275 6.085299
99400016240 6.261721
99500019140 5.859325
99600021073 6.000440
99700019002 5.772451
99800017651 5.699578
99900021135 5.745829
100000015394 6.019408
100100021033 5.989949
100200023894 6.032436
100300015404 5.757244
100400018237 6.034327
100500012460 2.098121
100600016598 4.023698
100700005646 3.981502
100800003168 47.382090
100900005372 236.235380
101000005835 191.810302
101100005848 191.454898
101200012248 193.696197
101300009157 195.591959
101400092817 197.571642
101500012371 195.979756
101600011585 195.745433
101700012422 195.780181
101800005566 193.924382
101900011440 195.887461
102000006923 194.761635
102100006427 195.095148
102200006237 195.397847
102300006117 197.124362
102400012583 197.815421
102500012637 196.297043
102600005569 195.326491
102700007961 196.122161
102800004989 195.352784
102900006700 195.961483
103000007774 196.851041
103100006036 195.649180
103200006492 197.679230
103300011508 196.618829
103400010387 196.084340
103500011047 194.891298
103600011728 197.563266
103700006278 198.056256
103800017529 196.787291
103900016666 194.007982
104000009666 195.328016
104100011156 194.240798
104200005314 61.624337
104300013720 62.358131
104400008315 114.714587
104500015891 104.798423
104600016442 495.955257
104700008745 990.693205
104800011199 190.886628
104900029226 160.138233
105000011379 15.906670
105100010766 29.246780
105200025612 46.407231
105300010482 30.428316
105400016080 122.469977
105500013159 29.475894
105600012580 28.720537
105700011628 37.807008
105800012092 34.129026
105900011747 149.143508
106000012015 172.039317
106100010626 172.808949
106200015937 181.544298
106300011625 177.317558
106400013598 180.573653
106500012968 176.508230
106600012339 175.165363
106700013985 175.734287
106800015192 178.974086
106900012624 172.617871
107000012862 171.930529
107100011184 171.738708
107200013099 173.296865
107300012051 171.651774
107400013295 174.449955
107500012565 169.429259
107600012016 172.267898
107700016587 172.495669
107800013016 170.538347
107900012603 169.945494
108000013417 171.791459
108100012274 175.015815
108200013086 169.680443
108300011431 119.307697
108400003832 117.408230
108500010897 101.928818
108600017010 184.804224
108700012428 64.371769
108800012634 15.442762
108900019604 22.334875
109000015756 11.606539
109100019171 50.960539
109200016278 99.393771
109300018621 98.968620
109400012607 97.715782
109500001651 75.669346
109600014256 91.778614
109700017067 96.863409
109800016934 87.314632
109900017914 122.789822
110000013838 72.934139
110100018685 107.215568
110200012718 129.996783
110300016810 74.182323
110400021047 141.058218
110500018779 74.493572
110600024128 100.950294
110700015404 87.431100
110800001340 89.181181
110900012612 125.999545
111000019544 126.681900
111100010419 133.003529
111200009058 49.004822
111300007115 28.318005
111400006272 11.334659
111500002240 4.149766
111600002598 18.362361
111700010436 10.532885
111800003342 102.018253
111900001661 70.697168
112000001668 155.604608
112100001534 159.743504
112200001407 160.530273
112300002225 160.270140
112400002179 160.220721
112500001161 160.558631
112600001474 158.235464
112700003597 158.690351
112800002647 159.602211
112900002086 159.090986
113000002047 159.762075
113100002027 159.617103
113200002248 159.503910
113300002804 159.772072
113400001015 160.222784
113500002065 159.657975
113600001826 159.418924
113700003197 160.395147
113800001466 159.512406
113900001310 159.189974
114000003899 159.835508
114100002724 159.454436
114200002643 159.368270
114300002688 159.622377
114400004332 159.884444
114500001473 159.200199
114600001787 158.203562
114700001657 158.134554
114800003253 157.853043
114900003320 158.831619
115000002794 159.560332
115100001136 159.797889
115200002530 161.069143
115300001150 160.515107
115400001843 160.999060
115500001418 161.832673
115600002104 159.731029
115700001000 161.014398
115800001970 161.535101
115900004188 159.113792
116000002773 160.824507
116100005869 159.620388
116200001955 160.461050
116300001800 160.389710
116400002854 157.991756
116500001836 160.961925
116600001970 161.912427
116700001914 163.777334
116800002880 165.340509
116900003965 170.372678
117000002304 185.332876
117100002747 155.372833
117200003584 153.560466
117300002220 151.515635
117400002508 141.763763
117500002936 160.973966
117600001274 161.533341
117700004191 160.847655
117800002256 159.717517
117900001594 159.976386
118000002652 160.481700
118100003569 160.754307
118200001743 160.403199
118300005123 160.837309
118400001528 161.894256
118500002113 162.631152
118600001633 164.011727
118700001804 167.112312
118800001796 184.007287
118900001845 174.472463
119000001625 164.802022
119100002883 162.962103
119200003094 154.119769
119300003724 151.270722
119400002374 158.453867
119500001948 158.437588
119600001665 157.577474
119700002459 158.682489
119800004934 158.214419
119900004450 158.813734
120000001658 158.223414
120100001674 159.127918
120200003006 159.712440
120300005918 160.374523
120400002482 161.893100
120500002871 164.695137
120600002548 176.058557
120700011068 472.121792
120800005284 619.262085
120900020689 627.547493
121000020310 1267.854842
121100024476 270.958670
121200022391 203.086525
121300020796 190.381935
121400024498 21.161465
121500017906 21.465243
121600025364 20.788716
121700021835 21.211594
121800018789 29.659392
121900008246 21.925576
122000020523 22.048021
122100364143 21.502083
122200032841 17.423999
122300021953 9.625011
122400009910 10.692936
122500017196 13.406729
122600019161 307.470696
122700021331 170.937935
122800022268 62.436129
122900022461 73.519942
123000011061 28.683411
123100016950 38.717410
123200017350 31.784107
123300003132 46.895132
123400014424 44.900351
123500020757 69.872968
123600011963 110.720498
123700008272 69.108182
123800017195 221.271060
123900016154 105.504542
124000018747 18.626077
124100016330 17.260478
124200029301 23.420274
124300030645 39.721693
124400031075 43.397707
124500030035 57.638610
124600030210 70.466857
124700033965 16.350764
124800013974 7.594001
124900010081 8.048339
125000012508 8.105894
125100017026 8.295462
125200015523 76.563118
125300014167 19.956401
125400012126 17.546739
125500020164 16.837673
125600013422 16.727730
125700010779 16.619232
125800014674 23.517598
125900016009 43.267592
126000015186 36.352905
126100013817 48.350425
126200013335 12.424036
126300014371 12.178204
126400014640 11.852480
126500010138 5.703143
126600008716 6.709959
126700005558 5.918930
126800038261 11.505844
126900036911 261.630680
127000029747 155.349504
127100038294 125.649025
127200036119 220.115899
127300036364 4.625400
127400014222 4.613038
127500037356 4.545376
127600015014 4.556368
127700036211 5.268370
127800013612 2.548391
127900036835 2.531105
128000029086 2.377244
128100036181 2.698742
128200037098 2.509682
128300036431 2.676883
128400035756 2.626740
128500014965 2.467841
128600008990 2.031444
128700010179 2.266844
128800031755 2.333192
128900035369 2.332028
129000030556 83.759437
129100029174 118.793365
129200030221 130.109265
129300032759 125.634634
129400008288 124.190589
129500010426 118.927997
129600018531 117.406901
129700029503 127.077667
129800035002 121.476124
129900010852 126.709807
130000008389 121.574953
130100034025 126.636568
130200008171 125.188666
130300030222 120.734558
130400019692 121.548632
130500010111 125.851019
130600127289 123.410866
130700033785 126.655508
130800033986 122.859888
130900019957 120.846550
131000008070 124.901080
131100033964 123.435354
131200006078 122.581704
131300010258 122.706570
131400030228 122.937583
131500009004 124.005974
131600034259 122.324994
131700032110 124.677886
131800009213 122.283355
131900010781 127.392842
132000010503 120.773081
132100032816 127.128782
132200011411 124.644870
132300034315 123.402975
132400022767 124.174068
132500034931 121.075185
132600009847 122.916808
132700034133 122.300148
132800032108 124.926043
132900031236 123.625710
133000007301 124.363722
133100035063 120.959828
133200009916 122.891450
133300008331 129.173032
133400004678 84.338088
133500015863 82.664263
133600005316 81.923027
133700023147 69.525107
133800005123 115.651925
133900021986 199.379573
134000023956 189.894844
134100024081 177.848891
134200024409 231.973575
134300024394 210.352494
134400021843 199.540969
134500023659 182.060675
134600024245 225.417434
134700026309 210.333105
134800020669 175.813478
134900027152 191.381642
135000005411 281.741447
135100005194 183.172898
135200004380 171.509577
135300023151 224.553901
135400024731 227.058469
135500025136 173.587145
135600023930 211.829248
135700021775 243.767530
135800024783 183.210073
135900021132 167.207671
136000025740 223.800527
136100025320 227.534030
136200022919 166.311841
136300018570 209.928816
136400022514 217.085930
136500025519 212.985204
136600021861 185.191820
136700006720 209.170019
136800025831 208.121261
136900024555 150.888292
137000004600 230.250892
137100025157 195.709200
137200022131 183.279196
137300023721 184.575695
137400025729 194.334324
137500017632 287.569128
137600005227 204.920981
137700004861 184.732254
137800022485 223.141443
137900021900 221.496341
138000004939 165.733892
138100023894 194.819685
138200023701 255.042496
138300023695 213.088532
138400020963 186.660649
138500025025 210.695762
138600021303 210.458140
138700023499 171.552213
138800024429 223.291173
138900025206 234.263080
139000025235 174.868039
139100004863 173.899339
139200022014 215.089157
139300027170 206.452349
139400023126 188.443976
139500027081 213.940696
139600023940 207.680839
139700024340 159.354235
139800020815 195.261167
139900023282 241.784791
140000004523 220.943404
140100025658 185.684602
140200025035 192.658762
140300023547 214.667388
140400024413 196.268272
140500024745 188.716140
140600026762 202.912095
140700017529 203.411564
140800022996 204.485979
140900023096 222.699149
141000024596 186.562058
141100004568 219.211640
141200022944 207.996528
141300021731 158.023008
141400005729 206.327775
141500004609 280.887336
141600025677 189.921607
141700027589 166.833414
141800025330 220.364557
141900027421 227.527901
142000005466 167.378485
142100093290 118.193338
142200035578 348.692139
142300035653 339.540413
142400021362 292.780024
142500017118 406.210255
142600037466 311.707272
142700012011 5.603168
142800017909 4.442315
142900021688 4.245437
143000033632 4.166031
143100015197 5.525594
143200036248 2.438878
143300033400 2.380822
143400037031 2.338512
143500035973 2.403188
143600036069 2.568542
143700036999 2.429026
143800015144 2.540554
143900010846 2.218776
144000030607 2.159970
144100010331 2.104349
144200152720 2.207848
144300029607 2.180689
144400032948 63.116650
144500031148 126.055998
144600011408 128.634210
144700033260 128.213546
144800009807 123.063038
144900033098 122.515930
145000011134 116.201722
145100026802 128.022546
145200029588 122.890627
145300030189 124.483627
145400032964 122.817438
145500027825 127.293262
145600008631 126.468802
145700028520 121.612062
145800032319 124.245968
145900032012 128.491560
146000009646 124.028559
146100033533 125.589926
146200034823 125.939666
146300032054 125.285311
146400031050 126.965543
146500034020 123.761991
146600034549 123.888807
146700006775 122.738285
146800029606 121.570673
146900034102 127.009540
147000028321 121.723727
147100030655 123.159292
147200011722 124.007192
147300030052 129.455739
147400031662 129.308077
147500011260 124.407627
147600032833 128.172561
147700009355 123.184851
147800033470 123.373972
147900032637 119.856082
148000008018 122.913039
148100034178 125.164446
148200026007 125.634029
148300006584 127.664829
148400010480 121.761040
148500026701 130.023322
148600034679 122.723149
148700011659 123.405742
148800021926 79.736754
148900022242 68.216395
149000025367 77.225157
149100025147 87.649287
149200024233 79.950249
149300023532 154.764126
149400022219 238.329824
149500023144 219.836840
149600025614 198.252788
149700005222 171.584261
149800025944 225.007494
149900026824 217.368242
150000027235 181.100619
150100023529 182.098292
150200023903 277.951817
150300024089 189.388696
150400025826 160.970077
150500025382 236.119854
150600022554 233.911578
150700004750 160.394556
150800005405 211.731882
150900005363 260.731670
151000022174 188.683719
151100024328 148.956614
151200022238 232.991867
151300005142 235.428939
151400023306 154.418616
151500021758 217.817835
151600025657 248.978158
151700023468 197.046075
151800005000 163.911987
151900004298 211.279178
152000026036 220.715004
152100005294 171.211740
152200024004 174.904414
152300026766 191.910961
152400004879 200.287471
152500005173 179.772890
152600025700 226.200739
152700025326 193.130661
152800025242 277.438913
152900053100 168.250562
153000024817 238.703456
153100021418 224.205875
153200024141 167.668622
153300017008 187.047270
153400026443 259.639710
153500024369 206.929300
153600004751 168.557829
153700024068 241.032544
153800005865 220.759764
153900023114 196.415804
154000004837 178.652785
154100023189 218.266515
154200027542 200.379780
154300024982 185.891026
154400023898 204.759802
154500026302 203.808778
154600021852 201.096055
154700025032 208.396510
154800025951 214.415267
154900024326 177.361029
155000022580 178.795930
155100021586 217.999824
155200020980 231.999146
155300024158 188.389825
155400025318 189.755020
155500028440 228.036833
155600004842 200.275989
155700027779 195.282650
155800022582 177.806630
155900027113 244.735456
156000022422 205.538928
156100024324 193.977107
156200004230 186.436675
156300004469 214.332157
156400026532 221.426292
156500025320 172.779621
156600020425 190.548454
156700022979 229.891165
156800021990 223.411771
156900023688 166.325886
157000023966 222.776183
157100026772 241.566279
157200023908 153.830417
157300008081 136.753615
157400002234 47.844723
157500013491 54.974287
157600002964 46.929245
157700002245 63.606936
157800011437 38.471745
157900004891 172.865752
158000007413 340.942238
158100002660 155.374782
158200019340 295.280726
158300012687 285.660046
158400009007 121.892929
158500008455 105.790127
158600012326 125.361365
158700007701 130.315843
158800012780 28.228043
158900012842 36.391085
159000012110 26.656225
159100014231 6.397020
159200009725 6.074308
159300007977 5.932747
159400012564 6.035296
159500012393 6.049882
159600012710 5.960342
159700013068 6.066513
159800012154 6.560273
159900012574 6.201413
160000011204 6.145128
160100010910 6.116923
160200006738 5.951344
160300012236 5.872860
160400011515 5.842807
160500010608 5.513034
160600013074 5.829335
160700012238 5.871609
160800005191 3.715370
160900008054 3.690939
161000012945 4.062808
161100016742 6.353489
161200017030 7.886703
161300013036 7.028298
161400015580 114.188139
161500012705 101.945083
161600012056 42.074827
161700016923 24.494142
161800010937 7.937705
161900011463 9.438895
162000012957 10.042142
162100009404 10.793139
162200012576 10.947049
162300012545 14.098907
162400016179 62.754025
162500018860 19.584258
162600008254 11.385324
162700015431 8.279956
162800016949 11.088766
162900006151 5.543873
163000007938 5.289616
163100013781 35.593561
163200014976 79.388829
163300013519 44.912977
163400013029 171.900071
163500009952 70.746757
163600015457 320.010789
163700021134 15.723885
163800018802 9.584854
163900010434 9.579005
164000007188 6.468260
164100007361 3.746764
164200006692 3.892193
164300006441 3.133487
164400011275 1.116519
164500001172 4.384034
164600012847 24.125590
164700019974 94.423156
164800013415 68.300730
164900010359 210.029754
165000017918 160.633729
165100017220 114.128367
165200017372 13.860818
165300006910 17.098945
165400010123 14.436318
165500016723 48.845311
165600003124 30.957268
165700007926 12.046898
165800012392 7.986918
165900012605 15.886736
166000014791 32.183480
166100007476 15.853069
166200007027 21.300684
166300011460 29.240109
166400017280 37.828479
166500017437 28.503051
166600022793 72.678503
166700024054 43.671740
166755999282 63.384941
