100066756 67082805
200003567 70881940
300012850 63064203
400014942 62704397
500022340 57423492
600015256 56927378
700018197 57278689
800015721 57061317
900015160 56002822
1000006208 56241442
1100021774 55976258
1200015163 54494501
1300021299 55372897
1400008414 54700708
1500023121 53888056
1600025771 55342186
1700016312 54169327
1800022840 55606644
1900023391 54432813
2000024860 54858591
2100025704 53995074
2200014500 53413909
2300021052 54675710
2400014806 53595503
2500026688 54504943
2600020974 53359068
2700019580 54598920
2800021714 53037227
2900007473 53242770
3000023810 53868333
3100021196 52978170
3200025448 52676744
3300024496 54331921
3400025552 53027161
3500016211 54074856
3600024673 57425336
3700016831 53184627
3800024354 53035417
3900023222 54186332
4000019779 52961024
4100022642 52961027
4200017870 53911640
4300023716 52901993
4400023697 52940074
4500022547 53996334
4600024068 52891248
4700012391 52209912
4800020440 52745605
4900022891 53979729
5000023172 52806476
5100020375 52313478
5200023363 54149895
5300000530 52297321
5400024551 52283204
5500026819 52297236
5600013468 53798087
5700029129 51989449
5800021504 52861632
5900026138 51772700
6000012416 54935160
6100021415 52459965
6200019653 52539062
6300023950 53130078
6400020523 56754699
6500021717 52712840
6600022968 52170065
6700016279 52002933
6800013906 54002966
6900022594 52365652
7000021867 52188024
7100024784 52670218
7200023545 55680194
7300023481 53367609
7400017100 51428291
7500010800 52329673
7600019695 55368357
7700020867 52839262
7800026706 52397689
7900025956 52424799
8000020548 51811272
8100022274 55065386
8200023967 53416588
8300014052 51350328
8400024203 52201967
8500003654 55045761
8600015366 52389164
8700022092 52853075
8800014765 50846266
8900019601 52438993
9000021751 56369144
9100021999 52065118
9200025374 52175708
9300017532 53167600
9400022653 51671949
9500018295 55269392
9600025672 52192193
9700023896 52047113
9800015028 52866338
9900023010 52086704
10000023043 57944140
10100019875 51744375
10200025991 52668018
10300014613 51313167
10400022815 52969015
10500022991 55296195
10600026075 51277392
10700023174 51642302
10800024212 51802275
10900023889 52376556
11000023065 51542482
11100025835 58636292
11200021771 50741670
11300012297 51298607
11400022735 52213414
11500024922 51374707
11600016501 59069703
11700020066 56078854
11800021729 51706973
11900022595 50760169
12000013902 52039391
12100014317 51650299
12200011658 56732096
12300023950 51651485
12400017246 51875313
12500023150 51101285
12600011325 52028008
12700028054 50869794
12800024394 56122171
12900021557 50895674
13000024495 51658016
13100013677 50838048
13200023029 52463684
13300016483 51445774
13400022791 57444634
13500023287 50904796
13600025884 52065924
13700012245 51217174
13800024588 52523281
13900023656 51276927
14000023061 56792432
14100024079 50990155
14200025036 51958307
14300027556 50938253
14400014433 52563499
14500013758 51713612
14600015358 56283687
14700025481 51749778
14800023451 52271493
14900026351 50970680
15000017933 52056641
15100022976 50561280
15200005142 56481779
15300019301 50791595
15400023800 51588720
15500024089 50890775
15600021420 50045793
15700074056 52133158
15800020382 50823496
15900018141 55817141
16000021392 50508780
16100019213 51466407
16200026547 50895162
16300024501 51315800
16400026500 51234960
16500017077 58798833
16600024645 51553224
16700000469 51146454
16800022487 51342978
16900024885 51057440
17000018070 52161597
17100021843 50781056
17200023020 57368721
17300024399 51107685
17400020041 51978524
17500017963 51358653
17600021529 50757678
17700023943 51962754
17800021549 51085706
17900019591 57281116
18000021438 49920376
18100008312 52082232
18200022687 50652467
18300005029 51770885
18400013055 49827119
18500024929 50949553
18600022143 56916821
18700023927 49823858
18800020894 52075973
18900022060 50909996
19000017775 52088398
19100021898 50088364
19200025686 50992330
19300020905 72938982
19400021760 54093825
19500023135 54822565
19600023321 53143487
19700022121 52375189
19800025468 55067063
19900019838 53287405
20000023613 62123211
20100024248 53901357
20200017705 54578123
20300022290 53264656
20400025281 52465991
20500016695 54987352
20600020091 53221372
20700021924 59577697
20800023306 53473453
20900022225 54377335
21000022190 52865120
21100022030 54143876
21200021826 55024509
21300017768 52934313
21400024335 62210866
21500012621 53813248
21600020816 52870951
21700022048 55680290
21800024373 54244769
21900024970 54535366
22000076673 53717240
22100012137 59574984
22200025270 54654611
22300020250 53524853
22400024109 53749348
22500022296 54282913
22600014588 55232926
22700017309 52454112
22800022576 53457993
22900011455 66408758
23000021862 53393487
23100011674 52354583
23200021829 54366744
23300007033 54217390
23400023231 53332979
23500011919 63096205
23600022195 57278504
23700015907 54327181
23800022321 54830897
23900021359 52814846
24000016260 53851560
24100022910 54044554
24200022920 53787903
24300007740 54989422
24400021142 59487261
24500021217 52413117
24600020250 55097075
24700107672 53112333
24800023112 52588646
24900024523 55228581
25000026017 52748290
25100004271 63430469
25200020843 56172960
25300024042 52574920
25400023297 55044514
25500022118 53058786
25600022975 53236774
25700017499 54646181
25800022932 53138376
25900014853 56900566
26000023629 57808454
26100014230 52730899
26200023182 55359626
26300022688 52121686
26400030135 53589088
26500017976 53790520
26600024553 53848866
26700021440 52334558
26800024457 65274983
26900020863 53269021
27000017215 52500754
27100029406 54900788
27200021996 52314960
27300018681 55614297
27400020948 52190700
27500006050 53766875
27600020410 59413309
27700023600 52810373
27800020241 52958297
27900021805 53396663
28000015927 53864993
28100007651 52280676
28200026170 55475118
28300021736 52661324
28400005550 62124060
28500015286 167759344
28600003745 78179281
28700003399 167886585
28800003598 373170589
28900003613 424469891
29000003776 420322112
29100002582 412870191
29200003796 399767749
29300000739 390911352
29400005589 368033350
29500008999 272481980
29600002966 151510608
29700011505 256785197
29800016159 90111418
29900003141 146655198
30000002794 370309428
30100013693 235228078
30200005052 262706038
30300019273 119330426
30400016784 55683306
30500012365 50841760
30600009423 52031445
30700008561 54612881
30800011768 53864209
30900018951 64533336
31000020417 61582100
31100065215 86982450
31200049550 19174644
31300053568 19095350
31400062744 19038480
31500054295 19028535
31600050203 19009156
31700065296 20043939
31800050656 19063575
31900064436 20044496
32000065664 19057893
32100063157 19015199
32200054450 19060985
32300042188 19012659
32400065286 20139771
32500060245 19999201
32600057463 19006074
32700053759 19025785
32800054217 19059958
32900053237 19010949
33000053483 19048894
33100057039 19073022
33200054428 19164583
33300064435 19065117
33400064432 19115726
33500054579 19057892
33600065720 19044289
33700064313 19059183
33800054688 19059008
33900061567 19063193
34000062338 19921836
34100058709 20072916
34200057091 19082599
34300051306 19076641
34400016071 19055348
34500054465 19077876
34600046702 19998016
34700058427 21060247
34800046308 19033212
34900048321 20975356
35000047441 19267367
35100054992 19057615
35200032704 20048608
35300065662 19422030
35400066703 19045824
35500059186 19051311
35600050640 19323758
35700055265 20338514
35800064830 19011829
35900049896 19043275
36000051858 19057450
36100054459 19010609
36200058315 19030473
36300053313 19365338
36400053014 18998109
36500060149 19061790
36600066499 19123665
36700057836 19034477
36800064212 22143695
36900065577 18997581
37000059363 19019474
37100054976 19000005
37200056642 19056335
37300056810 19080325
37400066036 19027892
37500055118 19067617
37600002756 212861193
37700036516 37106010
37800027658 36670938
37900029662 40677062
38000032604 40667633
38100011005 38473496
38200032411 39343943
38300031942 38480567
38400033407 39107169
38500024146 38425363
38600022813 39445062
38700018064 38276441
38800029761 39492476
38900031753 39875132
39000034163 38910898
39100028669 37443533
39200020499 37380005
39300030522 37378014
39400026804 37089537
39500029230 37544353
39600022778 38329143
39700030574 37918549
39800032897 37724944
39900021440 37243470
40000035264 37574084
40100032505 37296132
40200032892 37160038
40300032110 37751998
40400033280 38190030
40500031118 38166163
40600030091 39058581
40700027159 39810617
40800032103 39401605
40900031065 39963133
41000032975 39198028
41100022437 39832140
41200023129 39154756
41300033595 40113192
41400032840 39356108
41500022623 39670698
41600020732 39623769
41700025063 39550926
41800026682 38948847
41900030582 38774942
42000025594 38072946
42100033214 39697643
42200035603 39602963
42300029655 39265198
42400021264 40916399
42500030658 41205982
42600021735 40141297
42700033063 40711494
42800025696 41318689
42900027174 39718206
43000029338 37890919
43100018394 38617631
43200030974 39079777
43300018505 72296746
43400020869 63239508
43500015972 64873599
43600015624 63959410
43700006272 53142228
43800019231 20355440
43900035252 19875562
44000042321 20569696
44100059992 19685287
44200061044 19785144
44300037563 19674745
44400060947 20616749
44500059031 20931843
44600059648 20882078
44700059866 22033565
44800057021 19728671
44900060014 19891316
45000015578 19862991
45100059903 19890533
45200059328 20708818
45300055420 20395668
45400058583 20291941
45500050296 20038789
45600020403 20607811
45700061026 22703262
45800058015 19727502
45900061144 19791154
46000056488 19797752
46100057326 19792093
46200059444 19759908
46300059455 19870666
46400049840 19829502
46500037569 19734656
46600060271 19787675
46700047384 20056679
46800050163 19860329
46900059016 19881775
47000034677 19703678
47100058870 19847267
47200053466 20118362
47300002819 19793506
47400056450 19825574
47500062537 20027296
47600055622 24398067
47700059567 19840793
47800061590 19832830
47900060166 19873402
48000002229 123421226
48100015461 53000501
48200012500 103738802
48300009084 150396186
48400016404 70910939
48500031737 51895822
48600013028 55782139
48700011990 56432891
48800012943 57921402
48900012946 59873790
49000014560 77369426
49100016319 61291132
49200008445 67818349
49300008992 116919437
49400028743 42242335
49500034679 32468075
49600038926 32455639
49700024247 32631226
49800018354 32565647
49900029592 32653117
50000015500 31933948
50100028190 34596112
50200035707 31846780
50300032855 32144532
50400034356 33328994
50500032107 32324496
50600032056 32302739
50700035423 32812464
50800037475 32951288
50900033912 32441553
51000026613 38701870
51100034437 32153149
51200034717 32233778
51300023018 32710324
51400031035 32896301
51500021100 32916873
51600032977 32658784
51700038412 33291934
51800034578 33420092
51900037463 33186405
52000032357 33782798
52100039630 33957121
52200023403 33173050
52300036851 32887256
52400034693 48187732
52500035243 32419369
52600035427 32363094
52700034674 32666512
52800023991 32759273
52900014817 32814359
53000036296 32876004
53100036937 32619170
53200035091 32939201
53300034370 32938887
53400035802 32586793
53500038963 33258184
53600033565 33151697
53700038127 32929924
53800034110 33802826
53900034736 33581258
54000037171 33699199
54100015662 33945762
54200035143 34060958
54300015087 34157430
54400033756 34123625
54500036248 34646961
54600025487 34593757
54700035662 34710037
54800005906 34532643
54900033405 35003834
55000038017 35230930
55100021670 34630516
55200032809 34962936
55300036551 35450637
55400023080 35080653
55500032412 34979265
55600031625 35394336
55700016390 35546021
55800035634 35408076
55900032256 35125616
56000032116 35818357
56100033768 36017186
56200035173 35359589
56300010562 35532418
56400003804 36016023
56500031501 35718111
56600037748 35430602
56700030647 36466895
56800035460 35702559
56900012459 36911679
57000033823 36556975
57100033182 36272704
57200034936 37277867
57300006414 36734232
57400029510 36609580
57500030637 37401692
57600034284 36594582
57700035637 36908562
57800030594 37551385
57900037840 36571207
58000028483 37309766
58100033447 33519142
58200034889 34907174
58300029890 35073156
58400016841 34601139
58500036911 35394481
58600004946 178212115
58700032089 181895022
58800033465 33924675
58900035964 33853774
59000031302 34204729
59100030213 34194799
59200030750 34627245
59300015883 33828335
59400036818 33320208
59500028133 33306851
59600024731 33341292
59700036554 33706426
59800035019 34466336
59900029319 33581606
60000029365 33764857
60100026447 33605420
60200035972 34009829
60300025518 33532768
60400032243 33644020
60500032862 33887027
60600031233 33823537
60700032117 33835038
60800028350 36848795
60900032314 33848479
61000030822 33622814
61100036401 34258297
61200028995 34037651
61300035810 34292474
61400032706 34223557
61500034911 34520662
61600033621 33990260
61700035781 34267464
61800037075 34067856
61900036863 34326207
62000033877 34501914
62100032953 34369840
62200020279 34790354
62300020092 34761511
62400010153 34571994
62500031466 34600469
62600035142 34202960
62700029787 41271651
62800032649 34073790
62900034291 34622777
63000036265 34653682
63100037028 34513678
63200015397 35294696
63300035807 35220586
63400032648 35357019
63500032728 35093972
63600028793 35762417
63700032183 35759465
63800018145 35667183
63900024683 35763371
64000033050 36157730
64100033249 36035667
64200033548 36005423
64300029374 35988379
64400014466 36377954
64500029664 36240788
64600035213 35996468
64700036001 36664775
64800032775 36387573
64900027071 36360192
65000012112 36411623
65100033566 36807784
65200028771 36715319
65300036410 36685617
65400007620 36463857
65500018424 37121424
65600034191 36723089
65700031404 52044932
65800031026 36258553
65900031921 36089520
66000028893 36043632
66100030890 36512274
66200030394 36464161
66300031507 36742987
66400033016 36615481
66500010972 36525121
66600029933 36776868
66700031897 36790807
66800028442 36604610
66900028792 36872093
67000035818 36848827
67100034994 36694260
67200030643 36934257
67300030903 37044043
67400030147 36759612
67500030398 34697492
67600031329 35509848
67700032932 35788579
67800020590 35872598
67900035654 35891696
68000008233 106953857
68100008812 142748846
68200014604 84960412
68300003734 90558333
68400019705 172497632
68500010798 72720868
68600013090 72985419
68700010471 78020328
68800011542 80716914
68900011142 85764486
69000008635 83355892
69100012618 80141898
69200005860 80217422
69300013029 82813648
69400011652 78219888
69500008562 82052937
69600020635 77067224
69700012984 77532076
69800014938 77214667
69900021407 77261014
70000021889 76971986
70100008938 77511329
70200009093 77437329
70300020487 76734567
70400013497 76998482
70500015668 78654003
70600004832 77667160
70700009011 81005636
70800005501 76783448
70900018143 80220447
71000012288 76813772
71100005720 80476753
71200011879 78139581
71300005610 78177039
71400010208 77885212
71500009084 77169418
71600010888 79456215
71700012047 77328214
71800022402 79329279
71900022037 78950056
72000005446 77096949
72100016533 76614496
72200011213 77941592
72300009313 77587786
72400004775 76982337
72500005405 77296082
72600010749 76581731
72700023123 75990135
72800011873 76023238
72900016307 76219589
73000008987 77156910
73100005874 76943608
73200012252 77394217
73300008365 77588539
73400023703 77254937
73500009019 77010495
73600020481 77074594
73700006830 77026550
73800009855 77602540
73900009974 77056575
74000015398 77078915
74100012352 77092249
74200012669 77171034
74300013096 76925728
74400009551 76916770
74500020207 77204467
74600005308 76901264
74700011995 77059778
74800005436 76776917
74900010555 77163448
75000012598 77211272
75100002682 77167514
75200009615 77683487
75300004980 77297574
75400012949 77138063
75500008979 77333647
75600005857 77212891
75700011267 77070140
75800009230 77245027
75900023798 77188884
76000006284 77299697
76100013584 77159560
76200005276 76932770
76300021104 77106238
76400018162 76936518
76500008605 77691397
76600003927 237072627
76700006710 307463112
76800010367 120277461
76900011503 133700447
77000012584 131274053
77100007228 138372634
77200014930 133780409
77300010376 133599197
77400004277 134235369
77500012172 132225301
77600009659 137018305
77700010840 134766595
77800007380 133228682
77900007252 133601173
78000017957 132218558
78100007393 137478744
78200015112 135025676
78300006739 134119039
78400008554 134695665
78500014530 131788938
78600006810 137332651
78700014258 134021482
78800007955 134356518
78900004459 134099911
79000004292 130966126
79100007608 138331404
79200011541 134207842
79300010096 135744152
79400009042 134578592
79500009087 134594431
79600007917 134835876
79700013183 133444808
79800008244 136370610
79900009403 133945362
80000008016 134722556
80100010580 135000376
80200013127 131702571
80300009336 137385154
80400012437 134390784
80500007206 108769516
80600010468 98001158
80700022423 83794565
80800016733 53168998
80900014597 53542450
81000022440 53741856
81100013442 53273123
81200019712 54131081
81300013022 53365089
81400013997 52917645
81500018943 53019276
81600021242 53410652
81700023653 53116175
81800018830 53686750
81900011247 52994478
82000022972 53233467
82100021031 53298218
82200015437 53653483
82300026686 53390231
82400020469 52977964
82500013101 53487311
82600024930 52582148
82700021600 53497084
82800020263 52880067
82900022346 53424317
83000011599 53569303
83100011415 105989851
83200016284 200520946
83300009273 157236053
83400006098 75508338
83500009043 81457539
83600006246 77263839
83700002171 99987818
83800005998 100381096
83900020557 108935531
84000005774 108440829
84100012775 108145623
84200012241 100905711
84300012944 108851541
84400003891 87099095
84500017552 110022412
84600006345 103318182
84700009126 105915538
84800007464 103727224
84900012190 101580698
85000017520 100140441
85100009414 106239001
85200010809 99800566
85300010706 96735702
85400006904 99182825
85500011878 98952634
85600011310 94979411
85700009096 97489870
85800017495 93402222
85900005140 95172035
86000006018 98289882
86100002558 91696694
86200011871 92994511
86300005363 88553328
86400006579 90525842
86500008289 88782831
86600005524 88568125
86700006539 87313409
86800006011 86239020
86900006428 83142637
87000012343 83702308
87100014531 82146428
87200009236 78609149
87300007357 82127011
87400005524 82275440
87500008685 81061130
87600013955 78815977
87700012541 76392830
87800016302 76011888
87900009786 75913370
88000008382 76667870
88100006327 76649695
88200010037 76661259
88300011974 76946438
88400022132 76751387
88500006035 77516461
88600005511 76642755
88700004991 77205071
88800016269 77477452
88900019606 77146495
89000016544 77304112
89100012485 77176841
89200001901 77360343
89300014110 77188564
89400020743 77088163
89500005264 77437043
89600009656 77216948
89700018553 76906280
89800009485 77399599
89900010379 76570364
90000016958 77147724
90100013350 77081544
90200009887 77037133
90300023246 77054400
90400005971 77296776
90500013106 77398904
90600009176 77038498
90700011747 77154799
90800019307 77068825
90900009796 76740721
91000012597 76570796
91100017450 76548032
91200019065 76753796
91300006250 89349053
91400011650 162360811
91500013251 157506492
91600014686 157457113
91700012858 156920999
91800007197 157247839
91900009354 160705355
92000005437 158449673
92100018588 158547867
92200007680 159070631
92300007264 159093151
92400005026 158454520
92500006578 158896012
92600008380 159241767
92700004175 159788785
92800009306 158631895
92900015261 159295557
93000013450 157665850
93100015358 157438634
93200012420 157819828
93300001653 158549274
93400009467 160728111
93500004836 159436664
93600005866 159692451
93700007960 159030594
93800006488 158926207
93900005776 159467254
94000006495 159567789
94100004069 159364711
94200016232 162955041
94300018011 67569194
94400009263 75375555
94500009932 106814285
94600013837 102729694
94700005525 144512293
94800014058 165929448
94900021311 128826479
95000012361 90483500
95100021418 57288699
95200013964 60206113
95300012625 57009156
95400018112 57031048
95500020522 56727487
95600013046 156754220
95700018401 120814179
95800009290 151190089
95900004564 126414317
96000006129 127256865
96100013251 126815510
96200013642 127567071
96300011693 126627072
96400005931 127650290
96500013760 126472127
96600010205 127236353
96700013206 126597863
96800010903 126144713
96900004535 126229856
97000004526 123553846
97100010161 116429247
97200010185 197871390
97300004865 123009523
97400016391 155163890
97500005391 130589674
97600010958 129782315
97700011825 129835437
97800004654 129860193
97900004314 130325106
98000010490 130115986
98100006576 130006213
98200011330 129356343
98300004834 127955488
98400007080 118425382
98500003382 174134359
98600003667 152640998
98700025567 142389542
98800003703 50407505
98900023282 52087058
99000018064 52175543
99100026101 52350049
99200014670 52125230
99300018275 51916474
99400016240 51824848
99500019140 51907938
99600021073 51994975
99700019002 52180767
99800017651 51918356
99900021135 52338358
100000015394 51831128
100100021033 51369086
100200023894 51883763
100300015404 52054582
100400018237 52191707
100500012460 142664481
100600016598 77363473
100700005646 77148597
100800003168 77288582
100900005372 77550927
101000005835 78405325
101100005848 78404224
101200012248 78614788
101300009157 78270089
101400092817 77610273
101500012371 78141930
101600011585 78418920
101700012422 78826922
101800005566 78177014
101900011440 78603741
102000006923 78642929
102100006427 78223855
102200006237 78388153
102300006117 78040610
102400012583 77978864
102500012637 78190906
102600005569 78318623
102700007961 78111612
102800004989 78245184
102900006700 77764317
103000007774 78054202
103100006036 77898986
103200006492 77782835
103300011508 78007252
103400010387 77952208
103500011047 77887894
103600011728 77655014
103700006278 77393640
103800017529 77452766
103900016666 78602389
104000009666 78170437
104100011156 78268362
104200005314 246678928
104300013720 248393007
104400008315 133924032
104500015891 145782693
104600016442 61873954
104700008745 61429611
104800011199 79824021
104900029226 63472140
105000011379 121132265
105100010766 66028838
105200025612 62707234
105300010482 85332717
105400016080 64751098
105500013159 74346732
105600012580 77825717
105700011628 77300051
105800012092 77562237
105900011747 76843134
106000012015 77538724
106100010626 77188090
106200015937 76561389
106300011625 76391266
106400013598 76369482
106500012968 76100227
106600012339 75913929
106700013985 75950119
106800015192 75940989
106900012624 76536877
107000012862 76587086
107100011184 75945647
107200013099 76040257
107300012051 76618502
107400013295 75836472
107500012565 75948651
107600012016 76429942
107700016587 76972789
107800013016 75904528
107900012603 76839460
108000013417 76048738
108100012274 76810409
108200013086 76870422
108300011431 111523095
108400003832 112526880
108500010897 133615028
108600017010 74705829
108700012428 163165938
108800012634 258709263
108900019604 250888843
109000015756 242088288
109100019171 235947769
109200016278 229291303
109300018621 222165112
109400012607 216790476
109500001651 270129129
109600014256 212004469
109700017067 193952403
109800016934 247612024
109900017914 178594933
110000013838 223223561
110100018685 161144271
110200012718 153947418
110300016810 186088734
110400021047 135239222
110500018779 160101086
110600024128 145198983
110700015404 128107150
110800001340 100635010
110900012612 94070210
111000019544 81041268
111100010419 64394163
111200009058 137401619
111300007115 131263356
111400006272 294117995
111500002240 230933510
111600002598 423332372
111700010436 446888877
111800003342 459950347
111900001661 467191147
112000001668 470278875
112100001534 474454826
112200001407 475667856
112300002225 475899027
112400002179 476732844
112500001161 476801116
112600001474 483024348
112700003597 481412440
112800002647 479680071
112900002086 481492750
113000002047 482928380
113100002027 482349064
113200002248 481291776
113300002804 483289173
113400001015 483006894
113500002065 483005113
113600001826 483099964
113700003197 482390746
113800001466 483625762
113900001310 483569650
114000003899 482355943
114100002724 484272646
114200002643 484612676
114300002688 483847632
114400004332 482221568
114500001473 484883953
114600001787 488055533
114700001657 487946602
114800003253 487275496
114900003320 488820782
115000002794 487968174
115100001136 487377448
115200002530 483046397
115300001150 485019474
115400001843 483914153
115500001418 480283528
115600002104 481027072
115700001000 479806554
115800001970 477478279
115900004188 479626030
116000002773 476365706
116100005869 478260642
116200001955 475420094
116300001800 475624073
116400002854 481141745
116500001836 472772790
116600001970 467504933
116700001914 465133893
116800002880 456481038
116900003965 442938434
117000002304 405152256
117100002747 483112140
117200003584 483905990
117300002220 482902386
117400002508 477831227
117500002936 479134643
117600001274 477654455
117700004191 478403968
117800002256 476591569
117900001594 477466104
118000002652 474799603
118100003569 474533667
118200001743 474103942
118300005123 473686296
118400001528 468118310
118500002113 466565738
118600001633 462019669
118700001804 451467002
118800001796 408281796
118900001845 430706779
119000001625 454389481
119100002883 454884410
119200003094 450945653
119300003724 452164647
119400002374 450827795
119500001948 452427579
119600001665 449775316
119700002459 449179586
119800004934 449105945
119900004450 448572082
120000001658 447608113
120100001674 445503494
120200003006 443645523
120300005918 441643078
120400002482 436267681
120500002871 426417403
120600002548 398159326
120700011068 147883305
120800005284 112943315
120900020689 109759684
121000020310 51858010
121100024476 50240282
121200022391 49578850
121300020796 50389502
121400024498 56437920
121500017906 51880064
121600025364 51074735
121700021835 51260303
121800018789 60750832
121900008246 51560042
122000020523 51283927
122100364143 52771547
122200032841 172757334
122300021953 115313969
122400009910 103589548
122500017196 90154186
122600019161 55466217
122700021331 55451535
122800022268 56254376
122900022461 58562021
123000011061 87837276
123100016950 64945460
123200017350 80906758
123300003132 70741671
123400014424 150421176
123500020757 76240279
123600011963 63759008
123700008272 63588892
123800017195 63268891
123900016154 63296198
124000018747 67047936
124100016330 70666535
124200029301 52241296
124300030645 30815312
124400031075 31431070
124500030035 31526090
124600030210 31444415
124700033965 31243021
124800013974 67696019
124900010081 63496786
125000012508 62916731
125100017026 63008381
125200015523 62827545
125300014167 63272657
125400012126 69821211
125500020164 73114618
125600013422 72565841
125700010779 74411488
125800014674 72717538
125900016009 72444480
126000015186 72258125
126100013817 72149934
126200013335 72656816
126300014371 72281147
126400014640 74237168
126500010138 156445152
126600008716 132561701
126700005558 151060473
126800038261 79365837
126900036911 38579351
127000029747 38942056
127100038294 38721105
127200036119 38718049
127300036364 38709576
127400014222 36691265
127500037356 36595032
127600015014 36976817
127700036211 37329472
127800013612 36523586
127900036835 36579066
128000029086 37162973
128100036181 36461429
128200037098 36634854
128300036431 36737432
128400035756 36797778
128500014965 36566376
128600008990 43034316
128700010179 41956606
128800031755 42038387
128900035369 42603568
129000030556 41185221
129100029174 42108045
129200030221 41635411
129300032759 42555376
129400008288 41613752
129500010426 42447563
129600018531 42888419
129700029503 41373610
129800035002 42236418
129900010852 40992852
130000008389 42657351
130100034025 42264713
130200008171 42059079
130300030222 42020627
130400019692 42528761
130500010111 42268737
130600127289 42241956
130700033785 41086251
130800033986 42651009
130900019957 42815801
131000008070 42306789
131100033964 41827592
131200006078 41941807
131300010258 42047093
131400030228 41826369
131500009004 42245120
131600034259 42360807
131700032110 41791854
131800009213 42034324
131900010781 41932854
132000010503 42458709
132100032816 41477940
132200011411 41958070
132300034315 41772501
132400022767 41289019
132500034931 42137844
132600009847 42167175
132700034133 41909828
132800032108 41832838
132900031236 42531518
133000007301 41630293
133100035063 42781326
133200009916 42391173
133300008331 41066354
133400004678 60411743
133500015863 62341549
133600005316 61684244
133700023147 78270482
133800005123 65413587
133900021986 64529470
134000023956 64623364
134100024081 74628441
134200024409 65605717
134300024394 62076581
134400021843 61447978
134500023659 77158273
134600024245 65812688
134700026309 63015922
134800020669 69786810
134900027152 67268274
135000005411 56127657
135100005194 71255738
135200004380 76096763
135300023151 60818943
135400024731 57534768
135500025136 70667738
135600023930 67262323
135700021775 56814368
135800024783 70162617
135900021132 77356303
136000025740 61522952
136100025320 57441174
136200022919 72591125
136300018570 67865775
136400022514 63810693
136500025519 60351320
136600021861 69285762
136700006720 69180069
136800025831 65516298
136900024555 76080124
137000004600 61914817
137100025157 81793284
137200022131 68447822
137300023721 72386897
137400025729 67246830
137500017632 58274962
137600005227 66525847
137700004861 76188241
137800022485 65525467
137900021900 60176114
138000004939 73512851
138100023894 66109280
138200023701 61983296
138300023695 61257987
138400020963 69944177
138500025025 67606382
138600021303 64077005
138700023499 65526173
138800024429 63871189
138900025206 67501406
139000025235 70115791
139100004863 67181164
139200022014 64405664
139300027170 61356496
139400023126 69287340
139500027081 69358133
139600023940 65720126
139700024340 72082062
139800020815 70104169
139900023282 64539032
140000004523 60806654
140100025658 66076385
140200025035 74663919
140300023547 63883371
140400024413 65565972
140500024745 65004798
140600026762 70233584
140700017529 68122917
140800022996 63734532
140900023096 61311595
141000024596 70033104
141100004568 67863052
141200022944 65455306
141300021731 72701818
141400005729 67151458
141500004609 55932733
141600025677 69318476
141700027589 78204565
141800025330 63803991
141900027421 57413554
142000005466 74439827
142100093290 115598855
142200035578 41396934
142300035653 38502162
142400021362 38464882
142500017118 38628907
142600037466 39141969
142700012011 37092651
142800017909 36454376
142900021688 36708503
143000033632 36549288
143100015197 36785513
143200036248 36456402
143300033400 36914679
143400037031 36693102
143500035973 36690652
143600036069 36346054
143700036999 36773442
143800015144 36611913
143900010846 39377983
144000030607 41101578
144100010331 42502455
144200152720 41816127
144300029607 42550350
144400032948 41786755
144500031148 40912755
144600011408 41995643
144700033260 41074032
144800009807 42124782
144900033098 41592632
145000011134 42651535
145100026802 41745147
145200029588 41714669
145300030189 42114308
145400032964 41607121
145500027825 42500457
145600008631 41418853
145700028520 42120792
145800032319 41736068
145900032012 41794213
146000009646 41953446
146100033533 41805177
146200034823 41630324
146300032054 41476066
146400031050 42095974
146500034020 41406221
146600034549 42046296
146700006775 41390538
146800029606 42754181
146900034102 41852375
147000028321 41857769
147100030655 42611128
147200011722 41351590
147300030052 41807620
147400031662 40807069
147500011260 41744883
147600032833 41467619
147700009355 41981077
147800033470 42266024
147900032637 41453716
148000008018 42373905
148100034178 41432097
148200026007 41864917
148300006584 41676859
148400010480 42160493
148500026701 40892664
148600034679 42098422
148700011659 42334703
148800021926 65089044
148900022242 76777277
149000025367 65707839
149100025147 60282314
149200024233 65547718
149300023532 74258999
149400022219 65319426
149500023144 61050517
149600025614 64007574
149700005222 76111325
149800025944 67680154
149900026824 61012442
150000027235 68875865
150100023529 67378716
150200023903 56923352
150300024089 70032038
150400025826 77417709
150500025382 61078950
150600022554 57582800
150700004750 70321906
150800005405 66409254
150900005363 60947675
151000022174 64687221
151100024328 78309465
151200022238 61177711
151300005142 57975417
151400023306 74340613
151500021758 65424645
151600025657 62722917
151700023468 61331627
151800005000 69980594
151900004298 71142871
152000026036 61825743
152100005294 76299632
152200024004 69016856
152300026766 74252692
152400004879 70145685
152500005173 71467728
152600025700 67238925
152700025326 57390313
152800025242 68310651
152900053100 78714442
153000024817 62990595
153100021418 59136298
153200024141 74396530
153300017008 65596136
153400026443 60958500
153500024369 64059121
153600004751 75029486
153700024068 60748266
153800005865 62751636
153900023114 65489657
154000004837 67591873
154100023189 64385989
154200027542 70093463
154300024982 68110012
154400023898 63759869
154500026302 61223592
154600021852 69847417
154700025032 68319675
154800025951 64628505
154900024326 72548888
155000022580 69688082
155100021586 63598500
155200020980 62237392
155300024158 68238640
155400025318 70867355
155500028440 63944311
155600004842 67089257
155700027779 62256762
155800022582 73537395
155900027113 65385243
156000022422 62613222
156100024324 61221695
156200004230 75376527
156300004469 66447824
156400026532 62588412
156500025320 74439145
156600020425 65433970
156700022979 60281078
156800021990 64628482
156900023688 77247343
157000023966 64827968
157100026772 56520577
157200023908 74691222
157300008081 99877566
157400002234 326536476
157500013491 244717582
157600002964 261196616
157700002245 236371707
157800011437 216039732
157900004891 194610881
158000007413 189603282
158100002660 153755734
158200019340 143456668
158300012687 88570696
158400009007 80616534
158500008455 88556743
158600012326 91565459
158700007701 91654634
158800012780 91253290
158900012842 91095637
159000012110 91181022
159100014231 91579568
159200009725 91597709
159300007977 91005522
159400012564 91524618
159500012393 91310565
159600012710 91462115
159700013068 91398916
159800012154 91385893
159900012574 91562709
160000011204 91295381
160100010910 91393545
160200006738 91354760
160300012236 91381222
160400011515 91538811
160500010608 91551638
160600013074 91332419
160700012238 91134376
160800005191 147765528
160900008054 150250984
161000012945 140214699
161100016742 88897178
161200017030 70529763
161300013036 69693329
161400015580 69192348
161500012705 69057751
161600012056 68986617
161700016923 69131631
161800010937 101496251
161900011463 81953741
162000012957 77279780
162100009404 70975732
162200012576 70011725
162300012545 70650740
162400016179 70579232
162500018860 117165532
162600008254 90685802
162700015431 120378772
162800016949 90472237
162900006151 180497392
163000007938 192264856
163100013781 163971437
163200014976 66711057
163300013519 66645569
163400013029 65926886
163500009952 66165834
163600015457 66130100
163700021134 66610879
163800018802 66549315
163900010434 65821225
164000007188 98906466
164100007361 166506857
164200006692 161016967
164300006441 215440531
164400011275 531173607
164500001172 136175965
164600012847 216883850
164700019974 72178366
164800013415 72539675
164900010359 177562790
165000017918 122952690
165100017220 81486808
165200017372 78423288
165300006910 62725827
165400010123 113536128
165500016723 90496078
165600003124 90744442
165700007926 168868525
165800012392 141147630
165900012605 107495961
166000014791 85456152
166100007476 175941157
166200007027 139790647
166300011460 112726854
166400017280 87104264
166500017437 79440044
166600022793 59647999
166700024054 75831106
166755999282 59898999
