100281392 230283
200434569 447406
300419890 501478
400462211 556708
500461580 613916
600541620 685527
700419118 739356
800421950 794770
900421527 849359
1000413749 905535
1100353477 1004847
1200451204 1121936
1300630926 1175897
1400470429 1230672
1500447773 1287651
1600421679 1360860
1700454688 1415787
1800447589 1469961
1900446574 1525211
2000442344 1579827
2100460769 1655626
2200420453 1709218
2300454717 1764647
2400442949 1822792
2500458511 1895268
2600476582 1949860
2700439192 2004176
2800475772 2059285
2900453238 2116284
3000460972 2190485
3100490679 2247072
3200453883 2300311
3300445052 2356074
3400340417 3043517
3500392984 3246248
3600389419 3458112
3700265465 6112012
3800304138 8480168
3900432646 9812337
4000367929 10017948
4100406543 10233818
4200194380 11449425
4300415817 13914281
4400323828 16612848
4500225488 17967958
4600385582 18175700
4700356084 18388966
4800262854 21134413
4900280310 23530875
5000227987 24758571
5100348162 24966330
5200376031 25180306
5300216898 26678784
5400387550 28955074
5500305094 31975696
5600480908 32919183
5700436742 33130326
5800295396 33342180
5900420506 36195472
6000383266 38905495
6100537140 39596475
6200466505 40162844
6300366890 40366774
6400459482 40584026
6500186945 41528376
6600489273 44323281
6700366505 47027118
6800456991 48427677
6900409835 48638493
7000428867 48855434
7100298316 51591828
7200212908 53974518
7300308230 55479994
7400404647 56352553
7500563544 58026376
7600293343 59453414
7700309467 61500477
7800207994 64843934
7900507371 66121348
8000396368 67804430
8100448498 70577019
8200136971 73893999
8300623564 77395927
8400257825 81456315
8500306255 83799264
8600372707 86666556
8700174172 88306578
8800342368 90785710
8900395239 92869577
9000452222 94806321
9100503753 97384687
9200167672 101353193
9300341879 105091711
9400298487 107414324
9500428931 109779234
9600448732 111143941
9700497391 113496989
9800515583 115968489
9900362293 117736021
10000381047 120110195
10100219424 123892094
10200211077 127654218
10300651283 129655411
10400487959 133118985
10500292868 134515262
10600287580 136676361
10700311058 140141957
10800525996 140994892
10900412195 143127619
11000488480 145527880
11100245145 149615954
11200538585 152529865
11300356107 156558013
11400476399 159349009
11500353738 161839539
11600342296 163304378
11700337812 166701993
11800581391 167607255
11900321490 169951744
12000702555 172803070
12100624238 176431458
12200329561 180009931
12300506771 182621233
12400231282 185286222
12500423704 186617146
12600361440 188913502
12700371045 191939538
12800583461 192929061
12900291831 195673272
13000554688 197925325
13100299665 202048049
13200285538 205597384
13300382681 208695558
13400531298 212040343
13500382805 213591878
13600422236 215615802
13700401401 218566974
13800571493 219830765
13900596436 222584308
14000395745 225775415
14100505749 229271867
14200415511 232283007
14300371673 235436272
14400560012 238645019
14500556013 242055622
14600391233 245603881
14700541071 252471583
14800409790 254152792
14900418200 254582756
15000420313 255073324
15100552296 255828670
15200654003 256710959
15300530320 257563875
15400681397 257849002
15500424734 258210408
15600529188 258845813
15700642034 259563221
15800563482 260349182
15900496530 260571626
16000625576 261259039
16100562660 262251036
16200714246 263525163
16300629085 264551319
16400406456 265505179
16500584444 265803205
16600688524 266096040
16700557118 266425351
16800441655 267051776
16900617301 267430337
17000704776 267906294
17100694704 268287740
17200822762 268875439
17300516342 269231737
17400394022 269631393
17500636738 269929671
17600576079 270294881
17700693361 270621686
17800555190 271143864
17900462784 271918870
18000721887 273007966
18100635976 273852582
18200606423 274646987
18300563368 274884411
18400673599 275209848
18500756161 275580070
18600723194 276311226
18700507545 276736817
18800474464 277271243
18900482424 278331525
19000534577 279236610
19100529274 279583009
19200677784 280092224
19300453714 281107629
19400622039 281874521
19500586486 282062501
19600481286 282456307
19700458796 285145202
19800631705 287418847
19900554523 289953206
20000443412 294204725
20100369285 295944856
20200533015 297614222
20300443127 299874216
20400438734 301869213
20500599669 305260375
20600729342 306196583
20700695280 306875426
20800448098 308071309
20900696922 310212171
21000803217 311088624
21100813306 311799130
21200870986 312442384
21300832106 313072685
21400840221 313707475
21500857273 314336517
21600816689 314963889
21700867197 315600053
21800885741 316219069
21900846549 316839706
22000832568 317458993
22100622093 318644940
22200657891 322023641
22300702793 326447615
22400650622 328717042
22500639233 329031481
22600628209 329335640
22700596773 331819347
22800400228 334383514
22900638272 335741380
23000414278 336576336
23100628055 339554501
23200758833 344244541
23300521778 347709163
23400611873 350405730
23500521664 352703584
23600367057 356063827
23700571761 358746558
23800499476 361374546
23900428042 363454892
24000437549 366179740
24100460142 371589266
24200650719 376857637
24300536373 377804690
24400542215 380437374
24500730393 383263447
24600777754 383597149
24700808711 387404835
24800738788 388896132
24900758422 389528734
25000776151 390185100
25100428255 391804993
25200811581 394060660
25300855773 394800339
25400867873 395420105
25500974389 395985919
25600865922 396546681
25700897299 397089816
25800889284 397642799
25900870283 398179877
26000911584 398711648
26100541146 400055184
26200774765 403579637
26300483820 406290285
26400644596 408981023
26500671468 409315847
26600652050 409664212
26700464908 412948356
26800479730 415286484
26900550970 418496661
27000493022 423113293
27100490294 425548485
27200710759 428278443
27300667152 432318857
27400463621 435776013
27500531669 438852307
27600618470 439288960
27700585339 439600270
27800595014 439931571
27900781622 441299155
28000766453 441785338
28100711966 442494726
28200767163 443845236
28300721094 446182190
28400618973 450076483
28500737864 454112542
28600766648 455014617
28700585514 458242365
28800813082 461249085
28900816401 461508823
29000864306 461769362
29100809831 464820429
29200846539 465373890
29300825849 465898892
29400743810 466388472
29500870278 467067794
29600694314 467671715
29700489897 470348906
29800618018 472727536
29900547191 476347283
30000754534 479149184
30100882400 479949721
30200920561 480051632
30300891178 480150817
30400890987 480247760
30500904628 480353846
30600927623 480451246
30700860457 480542664
30800933367 480643666
30900531315 484341491
31000534612 487105074
31100637856 490078095
31200765094 492354002
31300586965 495772244
31400508088 498226218
31500573560 502487039
31600690134 504947121
31700554312 508077313
31800642912 514644770
31900586289 517027614
32000539315 519995324
32100583527 523697036
32200609825 526760054
32300539324 529735726
32400611404 533325067
32500932861 534269337
32600552717 535031173
32700701010 539721538
32800853189 541224443
32900865781 541372328
33000899162 541520117
33100897291 541671179
33200900573 541819418
33300721613 542669493
33400595455 546332247
33500598168 549359631
33600686556 552393164
33700694841 553894578
33800690206 554573826
33900581090 555365480
34000650922 559423876
34100558778 562514216
34200560563 565032892
34300704922 570929665
34400710756 572561037
34500801626 573514513
34600726184 574552067
34700643780 575960602
34800775007 580625021
34900648140 583241204
35000673669 586172321
35101073727 589049224
35201054394 589574448
35300937388 589664532
35400927128 589749197
35500930595 589861814
35600932521 589942477
35700926214 590079353
35800889984 590196154
35900937328 590276637
36000897675 590339412
36100947312 590426341
36200834874 592764093
36300685694 596683729
36400625401 599618214
36500641039 603076676
36600797612 606449618
36700683295 609675264
36800611503 612992657
36900674133 615897906
37000695422 618462298
37100779070 621762784
37200614672 624784365
37300748158 627726958
37400682106 630156462
37500915976 630464236
37601075604 630778151
37700929984 631180038
37800909352 631483381
37901002212 631841483
38000722269 633272229
38100727089 634155985
38200686401 637270681
38300791925 643307364
38400796916 643679556
38500811338 644011803
38600807726 644361337
38700811058 644673042
38800768350 644988817
38900672358 646376687
39000908579 648615816
39100935082 648979106
39200865202 650502748
39300865943 651080065
39400809672 652981229
39501027581 655389521
39601006682 656009700
39700845487 657493688
39800985641 658056046
39900928517 658612280
40000698373 660524324
40100671533 664342400
40200976619 666034153
40300984990 666322982
40400974299 666624560
40500948570 668377064
40600979185 668760875
40700962450 669062763
40800783683 671112391
40900752653 673333710
41001058724 676146660
41101097258 676767321
41200706064 679438218
41300827748 682686191
41400792724 683592118
41500842497 684311167
41600786818 687085505
41700806562 690577523
41800780432 693541881
41900726639 696995456
42000755915 700255809
42100712288 703824063
42200731412 706424122
42300992868 709814889
42400862769 710162040
42500776002 711487039
42600799868 715028247
42700952676 716280563
42800740710 717377817
42900798908 719974403
43000744095 722720283
43100716920 725695999
43200698083 729229591
43300685964 731921781
43400709954 736985485
43500763973 744444151
43600712784 754056132
43700721444 763314231
43800729769 772778732
43900720186 783219325
44000730708 792761229
44100795522 802533172
44200771844 812143556
44300760799 821328725
44400743723 830708837
44500787851 840949645
44600770058 850436028
44700849907 859229592
44800758790 868299508
44900751868 877793606
45000750503 887050546
45100749722 895838707
45200770586 904556290
45300862354 913980035
45400737486 923049930
45500757194 932269892
45600753896 942303876
45700755951 951110251
45800758285 960380149
45900762897 970540347
46000794767 979911681
46100766545 989625743
46200788281 998492242
46300769506 1008198868
46400786489 1018273653
46500791186 1027364158
46600821800 1037373484
46700765017 1046319035
46800868327 1055478985
46900752053 1063692811
47000892714 1071481442
47100790625 1078311524
47200777387 1084811309
47300780366 1091148266
47400763711 1097843576
47500801993 1104682674
47600788462 1112620440
47700843124 1120013110
47800867502 1127350678
47900837249 1134525667
48000786009 1142267840
48100895221 1149638521
48200833397 1157689953
48300875625 1165567023
48400809135 1174178834
48500802046 1182199880
48600794937 1190608505
48700784094 1198560157
48800782072 1206813267
48900808827 1215040286
49000802476 1223598645
49100806599 1232607429
49200809775 1240504948
49300784931 1248967665
49400883223 1258099453
49500806346 1265184671
49600824290 1274035856
49700895302 1283387416
49800807788 1292347059
49900799636 1301631375
50000826626 1310462505
50100881944 1318844098
50200811235 1328312948
50300824236 1337489162
50400819432 1347566918
50500804627 1357121092
50600831529 1366361904
50700834627 1376318866
50800833847 1385538671
50900830716 1394973058
51000834876 1404934321
51100830085 1415099773
51200836437 1425327292
51300847010 1435730797
51400832006 1445623864
51500835220 1455721126
51600837558 1465698875
51700845502 1475640250
51800838111 1485434756
51900866196 1494832471
52000841581 1504302952
52100850049 1513960176
52200926166 1523195813
52300859830 1532474143
52400848606 1542246559
52500859896 1551484758
52600854328 1561056415
52700904457 1570326277
52800858937 1580251967
52900865027 1589689324
53000917278 1599267178
53100962381 1607795238
53200929640 1617175275
53300863340 1626871112
53400871958 1636356100
53500900220 1646036857
53600890004 1655794109
53700862938 1665215618
53800881729 1674223524
53900881810 1683667087
54001080426 1692887582
54100935074 1701220848
54200882574 1710792490
54300876207 1719996590
54400873150 1729119447
54500943029 1738706898
54600878143 1747947716
54700892599 1757039883
54800895055 1766440567
54900895956 1776393196
55000900680 1786147254
55100947067 1795136611
55200889798 1804292789
55300901538 1813847871
55400896932 1823464155
55500988398 1833413442
55601020030 1842922662
55700956304 1852543726
55800909171 1861999904
55900932210 1869063973
56000947227 1870739877
56101102356 1874328372
56201076982 1874716185
56300999314 1876229236
56401054194 1878625504
56501096795 1878870231
56601079022 1879129945
56701149870 1879366221
56801235293 1882861906
56901028870 1885328884
57001002413 1888405914
57101212427 1891001805
57201109388 1893357552
57301089507 1895215980
57400989677 1897010170
57501093621 1900323612
57601226990 1901331958
57701022381 1902112238
57801311497 1904433581
57901424671 1904997247
58001440478 1905372612
58101387687 1905704050
58201426519 1906028206
58301436807 1906337445
58401451247 1906663156
58501415170 1906980813
58601118483 1907473920
58701128600 1909378192
58801194705 1912325032
58901220417 1915861331
59001132508 1918737297
59101179443 1919057599
59201051742 1920249281
59300964754 1922403273
59400951680 1923714695
59500935722 1927020446
59601209360 1930627200
59701249331 1933556970
59801087677 1936931048
59901125813 1939082808
60001110600 1942257206
60100984070 1945273170
60201028555 1946840376
60300933551 1950750063
60400951452 1956363746
60501076063 1958059384
60601048844 1960492983
60701255429 1962650921
60800999216 1963614993
60901182463 1967254560
61001180047 1968067232
61101212652 1968823590
61201413890 1971349283
61301012717 1971975221
61401456013 1972422186
61501421106 1972689304
61601466919 1972938195
61701505552 1973189083
61801497286 1973439689
61901505094 1973683955
62001109162 1974673625
62101307649 1977721003
62201024372 1980092857
62301072278 1982783366
62401193861 1984257335
62501204152 1984591306
62601294150 1986976626
62701344698 1989370459
62801171006 1993115873
62901052578 1996705692
63001130884 1999363224
63101106665 2002938183
63201018792 2006155111
63301143552 2008743598
63401153872 2009059924
63501134132 2009373637
63601436648 2010303956
63701460580 2010597565
63801418254 2011024299
63901347363 2012074146
64001256596 2014375054
64101362928 2017351679
64201326460 2018634299
64301546603 2022701621
64401337073 2022933846
64501333957 2023186898
64601339703 2025741694
64701334550 2026273488
64801395154 2026785945
64901392799 2027400011
65001384396 2027987291
65101233785 2030066728
65201181289 2032500524
65301105167 2035770863
65401457089 2038588352
65501385592 2038686594
65601389014 2038782495
65701407903 2038877349
65801433685 2038982022
65901458068 2039072095
66001393537 2039172138
66101054471 2040988795
66201027678 2044404150
66301284171 2047481259
66401043120 2050415736
66501181708 2053031318
66600993239 2056117601
66701158584 2059455673
66801037625 2062484487
66901109552 2068749365
67001065200 2070794975
67101094049 2074605494
67201077120 2077473362
67301099154 2080749315
67401160352 2084177861
67501433900 2084925948
67601192620 2086557772
67701363177 2090384072
67801429705 2090520589
67901409170 2090661549
68001409600 2090804326
68101420683 2090945225
68201334486 2092628653
68301095702 2095955295
68401233377 2098955122
68501216734 2100826112
68601205009 2101505746
68701297242 2103017413
68801250641 2106339984
68901168525 2109476881
69001070814 2113439309
69101355005 2116508968
69201330105 2117397310
69301264968 2118518997
69401076341 2120501395
69501235113 2124286939
69601137219 2126952016
69701384664 2130373194
69801405411 2130913439
69901359205 2130997939
70001421716 2131102896
70101469480 2131188530
70201383865 2131310586
70301386889 2131439674
70401198000 2131576238
70501438536 2131777545
70601352703 2131881101
70701646901 2135616494
70801148331 2138092165
70901205683 2141622972
71001356305 2144283718
71101190055 2147799440
71201203292 2150948263
71301189396 2153897762
71401107426 2156559096
71501113492 2159568724
71601191273 2162439340
71701456621 2164857488
71801430629 2165155782
71901582610 2165528558
72001396962 2165850384
72101418944 2166148923
72201231637 2167366786
72301238095 2168259958
72401544924 2171489902
72501320962 2175512477
72601317528 2175891825
72701300532 2176277799
72801296170 2176639967
72901360634 2177509602
73001461937 2179741940
73101444229 2180106829
73201388711 2181464438
73301423241 2182030621
73401275054 2184861845
73501525543 2185741020
73601341935 2187072879
73701460905 2187633257
73801386073 2188167639
73901722306 2190093253
74001622401 2194117370
74101510364 2194561680
74201511076 2194815194
74301428193 2196223322
74401496448 2196663689
74501682003 2196920295
74601219001 2198771497
74701512641 2202203553
74801549215 2202809061
74901305278 2204672224
75001352078 2207737199
75101278903 2208679523
75201337139 2209401225
75301209782 2212835158
75401265143 2215613598
75501231463 2218875952
75601314816 2222353655
75701206040 2225486238
75801252653 2228032138
75901371244 2230756102
76001358088 2231119181
76101254351 2233532420
76201401036 2235972283
76301259264 2236932581
76401266447 2239290256
76501205295 2242221075
76601201293 2245766968
76701263033 2248562212
76801201611 2253218022
76901209698 2260224373
77001223344 2269625930
77101222680 2278481030
77201233833 2286733856
77301227956 2295223905
77401274728 2303522444
77501224537 2313420460
77601215430 2322265247
77701233163 2331401456
77801240776 2339853264
77901231258 2348039971
78001253385 2357526910
78101247685 2366366134
78201237127 2375600504
78301242325 2384379005
78401246628 2393087224
78501251344 2401677284
78601250399 2410591210
78701239704 2419273795
78801306367 2427655223
78901247702 2436646618
79001275885 2445628865
79101269540 2454377736
79201259683 2464151101
79301237955 2473437466
79401274288 2482517838
79501266870 2490991004
79601269784 2499675857
79701293831 2507192873
79801309174 2515556197
79901267684 2521720850
80001261607 2527651702
80101473118 2533954884
80201277667 2539949366
80301256014 2547366878
80401357683 2554298933
80501414284 2561713732
80601281488 2569777184
80701261625 2576869779
80801278253 2584755466
80901285331 2593710702
81001291246 2601633907
81101356706 2609521407
81201297118 2618590262
81301378686 2626821995
81401428445 2634641810
81501279922 2642729870
81601292750 2650997348
81701289655 2658610222
81801285994 2666775072
81901292577 2674156865
82001271046 2682688672
82101301780 2690399936
82201308649 2698067796
82301320978 2705753867
82401515499 2713878123
82501315546 2722729913
82601329518 2732191974
82701311671 2741611556
82801306462 2750525732
82901353299 2760540081
83001393802 2769915083
83101321516 2779119990
83201347905 2788104810
83301314680 2797662473
83401381671 2807412158
83501316430 2817042618
83601305967 2826689051
83701363023 2836272285
83801328228 2845696925
83901325686 2855057410
84001374805 2864739424
84101331126 2873160453
84201353454 2882413680
84301324629 2891547234
84401338462 2900853920
84501325920 2909906346
84601346390 2919417580
84701356859 2928210733
84801357193 2937645679
84901354070 2946303020
85001360715 2953914266
85101339180 2963386463
85201345780 2973029123
85301377463 2981751067
85401355704 2990460120
85501458053 2999565953
85601465499 3008080018
85701369823 3016386607
85801353595 3025644113
85901427199 3033782758
86001387956 3042220536
86101360011 3050965881
86201505785 3059780771
86301417959 3068693779
86401369974 3077456463
86501390756 3084721834
86601404403 3086876517
86701554983 3089361670
86801509493 3090594752
86901517719 3092835219
87001567034 3093083044
87101541183 3093339438
87201409026 3094754996
87301559645 3095502112
87401714226 3096582814
87501706909 3097346886
87601706947 3098212444
87701716029 3098568082
87801539717 3098950081
87901639260 3099756820
88001475196 3100911221
88101766470 3101435703
88201695467 3102323084
88301891089 3102438895
88401411800 3105376932
88501850924 3108184504
88601576561 3111028061
88701595315 3113038875
88801549434 3115027831
88901431127 3117261303
89001720946 3120105271
89101717125 3122388834
89201701834 3123103958
89301491149 3124767560
89401429126 3126173329
89501893992 3126621924
89601940810 3126954693
89701900493 3127265813
89801938567 3127581377
89901870900 3127901599
90001945790 3128225526
90101919479 3128535616
90201596086 3129395661
90301433184 3131817519
90401758731 3134906474
90501585510 3138470357
90601660601 3140258158
90701677136 3140577652
90801546330 3141957434
90901477707 3144549950
91001658787 3145964980
91101558281 3150204096
91201657463 3152960350
91301422180 3156190554
91401529142 3158642402
91501738080 3161990941
91601578308 3163799551
91701487896 3167286773
91801496736 3168983905
91901546563 3174208105
92001678164 3178857020
92101724334 3179733631
92201537722 3182983062
92301727013 3184103812
92401736159 3187137605
92501780200 3188934121
92601677097 3189662357
92701437269 3191450461
92801815459 3192955700
92901880022 3193549578
93001938720 3193896026
93101921305 3194143535
93201994557 3194381997
93301986850 3194617578
93402012538 3194856099
93501562316 3195223692
93601655390 3197364718
93701479751 3199830403
93801497172 3202254830
93901565972 3205364187
94001681282 3205698467
94101690704 3206030737
94201533191 3209231450
94301414323 3211808820
94401435649 3215666479
94501493933 3218660828
94601784496 3222058630
94701868671 3224922196
94801644591 3228794295
94901623479 3230171310
95001595246 3230472884
95101608017 3230789681
95201943930 3231733072
95302143925 3232009979
95401863173 3232337127
95501676920 3233280224
95601630080 3235354080
95701784096 3237329901
95801541449 3239531481
95901808726 3242479547
96001803541 3242730834
96101470655 3243686079
96201792770 3245626902
96301824244 3246154633
96401784674 3246671251
96501877306 3247324548
96601904398 3247904771
96701536327 3250713563
96801559873 3253066011
96901737197 3256874402
97001905828 3258371781
97101888720 3258468972
97201844524 3258566282
97301838116 3258663231
97401920625 3258763866
97501871274 3258853024
97601923688 3258952356
97701616467 3262552701
97801681589 3265593047
97901801427 3268098127
98001576128 3271615430
98101610178 3273462063
98201640365 3277703271
98301599545 3280107060
98401480914 3284195724
98501574080 3289718172
98601597222 3291824481
98701535116 3295529909
98801574737 3298481639
98901595694 3301559871
99001928914 3304368499
99101902378 3304967028
99201580549 3308500615
99301915973 3310261483
99401858287 3310400794
99501948696 3310541114
99601881727 3310683700
99701868027 3310827619
99801643533 3313661592
99901579431 3316868148
100001743833 3319824780
100101632038 3320908368
100201668023 3321592068
100301672774 3324345738
100401636043 3327048455
100501642503 3329976840
100601721369 3335196308
100701718082 3336682876
100801718509 3337685572
100901753693 3338868345
101001586777 3342678721
101101597790 3344991217
101201698482 3348121606
101301902285 3350540852
101401852443 3350872274
101501911206 3350947574
101601904612 3351067023
101701936910 3351150378
101801926313 3351285465
101901906637 3351402315
102001875771 3351569568
102101936325 3351740075
102201634321 3352884406
102301792901 3356490574
102401641663 3359345291
102501671934 3362695689
102601790340 3365425904
102701657902 3368628013
102801635551 3371734759
102901714777 3374668308
103001820432 3377741163
103101645740 3380700112
103201732024 3383544399
103301853511 3384960650
103401888439 3385262832
103501939170 3385653243
103601893597 3385948368
103702004430 3386306012
103801822391 3387678489
103901619689 3389184635
104001901954 3394197388
104101749761 3395592328
104201777327 3395962779
104301775622 3396348951
104401743119 3396695826
104501632973 3397797721
104601894752 3399793813
104701944701 3400160882
104801856917 3401580862
104901821956 3402793499
105002022160 3405269220
105101970548 3405874390
105201954300 3407199138
105301985582 3407745317
105401962924 3408278548
105501666605 3411503412
105601924713 3414255288
105701948598 3414599764
105801933667 3414853560
105901726396 3416383460
106002061471 3416704863
106101647012 3417062364
106201715273 3419793092
106302010253 3422388515
106402058537 3422991016
106501672849 3425637319
106601769937 3428191882
106701777350 3428907732
106801779409 3430774731
106901689140 3433743532
107001777775 3436837153
107101759702 3440233131
107201713154 3442896613
107301822849 3446476149
107401709904 3449408240
107501821697 3450899858
107601887140 3451849318
107701717175 3455427996
107801876640 3456164505
107901621111 3457470612
108001841200 3459886375
108101672604 3463508216
108201664301 3466891130
108301632930 3469961124
108401655443 3474638270
108501721735 3483544999
108601797924 3493180772
108701693121 3501878453
108801680406 3509598994
108901675989 3518526099
109001700529 3527382052
109101717828 3536973336
109201705588 3545968764
109301713179 3554921630
109401729259 3563041023
109501707121 3571877461
109601742144 3581085617
109701709776 3589910979
109801723448 3599648522
109901725763 3607876536
110001731528 3616687598
110101732476 3625925829
110201722140 3634704209
110301701740 3643220285
110401758488 3652439545
110501742568 3661373689
110601733703 3670667197
110701746127 3680704350
110801741340 3689679740
110901773540 3699034916
111001797115 3707648359
111101759915 3716404406
111201755278 3723825929
111301797609 3731964835
111401810068 3737933449
111501736777 3744213324
111601759297 3750375188
111701749712 3756674598
111801836512 3764335418
111901756573 3771389092
112001753639 3778732633
112101811526 3786665605
112201868241 3794289370
112301885069 3801633760
112401757672 3810128775
112501758881 3818774627
112601754098 3826668291
112701746036 3834761266
112801757894 3843797330
112901747853 3852215615
113001772391 3860525149
113101782512 3868274691
113201817631 3876615356
113301938096 3884591983
113401770130 3892549755
113501779322 3900527518
113601754287 3908400968
113701787921 3916338294
113801777987 3924465970
113901888922 3932643678
114001916581 3939804768
114101842949 3947976850
114201797284 3956133280
114301764665 3965059712
114401778768 3974282022
114501790775 3983587090
114601859244 3992445723
114701843164 4001889703
114801859371 4011456801
114901842172 4020652266
115001790944 4029495607
115101878601 4038572987
115201921083 4048195796
115301798163 4057876912
115401799523 4067388417
115501787172 4076997659
115601827788 4086474946
115701852796 4095775762
115801854876 4105142782
115901807095 4114494919
116001785506 4123006331
116101844513 4132165103
116201811714 4141180752
116301811724 4150510264
116401812799 4159693361
116501818527 4169226524
116601803599 4177741307
116701821508 4187092826
116801892506 4195528662
116901815566 4203600477
117001825035 4212932414
117101891938 4222316540
117201953288 4231113033
117301824682 4239660198
117401830659 4248420187
117501926344 4257229952
117601876289 4265717701
117701862240 4274483936
117801976003 4282763943
117901833926 4291449510
118001820328 4300337442
118101846542 4309154491
118201847106 4318065781
118301842557 4326734412
118401859086 4335355678
118501891248 4342222803
118601966869 4344647156
118702020664 4346849016
118802002131 4348114213
118902099606 4350313972
119002009414 4350561277
119102023488 4350817254
119201855730 4352373289
119301952261 4355422786
119402172948 4358265107
119502030540 4360836187
119601947288 4364425837
119702162481 4366355917
119801970853 4367770386
119901901299 4370395786
120001951966 4373300587
120102053498 4376057991
120202119238 4377038346
120302178462 4377711447
120401986810 4379419947
120502118342 4381289157
120602504103 4382107784
120702302861 4382828049
120802289109 4383507617
120902309686 4384179845
121002314114 4384859607
121102261699 4385537380
121202338468 4386217068
121302331773 4386895356
121402336054 4387567188
121502315892 4388236563
121602011659 4389177032
121701908386 4391111465
121801837315 4394415267
121901986892 4398445003
122002105890 4400120341
122102112869 4400448414
122201976141 4401836970
122301945182 4404124330
122401952821 4406317810
122501981439 4407213061
122602130361 4408673731
122701897422 4412536706
122801846081 4416181276
122902108483 4419397132
123002122944 4422551944
123102058889 4424916865
123201867183 4428651581
123302022817 4430322400
123402076625 4434041088
123501971607 4435592876
123601941049 4439249426
123701947497 4444676706
123801975087 4448924184
123902172866 4449726060
124002133418 4453072408
124102221110 4455031026
124202199098 4455514724
124302129261 4460001076
124402315379 4461409131
124502229299 4462073000
124602275754 4462784869
124702048354 4465099442
124802230894 4466736509
124902364854 4467475752
125002380556 4468138762
125102360807 4468781681
125202377729 4469408397
125302369508 4470043064
125402379216 4470680443
125502365811 4471310268
125602202942 4472272636
125701995546 4474727934
125801981903 4477448500
125902047204 4480380689
126002136143 4482154535
126102151388 4482501284
126201927189 4483921730
126302018966 4486830492
126402194265 4488869470
126502172548 4493176132
126602227321 4497129270
126702047617 4498924234
126801999014 4502574536
126902265254 4505979356
127002387217 4510140169
127102124052 4512282107
127202101062 4512603939
127302090507 4512910252
127402281295 4513847456
127502240555 4514696732
127602308616 4515325443
127702194547 4516241499
127802243234 4518870363
127902174714 4522639317
128002067178 4527712878
128101955270 4530283103
128202230574 4531564866
128302250851 4535258652
128402538269 4536690173
128502292988 4536931637
128602028852 4537411448
128702274117 4540168742
128802335892 4540701373
128902272296 4541228201
129002265443 4541805205
129102377584 4542452637
129202025791 4543266135
129301980831 4546315782
129402051992 4548658723
129501994634 4552085019
129602310839 4554795594
129702342942 4554889065
129802392848 4554980408
129902357758 4555079574
130002361167 4555178816
130102379624 4555278120
130202334722 4555363774
130302352355 4555459879
130402419776 4555560280
130502024989 4560265308
130602174721 4563333965
130702057049 4565831440
130802036196 4569265841
130902096995 4571251480
131002298209 4574517274
131102266239 4578107637
131202106648 4580560889
131302075090 4585060100
131402074816 4591059087
131502079248 4592636010
131602073252 4596520189
131701983579 4599188780
131802056956 4602117912
131902116736 4605305045
132002408592 4608474033
132102414273 4609073891
132202280502 4611062022
132302262661 4615143237
132402581774 4615657019
132502324230 4615797994
132602412840 4615941400
132702365427 4616085836
132802411919 4616226917
132902260605 4618190419
133002013301 4621771315
133102010477 4624302842
133202150720 4627447005
133302176494 4628128888
133402159698 4628809073
133502087919 4631466181
133602256359 4634368808
133702093774 4637701791
133802286622 4640938656
133902269378 4645382755
134002204099 4646665215
134102240400 4647743768
134202267407 4648852311
134302046522 4651416958
134402200698 4655084186
134502065677 4657807086
134602066098 4661320441
134702381732 4662840513
134802383265 4663130827
134902376532 4663219127
135002357539 4663321266
135102581667 4663412147
135202426044 4663520763
135302405367 4663646480
135402436278 4663762023
135502434824 4663823391
135602433531 4663906295
135702454635 4664019270
135802125238 4668702139
135902136142 4671119213
136002028203 4674235673
136102115517 4677601447
136202301863 4680154876
136302070505 4683751027
136402090593 4686983509
136502191963 4690117364
136602203792 4692767780
136702133184 4695392706
136802140607 4698680666
136902146912 4701931156
137002379476 4703043861
137102358850 4703334707
137202576584 4703719137
137302384856 4704041954
137402385521 4704334214
137502211333 4705440300
137602224426 4706343159
137702457946 4708383545
137802188518 4714109945
137902299610 4716083540
138002303977 4716422795
138102283659 4716766787
138202281374 4717111403
138302284641 4717422566
138402240091 4718087855
138502444264 4720872103
138602447860 4721232144
138702220563 4721653187
138802373692 4723186095
138902247197 4724024442
139002247300 4727073876
139102518170 4727938685
139202380395 4728735307
139302372427 4729981575
139402435353 4730526564
139502420255 4731065908
139602141670 4733971920
139702443683 4737864992
139802563292 4738237304
139902411779 4738522094
140002338653 4739185934
140102463300 4740467917
140202490462 4740750873
140302468778 4741042081
140402334190 4743890396
140502521320 4747245943
140602547089 4747866179
140702196815 4749320591
140802222363 4752555570
140902294262 4754514447
141002305945 4755225256
141102371202 4755962288
141202168725 4760071696
141302276243 4762917765
141402172677 4766371556
141502181648 4769946760
141602150776 4772130305
141702296426 4776228215
141802211913 4779246300
141902303423 4781141755
142002358784 4781499620
142102227966 4783670929
142202379420 4787086921
142302349943 4787587475
142402196511 4789630641
142502267546 4791448556
142602261836 4795134546
142702204007 4798634744
142802220031 4801604742
142902214636 4805847355
143002218560 4810824230
143102243489 4820339311
143202215898 4829590638
143302297225 4839276752
143402209054 4848923609
143502195584 4858842102
143602215109 4868528436
143702198198 4878218178
143802216284 4887699099
143902259511 4896712926
144002228073 4906108515
144102226965 4916137274
144202225438 4925866769
144302230523 4933994448
144402227834 4943796229
144502231541 4952434729
144602302428 4961701559
144702244723 4969896993
144802284023 4978668103
144902306188 4987414401
145002264887 4996625714
145102224407 5005618171
145202229750 5014242238
145302225225 5023803568
145402276609 5033635887
145502287668 5042775095
145602250378 5051463830
145702252324 5061222830
145802268956 5070694349
145902226439 5080011796
146002245278 5089143658
146102251244 5097945517
146202244565 5106198819
146302209811 5114139852
146402251879 5121079019
146502439052 5127219309
146602324756 5133652754
146702509042 5139933438
146802305586 5146514044
146902380878 5154115812
147002285865 5161392871
147102301497 5168253849
147202280901 5175581652
147302271829 5182774279
147402273609 5190647023
147502271846 5198008660
147602278104 5205777103
147702276378 5214161796
147802254908 5222625746
147902268229 5230713559
148002303655 5239067569
148102294594 5247312855
148202269274 5255062965
148302307901 5263872183
148402298606 5272074747
148502279159 5280869458
148602308148 5289567587
148702290821 5297564073
148802284365 5306011821
148902401884 5315184658
149002309348 5323190229
149102296169 5331128373
149202303351 5340088087
149302347135 5349607599
149402286811 5358323069
149502298578 5367373337
149602286041 5376144878
149702345298 5384723952
149802299047 5393587385
149902291012 5403080110
150002315778 5412499989
150102382167 5421991946
150202373216 5431563127
150302332713 5440774451
150402310719 5450420875
150502313565 5459954956
150602325733 5469052851
150702308279 5478560650
150802338228 5488308089
150902378390 5498132942
151002386773 5507920010
151102326779 5517922418
151202335335 5527988066
151302314024 5537555713
151402340339 5547460047
151502340238 5557358170
151602343572 5567248416
151702329324 5577105179
151802372298 5586612513
151902323175 5595980783
152002340283 5605695239
152102329658 5614869511
152202367394 5624161610
152302337204 5633814325
152402333984 5643059849
152502353721 5652638991
152602440136 5661889469
152702354453 5671795585
152802447230 5681174850
152902357056 5690753531
153002345158 5699305144
153102369256 5708656049
153202343763 5718265903
153302366630 5727886702
153402365006 5737526563
153502410595 5747251351
153602365186 5756798634
153702363575 5765578787
153802372179 5775074427
153902374328 5784394617
154002416028 5792745708
154102375609 5801843574
154202366541 5811173603
154302463026 5820029247
154402482774 5829440181
154502394799 5838635594
154602394858 5847592037
154702376109 5856907827
154802387744 5866689623
154902370177 5876103196
155002387354 5885322339
155102396838 5894234927
155202392668 5903883688
155302395449 5913295539
155402380163 5923035583
155502466445 5932309804
155602399713 5941975887
155702460945 5951492339
155802394328 5960950270
155902428530 5968241418
156002429796 5969936494
156102855883 5973593816
156202575201 5973985012
156302480920 5975501569
156402589990 5977897071
156502623956 5978147364
156602577167 5978411263
156702609068 5978654007
156802716749 5982141411
156902689972 5984470149
157002406026 5987381444
157102679454 5990281384
157202599683 5992661517
157302608586 5994482081
157402441392 5996172891
157502597874 5999597041
157602724991 6000664316
157702654687 6001474549
157802803737 6003799787
157902890013 6004363264
158002899037 6004735242
158102947143 6005047659
158202877404 6005368370
158302921335 6005684562
158402921404 6005996954
158502934926 6006319762
158602784219 6006784125
158702449950 6008635358
158802585171 6011608579
158902788029 6015173283
159002664323 6018076919
159102635102 6018397348
159202483632 6019581828
159302455440 6021722310
159402433754 6023029855
159502538868 6026198010
159602845989 6029927489
159702721430 6032883322
159802575748 6036243324
159902431320 6038359115
160002587629 6041600790
160102532479 6044345416
160202488270 6046175896
160302465580 6049869483
160402491746 6055540030
160502557376 6057377952
160602592991 6059782380
160702753420 6061981037
160802431257 6062686748
160902646398 6066585919
161002644935 6067441538
161102670778 6068218578
161202960403 6070764680
161302864298 6071398043
161402901468 6071855128
161502960209 6072136775
161602979407 6072403139
161702866447 6072660985
161802982202 6072926076
161902973246 6073183134
162002683863 6074166951
162102527619 6077175176
162202521688 6079513426
162302554225 6082242215
162402667122 6083729095
162502831136 6084063935
162602825474 6086429875
162702823100 6088822390
162802829741 6092536967
162902527744 6096156859
163002587313 6098768394
163102680798 6102406400
163202477637 6105543651
163302632202 6108225148
163402652865 6108542652
163502624492 6108856566
163602885232 6109787323
163703037158 6110071195
163803021254 6110515527
163902821284 6111041768
164002760522 6112577795
164102853352 6115476885
164202803580 6116752371
164302855960 6120843512
164402846769 6121073752
164502783299 6121322839
164602824243 6123868878
164702806725 6124398589
164802857039 6124923218
164902883768 6125542014
165002901299 6126135698
165102606428 6128129496
165202623556 6130629009
165302580951 6133975758
165402845708 6136858322
165502913634 6136953947
165602926794 6137050457
165702948351 6137145489
165802943463 6137248665
165902912611 6137339328
166002901774 6137439051
166102547595 6139114469
166202734627 6142595603
166302784238 6145770142
166402620748 6148552106
166502641630 6151483922
166602866268 6154449058
166702615872 6157902002
166802638683 6160799927
166902538309 6166975599
167002551597 6169070646
167102612417 6173109621
167202566052 6175969351
167302586720 6179250077
167402654480 6182601064
167502962472 6183494288
167602828683 6185097578
167702714290 6188866308
167802915932 6189142146
167902898206 6189283264
168002882886 6189425508
168102865997 6189565546
168202864049 6191185414
168302593229 6194498555
168402668208 6197451921
168502699097 6199446600
168602713839 6200126603
168702601470 6201561877
168802823549 6204907944
168902661126 6208114884
169002541460 6211697503
169102808812 6215209660
169202820698 6216064077
169302739637 6217175482
169402850593 6218702388
169502676211 6222948446
169602606545 6225681909
169702832983 6229147097
169802920740 6229711014
169902951378 6229798064
170002867477 6229898117
170102980677 6229986190
170202870137 6230106852
170302883076 6230233882
170402945350 6230368840
170502930115 6230563836
170603117454 6230662074
170703108412 6234173999
170802690770 6236765255
170902624220 6240250855
171002654919 6242957061
171102801329 6246534350
171202665694 6249657871
171302659681 6252596356
171402659842 6255177392
171502631067 6258205764
171602661274 6261105173
171702938137 6263647773
171802901289 6263946942
171903123604 6264312304
172002927661 6264641291
172102884007 6264938734
172202764252 6266134575
172302747654 6267030468
172402691260 6270216634
172502815602 6274270010
172602805063 6274660203
172702804328 6275051321
172802788340 6275412559
172902880330 6276296661
173002962976 6278492973
173102945523 6278852098
173202885781 6280189027
173302874046 6280752560
173402709208 6283507223
173503049392 6284451211
173602724204 6285769588
173702898169 6286338680
173802899559 6286873866
173902817747 6288734418
174002827802 6292723180
174102998085 6293313995
174202950616 6293569027
174302823021 6294914080
174402970759 6295411962
174503181562 6295669557
174602694839 6297475135
174703001473 6300932315
174803032300 6301542325
174902685083 6303217386
175002833536 6306420104
175102810189 6307422412
175202758797 6308146783
175302683290 6311521392
175402737615 6314325255
175502719867 6317610955
175602774162 6321107059
175702789546 6324180492
175802735629 6326780420
175902820090 6329589152
176002836160 6329942554
176102737299 6332149114
176202919030 6334796207
176302723747 6335697485
176402755882 6338083179
176502728835 6340910631
176602710773 6344476566
176702745986 6347328992
176802701229 6351941712
176902707020 6358709835
177002767214 6367529281
177102717548 6376118616
177202811359 6384081523
177302746684 6391959351
177402737522 6399839377
177502777078 6409161434
177602730170 6417595207
177703086287 6426456754
177802748496 6434471165
177902727232 6442288094
178002731118 6451189182
178102794309 6459577177
178202751192 6468846917
178302740451 6476687239
178402739184 6485097188
178502766895 6493622089
178602761701 6501844076
178702758153 6510053793
178802746186 6518554815
178902750312 6526971940
179002756151 6536030216
179102783697 6545385765
179202807770 6553906652
179302842385 6562693670
179402966973 6570851421
179502910522 6579084703
179602777688 6586326525
179702751621 6594010107
179802824584 6599758391
179902758501 6605844796
180002823784 6611904299
180102802026 6618057896
180202766896 6625139910
180302821244 6632102208
180402771502 6639504158
180502899223 6646976112
180602762800 6654016133
180702873859 6662075084
180802783120 6670433981
180902800841 6678335562
181002771442 6686254336
181102780679 6695250817
181202789844 6703740066
181302809151 6711992194
181402803212 6719716889
181502801510 6727908756
181602875969 6735767512
181702772926 6743614429
181802793289 6751782251
181902765252 6759404250
182002794861 6767428414
182102792085 6775475774
182202791322 6783525759
182302779833 6790874443
182402805253 6798913082
182502869432 6807141881
182602801147 6816157177
182702810379 6825289920
182802887266 6834402036
182902827831 6843201203
183002844307 6852662107
183102875360 6862114640
183202825996 6871241157
183302831871 6880059964
183402810559 6889125572
183502814234 6898686193
183602815268 6908272266
183702805990 6917773693
183802867865 6927150583
183902824803 6936693864
184002804270 6945932265
184102808405 6955223548
184202813567 6964493843
184302875460 6973014980
184402859020 6982085686
184502828518 6991104984
184602984263 7000326099
184702826842 7008931685
184802904978 7018068947
184902938151 7026301133
185002816509 7035528260
185102844150 7043871798
185202877362 7051388307
185302858830 7060442663
185402875832 7069336433
185502850046 7078063335
185602855494 7086251824
185702853643 7094640196
185802866798 7103182808
185902858370 7111364830
186002850807 7119969414
186102851201 7127649693
186202918899 7136180959
186302868009 7144648439
186402852395 7153460010
186502860894 7162248980
186602864327 7170892976
186702867552 7179485061
186802864214 7183107007
186903109604 7186951924
187003049797 7187346791
187103059288 7188787130
187203035649 7190753869
187303087298 7191002449
187403039602 7191262748
187502857887 7194461737
187602934288 7196629309
187703324438 7199777016
187803216903 7203062487
187903156989 7205181852
188003044116 7207803685
188102918848 7209354692
188203061079 7211306759
188302912870 7215014558
188403184191 7217021253
188503108411 7217688749
188603145568 7218384383
188702905686 7221015644
188803283206 7222017050
188903293015 7222774958
189003320940 7223477897
189103331034 7224155680
189203291478 7224834889
189303345612 7225513476
189403352887 7226189231
189503346561 7226872319
189603313353 7227544977
189703357075 7228217417
189803338702 7228888604
189903101896 7230046611
190002941511 7232435204
190103175806 7235778994
190203123257 7240291757
190303094886 7240611380
190403247641 7240929772
190502988016 7242498813
190602933936 7245429195
190702977388 7247313738
190802989025 7247724735
190903236195 7250097818
191003008324 7255043673
191102947570 7258429005
191202881314 7261074368
191303011101 7264151422
191402988573 7266526173
191503058605 7270360851
191603190714 7272169279
191702966639 7275111293
191802981582 7276880165
191903030252 7282015636
192002910623 7287618268
192103006587 7289614336
192203012060 7291398732
192302982800 7294728809
192403204996 7295575840
192502999535 7297764299
192603145142 7301213151
192703252172 7302092408
192803139692 7302800147
192903204515 7303533320
193003285848 7306642953
193103343530 7307522712
193203340557 7308222932
193303357855 7308878003
193403366500 7309521868
193503409353 7310154480
193603364031 7310793332
193703386009 7311426784
193803376052 7312055785
193903094487 7313267946
194002984066 7316398926
194103001978 7319046366
194203197393 7322411795
194303187441 7322756648
194403149326 7323106261
194503263020 7325874119
194602958738 7327922313
194703314365 7330960488
194802953675 7334798278
194903037375 7338475944
195003213771 7340466647
195103117870 7345390745
195203363175 7347941300
195303235474 7351843063
195403157684 7352861199
195503160120 7353176945
195603087608 7353517476
195703321789 7354688630
195803426009 7355175265
195903311178 7355882112
196003373107 7357586742
196103130770 7360606459
196203135363 7364955007
196303193366 7369112642
196403323135 7370984398
196503053051 7373474386
196603325739 7377006036
196703326031 7377238887
196803314968 7377478458
196903105127 7379587149
197003330149 7380812804
197103319304 7381338050
197203350399 7381877014
197303398003 7382536491
197403399689 7383128669
197503068897 7385232070
197603179623 7387794055
197703072599 7391353099
197803299214 7393967899
197903396140 7395376673
198003349873 7395469317
198103374874 7395564267
198203686011 7395656876
198303430894 7395757687
198403357439 7395854153
198503358284 7395938932
198603151236 7396036729
198703092557 7398377535
198803068782 7401968550
198903152998 7405107136
199003199733 7407623175
199103107075 7410821640
199203200334 7412725305
199303062555 7417019790
199403167602 7419722794
199503072642 7422676203
199603237525 7428537765
199703078223 7432072613
199803048940 7434690588
199903090039 7438239462
200003037480 7441104725
200103076496 7444476584
200203038469 7446991333
200303420628 7449344229
200403465784 7449939716
200503261905 7454491311
200603361159 7456195048
200703360636 7456336481
200803424123 7456478752
200903448153 7456623006
201003406938 7456762512
201103292662 7457267634
201203106031 7460310807
201303109122 7463743476
201403129806 7466526849
201503198762 7468374729
201603195665 7469049274
201703193640 7469741295
201803176609 7473464447
201903100400 7476049820
202003157442 7479126590
202103134017 7484078752
202203275322 7486813188
202303343658 7487660408
202403209268 7488694478
202503312463 7490125568
202603095375 7494440661
202703120039 7496783633
202803137177 7499817577
202903401198 7503140204
203003438978 7503763581
203103203149 7503855642
203203466110 7503932142
203303405226 7504056786
203403455605 7504132384
203503475562 7504266249
203603494962 7504392991
203703432365 7504479636
203803428902 7504539194
203903441919 7504621577
204003173095 7506359714
204103338189 7510486180
204203157855 7513436246
204303190411 7516721398
204403247965 7519310982
204503253306 7523084439
204603113132 7526239099
204703132045 7529206785
204803163442 7531806697
204903125851 7535085428
205003132858 7537928911
205103173612 7540808434
205203336274 7543578447
205303326175 7543872872
205403374145 7544171708
205503379769 7544571830
205603420946 7544867894
205703457090 7545167687
205803201432 7546547722
205903238406 7547437161
206003265016 7550301168
206103368855 7556181542
206203306408 7557022044
206303303654 7557350584
206403304348 7557702027
206503295246 7558018489
206603288429 7558336361
206703412766 7559307027
206803430896 7561801406
206903438926 7562165402
207003411755 7563680246
207103382468 7564236644
207203560790 7565934932
207303539430 7568393164
207403457477 7568999094
207503397445 7570444379
207603436288 7570998767
207703379089 7571532369
207803215945 7573130539
207903188858 7576867453
208003476850 7578856860
208103486668 7579133218
208203531509 7579421694
208303481436 7581013448
208403518791 7581388338
208503430326 7581678035
208603399059 7583309338
208703283302 7585413444
208803490815 7588286735
208903540652 7588892642
209003217815 7591432628
209103397244 7594545125
209203315301 7595585431
209303327481 7596301236
209403330343 7598798641
209503196951 7602021449
209603173459 7605211745
209703186497 7608339009
209803250146 7611984807
209903261075 7615141007
210003257370 7618083387
210103263295 7621627102
210203428640 7622094404
210303311163 7623153374
210403244926 7626673475
210503402529 7628103985
210603402601 7629010651
210703273199 7631742294
210803214121 7634216727
210903242123 7637370599
211003208612 7640890951
211103231821 7643459759
211203222802 7648599952
211303225646 7655784198
211403253939 7665279766
211503239583 7674514206
211603252665 7683892975
211703244639 7693950633
211803242767 7703502137
211903337645 7713287552
212003244012 7722727537
212103279329 7731859863
212203261498 7740935484
212303247037 7750925131
212403243842 7760705171
212503234664 7769870355
212603210499 7778137077
212703262391 7787722697
212803256031 7797057713
212903297868 7805793182
213003277986 7814772928
213103265658 7823559671
213203260973 7832572711
213303353244 7842617410
213403243187 7851204879
213503250632 7860418782
213603271127 7870594080
213703264648 7880076446
213803278707 7889621500
213903273267 7898316850
214003277394 7908451485
214103268762 7917771991
214203276842 7927722573
214303297979 7936550974
214403362905 7945710723
214503432074 7954007702
214603281192 7961772214
214703341349 7968596407
214803465928 7975134038
214903335614 7981530721
215003314509 7988308577
215103276931 7995315547
215203306035 8003333471
215303357456 8011026088
215403301193 8018291719
215503311641 8025906478
215603302951 8033257655
215703295615 8041369506
215803294034 8048607102
215903300049 8056395586
216003424637 8064632529
216103302830 8073524353
216203378084 8081569907
216303293057 8089813269
216403371917 8098335516
216503433636 8106209968
216603297888 8114935252
216703286832 8123347556
216803312328 8132348390
216903331227 8141264541
217003335722 8149456388
217103346272 8157924293
217203367194 8167208839
217303340932 8175400432
217403315599 8183387292
217503322166 8192396257
217603332023 8202053188
217703322353 8210910076
217803346497 8220142483
217903319796 8229003476
218003401279 8237743402
218103337493 8246672145
218203333229 8256159072
218303362982 8265546106
218403395803 8275448804
218503333738 8284803906
218603336190 8294075309
218703362461 8303730639
218803347002 8313416999
218903447223 8322675903
219003347983 8332153447
219103350193 8341923501
219203339072 8351765756
219303352780 8361601056
219403344547 8371598544
219503347684 8381650131
219603360445 8391242761
219703346275 8401196921
219803367693 8411149126
219903395944 8420984755
220003361309 8430878050
220103369003 8440385831
220203390881 8449776169
220303417182 8459572664
220403362096 8468706394
220503364352 8478004819
220603420531 8487710823
220703413748 8497089009
220803375440 8506541515
220903369500 8515820886
221003378864 8525762008
221103368001 8535172975
221203381849 8544769683
221303370630 8553473341
221403370921 8562757933
221503383856 8572373660
221603385831 8582003788
221703392507 8591665251
221803376290 8601410380
221903411179 8610980445
222003403185 8619776083
222103450088 8629310082
222203393138 8638632361
222303498004 8647097957
222403384893 8656249457
222503408500 8665777877
222603438922 8674788011
222703456926 8684366898
222803396386 8693635127
222903401447 8702731863
223003430246 8712172762
223103409622 8722018867
223203421397 8731496887
223303420028 8740955782
223403402065 8750001319
223503399391 8759724921
223603508131 8769239312
223703411998 8779224439
223803510436 8788764492
223903422544 8798395846
224003417663 8808163315
224103452724 8814348114
224203352475 8816308286
224303686753 8819658317
224403599111 8820041750
224503514343 8821621107
224603594623 8823933225
224703587684 8824172812
224803839688 8824437069
224903648758 8824844229
225003538426 8828435707
225103771841 8831088906
225203714221 8833963969
225303899649 8836412813
225403574209 8838697388
225503482767 8840728756
225603506181 8842742536
225703612474 8845820121
225803730426 8846768998
225903440940 8847729179
226003852382 8849901626
226103943630 8850423711
226203904278 8850768215
226303972845 8851064617
226403953744 8851377075
226503964537 8851665186
226603993238 8851962484
226703991807 8852253845
226803657584 8852824343
226903483251 8854894298
227003559658 8857917765
227103751667 8861595169
227203618481 8863976746
227303685672 8864302131
227403536880 8865527915
227503564204 8867798536
227603483210 8869091441
227703555498 8872798591
227803632400 8876123893
227903773486 8878871877
228003605004 8882206545
228103549302 8884530673
228203621913 8887492789
228303644964 8890653898
228403513893 8892201168
228503471629 8896734526
228603471044 8901910271
228703546292 8903293714
228803778919 8906135705
228903781734 8907838118
229003579361 8909387882
229103612597 8912622642
229203790762 8913353422
229303478062 8914324721
229403871654 8916683868
229503827354 8917315745
229603984310 8917712942
229703799563 8917969148
229803993371 8918216625
229903966073 8918459677
230004292296 8918704024
230104031728 8918937340
230203571067 8920031908
230303541304 8923161792
230403612685 8925618499
230503730834 8928431199
230603696992 8929594516
230703701710 8929926471
230803490656 8932570456
230903666173 8934813442
231003467235 8938657152
231103545873 8942160050
231203563364 8945087040
231303639776 8948373363
231403514714 8951848114
231503695096 8954260769
231603807377 8954579202
231703660470 8954890976
231803945745 8955823928
231904194681 8956132654
232003825607 8956451338
232103685679 8957636452
232203767628 8959557029
232303579592 8962397283
232403724816 8963700411
232503861948 8967688753
232603864483 8967921663
232703865056 8968170007
232803896359 8970734755
232903871484 8971264013
233003750668 8971787009
233103917657 8972418292
233203916441 8973006537
233303773792 8975153121
233403671779 8977616574
233503637022 8980922319
233603904164 8983703430
233703926274 8983801087
233803910257 8983895547
233903920104 8983990353
234003936132 8984094873
234103935663 8984184329
234203897183 8984284871
234303883424 8986236400
234403542921 8989739220
234503814915 8992793577
234603576072 8995976443
234703694002 8998473067
234803613984 9001641002
234903651859 9004952385
235003569446 9007996497
235103604033 9014277556
235203542824 9016371910
235303620843 9020144576
235403590597 9023020165
235503591326 9026301595
235603645658 9029748942
235703972908 9030445729
235803653346 9032148923
235903753087 9035928119
236003928698 9036065045
236104178837 9036205737
236203883542 9036347120
236303900444 9036487587
236403847170 9038192820
236503601685 9041551366
236603715261 9044546939
236703715013 9046398083
236803793071 9047082459
236903832174 9048612296
237003771306 9051941240
237103751567 9055110421
237203575476 9059177027
237303813797 9062164429
237403856964 9063069886
237503752656 9064179956
237603584575 9066274447
237703701525 9070013308
237803659218 9072673293
237903884864 9076123317
238003900573 9076656308
238103948525 9076741387
238203924155 9076846876
238303947480 9076931358
238403966105 9077054424
238503941370 9077184177
238603953116 9077320634
238703959562 9077521080
238803972358 9077624037
238903601898 9081370162
239003653985 9083880499
239103672611 9087410723
239203718167 9090070075
239303711588 9093580716
239403666144 9096752559
239503682104 9099719149
239603616382 9102558461
239703626160 9105449901
239803670937 9108303297
239903955872 9110687047
240003969169 9110986064
240104091453 9111343972
240203923833 9111664849
240303942215 9111962346
240403736837 9113190581
240503729953 9114081613
240603969684 9117390691
240703811675 9121472126
240803832718 9121856007
240903807215 9122243429
241003795332 9122603772
241103862161 9123470153
241203941129 9125686305
241303932918 9126053343
241403888402 9127423944
241503927649 9127990333
241603758415 9130818938
241704049439 9131697501
241803873923 9133043128
241904108445 9133599585
242003942470 9134132506
242104218149 9136069445
242204111378 9140114621
242304015047 9140558664
242404014443 9140812351
242503966219 9142217029
242604203400 9142658986
242703973524 9142914280
242803734272 9144759914
242904073823 9148208613
243004082440 9148811916
243103979815 9150692193
243203867496 9153750405
243303845387 9154698240
243403870354 9155421474
243503716437 9158877553
243603802289 9161658266
243703740320 9164933630
243803795675 9168405129
243903721583 9171562108
244003731373 9174105777
244103890725 9176819129
244203791658 9177191422
244303737099 9179660839
244403939768 9182048616
244503746452 9183007442
244603769449 9185357666
244703829361 9188308756
244803707341 9191859132
244903783436 9194655779
245003720698 9199338260
245103740534 9206432205
245203737851 9215826366
245303738353 9224515222
245403785601 9232223419
245503736345 9240735165
245603748507 9250002763
245703747150 9259205956
245803740842 9268485562
245903768031 9276586072
246003802133 9284773091
246103752369 9293971341
246203758940 9302594433
246303743048 9312310271
246403767343 9320402593
246503761146 9329063385
246603762084 9337699097
246703766661 9346306931
246803835229 9354551687
246903766197 9363342765
247003763923 9372079409
247103771965 9381506612
247203795814 9391175152
247303767526 9399915878
247403768775 9409054361
247503901028 9417338963
247603803851 9425737096
247703774602 9433038347
247803853613 9440858309
247903772824 9446422354
248003885092 9452415358
248103821309 9458436060
248203903513 9464499510
248303954354 9471817400
248403828097 9478716235
248503904288 9486383305
248603785331 9493972571
248703852264 9500992777
248803866241 9509329940
248903787515 9517945891
249003918774 9525741817
249103808190 9534048175
249203869640 9542732937
249303871420 9550611100
249403875719 9558393227
249503812369 9566704220
249603780437 9574209559
249703969955 9582267471
249803860242 9590219957
249903813487 9597882465
250003888338 9606432593
250103810779 9614384851
250203941002 9622200211
250303807268 9629824284
250403815374 9638150809
250503810748 9646557290
250603768829 9655504143
250703902286 9664783952
250803794119 9673983393
250903836415 9682851880
251003833016 9692457683
251103827656 9701848731
251203816008 9711070441
251303834918 9719958219
251403846458 9729073399
251503836942 9738662413
251603892108 9748261943
251703825642 9757833510
251803869085 9767301800
251903842543 9776852673
252003848738 9786186055
252103894916 9795408299
252203919472 9804609051
252303887634 9813347778
252403844780 9822573414
252503845887 9831615686
252603851653 9840745264
252703929489 9849806575
252803853180 9859390683
252903897725 9867843918
253003861723 9877144256
253103847338 9885574171
253203922494 9893776782
253303855601 9903117870
253403836686 9912389003
253503874706 9920956678
253603871850 9929817535
253703857266 9938620654
253803871038 9947366720
253903872375 9955986730
254003889184 9964566320
254103886681 9972523765
254203942938 9981328388
254303864232 9990068550
254403872678 9999137863
254503868911 10007904909
254603876040 10016365234
254703889100 10021266650
254803867241 10024736539
254903975807 10025808979
255003928294 10027182227
255104005633 10029243769
255203986736 10029488913
255303997006 10029746234
255378021147 10031225221
