#PERF_COUNT_HW_INSTRUCTIONS #PERF_COUNT_HW_CACHE_LL_ACCESS_R #PERF_COUNT_HW_CACHE_LL_MISS_R 
100016648 11937 8872 
200014632 28949 20407 
300010764 40043 25927 
400013439 48972 30045 
500009947 60377 36382 
600028109 71834 42534 
700017715 87500 50641 
800017235 100070 57576 
900010939 113600 67817 
1000010521 124467 76082 
1100007193 139494 86321 
1200009111 152979 92603 
1300013338 160157 96061 
1400014156 166722 99422 
1500013022 173422 100976 
1600014779 182984 105731 
1700016631 191567 109175 
1800015248 201850 114987 
1900012172 213534 121484 
2000012993 227481 129390 
2100011265 240307 136800 
2200012507 250322 141026 
2300009741 262082 146948 
2400010513 275982 157141 
2500013222 288492 165804 
2600010510 298875 172616 
2700012026 311051 181220 
2800021040 325518 190854 
2900011625 333937 195927 
3000028803 341877 201056 
3100011054 351620 207313 
3200011277 363112 213609 
3300010554 371142 217649 
3400012553 382876 224883 
3500013590 391158 228474 
3600011485 401464 232566 
3700027231 409378 236703 
3800018858 417982 241947 
3900013162 430132 249625 
4000015830 443304 255337 
4100011152 457271 263364 
4200202601 463058 266973 
4300025585 478423 275998 
4400014131 483281 278872 
4500017067 491441 283310 
4600029531 496752 286442 
4700011158 507493 291841 
4800011667 514711 295782 
4900019047 523674 299741 
5000024134 531572 303805 
5100009017 535503 305574 
5200010525 542551 309184 
5300020752 548695 312311 
5400022908 554473 315228 
5500008039 557761 316595 
5600007921 563932 319675 
5700007265 569659 322410 
5800013552 573588 324233 
5900041448 578563 326726 
6000020095 584007 329372 
6100028598 587513 330812 
6200018040 590936 332197 
6300010390 596011 334874 
6400012021 599569 336394 
6500025546 602073 337478 
6600026631 607944 340257 
6700015498 612115 342462 
6800012613 615689 343848 
6900023621 621535 346579 
7000033061 624584 347887 
7100027485 630062 350572 
7200018194 635223 353094 
7300009064 639956 355354 
7400015052 645494 358053 
7500009737 649801 360029 
7600027083 654550 362163 
7700025703 659230 364410 
7800010007 664273 366763 
7900009562 668807 368779 
8000029002 673532 370938 
8100009706 676708 372270 
8200009574 680670 373940 
8300017827 685518 376246 
8400026227 689303 377809 
8500025379 692497 379148 
8600018419 712361 396728 
8700014358 737672 416465 
8800011923 758953 433686 
8900014675 781453 451125 
9000012149 815557 474093 
9100013122 836480 484187 
9200010631 861978 502668 
9300010652 886966 524202 
9400010061 908264 541943 
9500014511 925972 556460 
9600017870 942516 569799 
9700014789 958977 582753 
9800012152 978720 598116 
9900011818 1010008 620218 
10000016807 1041060 642951 
10100011267 1060486 657511 
10200011391 1077619 670397 
10300011925 1088990 679067 
10400016599 1105197 691411 
10500011029 1124487 706132 
10600013613 1136409 713322 
10700015542 1146774 720994 
10800011826 1156608 728396 
10900023017 1172767 740193 
11000007558 1182059 746482 
11100015211 1189598 752036 
11200012717 1200661 760325 
11300016013 1220131 774676 
11400009914 1236344 785665 
11500019049 1243558 790915 
11600010180 1253262 798155 
11700015579 1264999 806168 
11800013817 1273578 812412 
11900012556 1281692 818094 
12000014390 1296087 828405 
12100021556 1306427 835738 
12200016341 1314791 841741 
12300008775 1326509 850399 
12400013822 1331116 853464 
12500011120 1344450 863619 
12600011497 1362783 874393 
12700015426 1372264 880637 
12800023007 1378761 885282 
12900011598 1389755 892485 
13000018650 1403500 901784 
13100018699 1407982 904820 
13200008657 1417222 910241 
13300015021 1427403 916005 
13400007945 1432934 919588 
13500021635 1440454 923844 
13600016356 1443698 925764 
13700009259 1451561 931249 
13800024975 1457968 934777 
13900015859 1462125 937171 
14000010283 1467370 940390 
14100020470 1470999 942337 
14200014175 1476666 945658 
14300014902 1480494 947743 
14400009526 1486160 950667 
14500028929 1489715 952405 
14600013472 1493206 954042 
14700024864 1498721 957176 
14800006480 1501972 958675 
14900028239 1505868 960397 
15000011498 1511330 963319 
15100010249 1514383 964640 
15200009260 1519982 967354 
15300019199 1523486 968869 
15400015126 1527043 970395 
15500005706 1532106 972936 
15600018722 1537314 975436 
15700012178 1540712 976920 
15800018353 1543964 978347 
15900025091 1547259 979759 
16000010641 1550645 981299 
16100006423 1553942 982727 
16200009260 1562136 989006 
16300012996 1583890 1007037 
16400011109 1605901 1022361 
16500015019 1619848 1032882 
16600007572 1635282 1045048 
16700010310 1649035 1055529 
16800015396 1669181 1070605 
16900014007 1690635 1083802 
17000011030 1700387 1091073 
17100012656 1712077 1100248 
17200010000 1727809 1111656 
17300013228 1739542 1119627 
17400005278 1751774 1128368 
17500009153 1762746 1135878 
17600012907 1775199 1144752 
17700026923 1787896 1152557 
17800014693 1798434 1159992 
17900014103 1807538 1165731 
18000024015 1820941 1174956 
18100021286 1833339 1182236 
18200007259 1846881 1191931 
18300009133 1869133 1204951 
18400014011 1876093 1209897 
18500011986 1886388 1215823 
18600014646 1892341 1219497 
18700024697 1901082 1224420 
18800039272 1908980 1229238 
18900025311 1913617 1231597 
19000023852 1919036 1234175 
19100013167 1924092 1236607 
19200016956 1927638 1238084 
19300010956 1931345 1239547 
19400023018 1935374 1241220 
19500022077 1938960 1242642 
19600007234 1942880 1244246 
19700012025 1947240 1246439 
19800028186 1951628 1248447 
19900011537 1955029 1249894 
20000030576 1958994 1251653 
20100013097 1962847 1253334 
20200056833 1966211 1254785 
20300010163 1984173 1269691 
20400009265 2007781 1288651 
20500008632 2029842 1304855 
20600020327 2056649 1320441 
20700012234 2077988 1330915 
20800011153 2103136 1343927 
20900012729 2128424 1357549 
21000012098 2148164 1366185 
21100010251 2170943 1377528 
21200017118 2191913 1387594 
21300012856 2213891 1397850 
21400010355 2240537 1412037 
21500015193 2270994 1430377 
21600010487 2291701 1446848 
21700014274 2322541 1470651 
21800010972 2347855 1483216 
21900014875 2365986 1491673 
22000011990 2387848 1508345 
22100010513 2396214 1515862 
22200017637 2412544 1529835 
22300011855 2432372 1546254 
22400016740 2449296 1558920 
22500012624 2473009 1577402 
22600013572 2499747 1591380 
22700019018 2516948 1597431 
22800011841 2535119 1604194 
22900011795 2557862 1615299 
23000011074 2575592 1623243 
23100011387 2595491 1632545 
23200013640 2616624 1642412 
23300010459 2625867 1644735 
23400016624 2635604 1647363 
23500013653 2647095 1650556 
23600012792 2655425 1652608 
23700008755 2668769 1657645 
23800012941 2681800 1664150 
23900012061 2700115 1672901 
24000009873 2720264 1682695 
24100010997 2745674 1700434 
24200009049 2760610 1712072 
24300011526 2767824 1717523 
24400011606 2777931 1725459 
24500014502 2791645 1735983 
24600009609 2811521 1750857 
24700013299 2833110 1763188 
24800011420 2857150 1776388 
24900012708 2877682 1785621 
25000014529 2894144 1797984 
25100009883 2910926 1809987 
25200012905 2917604 1815628 
25300009631 2929966 1825218 
25400005501 2944682 1836427 
25500009925 2965669 1852255 
25600010641 2989423 1867060 
25700012639 3009696 1878914 
25800013652 3025447 1890322 
25900012186 3032114 1895932 
26000022199 3044687 1905588 
26100010424 3058839 1916181 
26200016125 3075496 1928015 
26300011778 3102898 1943125 
26400011858 3125423 1959440 
26500011641 3141019 1971378 
26600014211 3161043 1983842 
26700011368 3180625 1994864 
26800010378 3188487 2001536 
26900011669 3201828 2011921 
27000012869 3216188 2023212 
27100017060 3233207 2035907 
27200013027 3259787 2053469 
27300009626 3282772 2065160 
27400012755 3303559 2077290 
27500011488 3319071 2088466 
27600028074 3335782 2101269 
27700020947 3348874 2111256 
27800012858 3367487 2125040 
27900022511 3389949 2138631 
28000013760 3403608 2148167 
28100011640 3416202 2157917 
28200021933 3428308 2166900 
28300013102 3445477 2179538 
28400009499 3467086 2192077 
28500030728 3488974 2202251 
28600009507 3508087 2215202 
28700011892 3518534 2222615 
28800010025 3528939 2230365 
28900016210 3540994 2239165 
29000012893 3559511 2250411 
29100012139 3574762 2258984 
29200011726 3586444 2267068 
29300011630 3595423 2273416 
29400012809 3614230 2285583 
29500009489 3632360 2293822 
29600010125 3645980 2300928 
29700010703 3653941 2306585 
29800012854 3663321 2313376 
29900029112 3681504 2325968 
30000016333 3692080 2331054 
30100011713 3700716 2337547 
30200013967 3711505 2344662 
30300009568 3722192 2349448 
30400010195 3727811 2353387 
30500005700 3740342 2361746 
30600009494 3746116 2365038 
30700020171 3753893 2370285 
30800009072 3770820 2381168 
30900007918 3785551 2389095 
31000028604 3791490 2393255 
31100013241 3804635 2401660 
31200009359 3811872 2405592 
31300010876 3818101 2409827 
31400019164 3826272 2414521 
31500011460 3830859 2417565 
31600009828 3842176 2425068 
31700008037 3850563 2430978 
31800010919 3858254 2436235 
31900010361 3872658 2444238 
32000016745 3876358 2446444 
32100011455 3883066 2450588 
32200035006 3886755 2452626 
32300026681 3898266 2458694 
32400015199 3902029 2460958 
32500010388 3911413 2466572 
32600020792 3918600 2471774 
32700010329 3925958 2475851 
32800007904 3931329 2479396 
32900013485 3944230 2486689 
33000010414 3947947 2488931 
33100007086 3959003 2494970 
33200010344 3962903 2497096 
33300031093 3975676 2504807 
33400012124 3979317 2506743 
33500012487 3989524 2512378 
33600016660 3994699 2515759 
33700013625 4001407 2519611 
33800009023 4008744 2524471 
33900009191 4013527 2527292 
34000016123 4020140 2530884 
34100025226 4024538 2533690 
34200023023 4032902 2538356 
34300018679 4036055 2540000 
34400010097 4038945 2541348 
34500016849 4042607 2542834 
34600017676 4048432 2546348 
34700012118 4051965 2548036 
34800030697 4061562 2554115 
34900016247 4065872 2555859 
35000021523 4073317 2560101 
35100018215 4078629 2562734 
35200023288 4081300 2563944 
35300030559 4086454 2566597 
35400022430 4092146 2569836 
35500012087 4095004 2571200 
35600017321 4099924 2573640 
35700018427 4101551 2574435 
35800009064 4104712 2575716 
35900008428 4106797 2576740 
36000020685 4111502 2579160 
36100020783 4114407 2580337 
36200009960 4115969 2581061 
36300010942 4133744 2596221 
36400015911 4149330 2608527 
36500013508 4169148 2625452 
36600016602 4189554 2641994 
36700010937 4220634 2661312 
36800023391 4246127 2673763 
36900012713 4269833 2685470 
37000014175 4290162 2693141 
37100016238 4309726 2699950 
37200015500 4330243 2707079 
37300012101 4358948 2725814 
37400010622 4388414 2745200 
37500010794 4406690 2755075 
37600009979 4431789 2770279 
37700015222 4449579 2780615 
37800016557 4466292 2788514 
37900014242 4489163 2800307 
38000013102 4507160 2809046 
38100011025 4527867 2824030 
38200016314 4543661 2838179 
38300012234 4555300 2847971 
38400017321 4576400 2864455 
38500010880 4591666 2877272 
38600012362 4602336 2886003 
38700013235 4622378 2899307 
38800092488 4642160 2907548 
38900010646 4660430 2914136 
39000012783 4678391 2920495 
39100010754 4699433 2935536 
39200013368 4712995 2946342 
39300014045 4722608 2954090 
39400009582 4737597 2966130 
39500010935 4750900 2976808 
39600020522 4753126 2978719 
39700027589 4753433 2978987 
39800019563 4753794 2979289 
39900019622 4754166 2979604 
40000030088 4754608 2979980 
40100015397 4754882 2980220 
40200009654 4760084 2983939 
40300014341 4791065 3005659 
40400009240 4814085 3016662 
40500006312 4835148 3026459 
40600014016 4860740 3042779 
40700008694 4881029 3054294 
40800014245 4891603 3062726 
40900012325 4892780 3063805 
41000016351 4893077 3064064 
41100015897 4893449 3064403 
41200027890 4893851 3064772 
41300017621 4894247 3065130 
41400020251 4894482 3065342 
41500010024 4902838 3071046 
41600014939 4915020 3080031 
41700019056 4921589 3085408 
41800017649 4922039 3085810 
41900019624 4922361 3086093 
42000011155 4922711 3086393 
42100017131 4923211 3086816 
42200012286 4923405 3086997 
42300018679 4923780 3087321 
42400009744 4937150 3095982 
42500079922 4954639 3105610 
42600013118 4971062 3115278 
42700014940 4988594 3123940 
42800013294 5009242 3134770 
42900011616 5023296 3140952 
43000012065 5039537 3149171 
43100014251 5052119 3159180 
43200016388 5055248 3161882 
43300028472 5055500 3162101 
43400018022 5055858 3162423 
43500013695 5056206 3162732 
43600013241 5056716 3163184 
43700022741 5056862 3163310 
43800012519 5057545 3163797 
43900012186 5066757 3170630 
44000021391 5079600 3180246 
44100011801 5100174 3197776 
44200016108 5115145 3210290 
44300012505 5141915 3228130 
44400010666 5162041 3239523 
44500015451 5172928 3248524 
44600006397 5189516 3260854 
44700008042 5203352 3271618 
44800015920 5215366 3281310 
44900015907 5235592 3295140 
45000012108 5255318 3305189 
45100023361 5264303 3312237 
45200014851 5274211 3319199 
45300016803 5286371 3328632 
45400029207 5292301 3333708 
45500033543 5303819 3343414 
45600013368 5316946 3352034 
45700019942 5321475 3355793 
45800017941 5325983 3358953 
45900023911 5333907 3364359 
46000011851 5343980 3372558 
46100013083 5355056 3379705 
46200018085 5359610 3382907 
46300014086 5366589 3387508 
46400014900 5377378 3396344 
46500017196 5386099 3402000 
46600011938 5394403 3407951 
46700009047 5408776 3415745 
46800015367 5421783 3423717 
46900009277 5435998 3431257 
47000009682 5448275 3437872 
47100008415 5462710 3444897 
47200013732 5474706 3451063 
47300028815 5485544 3458672 
47400021539 5490338 3462545 
47500016764 5502737 3470371 
47600009973 5516381 3476980 
47700012621 5530418 3485031 
47800013103 5536246 3489150 
47900015011 5543621 3493977 
48000016878 5546859 3496694 
48100020491 5547462 3497162 
48200012846 5551061 3499465 
48300011626 5566399 3509407 
48400015686 5576540 3515357 
48500011641 5579216 3517594 
48600013101 5579754 3518039 
48700022041 5584598 3521266 
48800009277 5590525 3525390 
48900016227 5594210 3528654 
49000010524 5597375 3531148 
49100029832 5598007 3531450 
49200012525 5598532 3531810 
49300010866 5602981 3534750 
49400010366 5611822 3540644 
49500010946 5614971 3543390 
49600014612 5617526 3545214 
49700012695 5617881 3545338 
49800012917 5618405 3545743 
49900010676 5621176 3547465 
50000011021 5629154 3553375 
50100013048 5640046 3560820 
50200013808 5649814 3566801 
50300010742 5653966 3569515 
50400010780 5661154 3574426 
50500019354 5672018 3581519 
50600009994 5678937 3586099 
50700013971 5692011 3594461 
50800014597 5696418 3596985 
50900016023 5701433 3600103 
51000018405 5707596 3603286 
51100007376 5712076 3606087 
51200016403 5718385 3609328 
51300011144 5721886 3611468 
51400029816 5728445 3615931 
51500010580 5733929 3618727 
51600016755 5740069 3622471 
51700010215 5743376 3623982 
51800021118 5747291 3625760 
51900009321 5750348 3627132 
52000019408 5753571 3628621 
52100009683 5758282 3631069 
52200016984 5761336 3632226 
52300008335 5764170 3633410 
52400014766 5766833 3634488 
52500015954 5770035 3635809 
52600016916 5773287 3637167 
52700027139 5776411 3638420 
52800027759 5779666 3639787 
52900016097 5782909 3641149 
53000016052 5787584 3643534 
53100016073 5792092 3645822 
53200024365 5795200 3647084 
53300017657 5798947 3648624 
53400024978 5802192 3650013 
53500012831 5805725 3651567 
53600011064 5824015 3667215 
53700017870 5841055 3680906 
53800010735 5857961 3694012 
53900010093 5875197 3707498 
54000022859 5878731 3710461 
54100017551 5878879 3710578 
54200021533 5879137 3710797 
54300020097 5879707 3711290 
54400017289 5879931 3711474 
54500014410 5880235 3711736 
54600019708 5880549 3712009 
54700014943 5895149 3722489 
54800016897 5915553 3734214 
54900018725 5932186 3740841 
55000010360 5944310 3746565 
55100011615 5958437 3753478 
55200012321 5971855 3758019 
55300013692 5986160 3762989 
55400011062 6007517 3773812 
55500014286 6022443 3780293 
55600013806 6034897 3784337 
55700012394 6050308 3789264 
55800015139 6069782 3796725 
55900013038 6089970 3807905 
56000015290 6109965 3818258 
56100010451 6132094 3833776 
56200020530 6146578 3846568 
56300011647 6146921 3846854 
56400015414 6147226 3847132 
56500020853 6147553 3847437 
56600016091 6147698 3847563 
56700012788 6148256 3848081 
56800015711 6148440 3848250 
56900011705 6152188 3851466 
57000013763 6168709 3865884 
57100027151 6189672 3884621 
57200022347 6194311 3888724 
57300026937 6194351 3888751 
57400027234 6194370 3888766 
57500022398 6194411 3888800 
57600014785 6194513 3888883 
57700025834 6194707 3889051 
57800015936 6194788 3889127 
57900025955 6194896 3889223 
58000013678 6195633 3889868 
58100018892 6197569 3891555 
58200010923 6199369 3893118 
58300020869 6201594 3895076 
58400016355 6208114 3900599 
58500014116 6210105 3902348 
58600018753 6212046 3904059 
58700015128 6212490 3904438 
58800022932 6216680 3907712 
58900015434 6231704 3920636 
59000014074 6254670 3940120 
59100013907 6276523 3957885 
59200011850 6299450 3976771 
59300014133 6321761 3994955 
59400014222 6340764 4009907 
59500011337 6363204 4028126 
59600014481 6385628 4046285 
59700015656 6400611 4058145 
59800016569 6413633 4068418 
59900010923 6413780 4068525 
60000017363 6413941 4068659 
60100021316 6414304 4068974 
60200014202 6414727 4069323 
60300015438 6415010 4069566 
60400012160 6415230 4069746 
60500025341 6415519 4069995 
60600025305 6431423 4082237 
60700014007 6449765 4094462 
60800010297 6468911 4105607 
60900016434 6485148 4113624 
61000015968 6496545 4118519 
61100029675 6507417 4123255 
61200014427 6521232 4127964 
61300017122 6541849 4139692 
61400014259 6563854 4152491 
61500013362 6584454 4162288 
61600014498 6605410 4173859 
61700010409 6619551 4186041 
61800022256 6632392 4196385 
61900015131 6642676 4204934 
62000010299 6642774 4205008 
62100024046 6642924 4205131 
62200019955 6643370 4205530 
62300022243 6643674 4205789 
62400015783 6644022 4206089 
62500012216 6644223 4206261 
62600017622 6646186 4207313 
62700010748 6653782 4213523 
62800014818 6655107 4214664 
62900023988 6655129 4214682 
63000036652 6655144 4214694 
63100023603 6655169 4214714 
63200022315 6655342 4214862 
63300017099 6655461 4214967 
63400021520 6655541 4215038 
63500014746 6655700 4215176 
63600015447 6656618 4215961 
63700019364 6658502 4217566 
63800014587 6659970 4218843 
63900014255 6664781 4222869 
64000025015 6667110 4224785 
64100015295 6668727 4226163 
64200011950 6669336 4226684 
64300012961 6671353 4228204 
64400013771 6675522 4231284 
64500010787 6693658 4245490 
64600024622 6710325 4258007 
64700013960 6729375 4273597 
64800014316 6749911 4289632 
64900016266 6764574 4300920 
65000014913 6775128 4309594 
65100012018 6798563 4324579 
65200019166 6825728 4341261 
65300012379 6848157 4355471 
65400011547 6863796 4368713 
65500012383 6870053 4373613 
65600010658 6889976 4390533 
65700026146 6907525 4404943 
65800023810 6916518 4412057 
65900015604 6926032 4419755 
66000013646 6937739 4429281 
66100014138 6954814 4443017 
66200014364 6966050 4452169 
66300010340 6979815 4463224 
66400010035 6990151 4471212 
66500012030 7006213 4482288 
66600012737 7012192 4486443 
66700024219 7023863 4493447 
66800017863 7029755 4497152 
66900016868 7037971 4501924 
67000020696 7043563 4505326 
67100039448 7052310 4510731 
67200012351 7057684 4514181 
67300017900 7065622 4518433 
67400009825 7070578 4521308 
67500020371 7076582 4524669 
67600024066 7081511 4527310 
67700007234 7084903 4528881 
67800018791 7090489 4531903 
67900010130 7094111 4533520 
68000006085 7098011 4535247 
68100023086 7101903 4536961 
68200013165 7105341 4538504 
68300024939 7109695 4540406 
68400026159 7113574 4542115 
68500028240 7117564 4543949 
68600015999 7126714 4551184 
68700029237 7137800 4559549 
68800017301 7162656 4574370 
68900015895 7169197 4578569 
69000032131 7178317 4585041 
69100007854 7189225 4593165 
69200015328 7199804 4600658 
69300017253 7215794 4609801 
69400023835 7222964 4614555 
69500020146 7228969 4618245 
69600020625 7237517 4624323 
69700010570 7249207 4631785 
69800029178 7257064 4636986 
69900010360 7264101 4641589 
70000011543 7271788 4647008 
70100007306 7282497 4654060 
70200008608 7292680 4660692 
70300010497 7298830 4664524 
70400016484 7306288 4669982 
70500021196 7323165 4678812 
70600006717 7330217 4683316 
70700008774 7336525 4687039 
70800012442 7345701 4691350 
70900024925 7355937 4698221 
71000020945 7368101 4705244 
71100010045 7374565 4709747 
71200027360 7385540 4714971 
71300025159 7396062 4721228 
71400012098 7400528 4723984 
71500031379 7410643 4729180 
71600009847 7416673 4732194 
71700012300 7419668 4733669 
71800135076 7425040 4736342 
71900018385 7428720 4738091 
72000026791 7439537 4743832 
72100013418 7444277 4746344 
72200024451 7447837 4748166 
72300011388 7453578 4751128 
72400031426 7457403 4753378 
72500011853 7461176 4755232 
72600006752 7463289 4756086 
72700023507 7465600 4757120 
72800017057 7468654 4758489 
72900015224 7470650 4759316 
73000011809 7484020 4770185 
73100012066 7505202 4786362 
73200016148 7528352 4800110 
73300022016 7549085 4814862 
73400017641 7563231 4825943 
73500010721 7577005 4835759 
73600010208 7591582 4846457 
73700014073 7600899 4852231 
73800014403 7612379 4860531 
73900012256 7626828 4868714 
74000037565 7637664 4874833 
74100020974 7644151 4878908 
74200012651 7652274 4883647 
74300027442 7668392 4892344 
74400017605 7673738 4895624 
74500006380 7678970 4898628 
74600013026 7696608 4909488 
74700004876 7707382 4915015 
74800031043 7711471 4917328 
74900024977 7716094 4919819 
75000018118 7733210 4930359 
75100015155 7745406 4938299 
75200021932 7752027 4941896 
75300021817 7760243 4946202 
75400012730 7764741 4948697 
75500024598 7775469 4955390 
75600028048 7783367 4959646 
75700022674 7798675 4969551 
75800009760 7805585 4974272 
75900013074 7820863 4983362 
76000010253 7832557 4990159 
76100011768 7842515 4996105 
76200021143 7850335 5000977 
76300015265 7857998 5005837 
76400028935 7866012 5010671 
76500025502 7872874 5014291 
76600022581 7876092 5015683 
76700021632 7882383 5018936 
76800025182 7887106 5021088 
76900011623 7894674 5026492 
77000012438 7913330 5042354 
77100014300 7930038 5055777 
77200019645 7933558 5058744 
77300013094 7956383 5076539 
77400003956 7986320 5094094 
77500010219 8007486 5102869 
77600021590 8027055 5110958 
77700012646 8049132 5121139 
77800009452 8073890 5133212 
77900015904 8092251 5139981 
78000022588 8110694 5146551 
78100010699 8136122 5159823 
78200010307 8161262 5170732 
78300013212 8179310 5176361 
78400012903 8196576 5181366 
78500013814 8216006 5187966 
78600013679 8232610 5192734 
78700012958 8252489 5200439 
78800017236 8270028 5207156 
78900009826 8300514 5223647 
79000014019 8329425 5238418 
79100012641 8353351 5247995 
79200013760 8370956 5253381 
79300010967 8387120 5258276 
79400012941 8405464 5265232 
79500010075 8429581 5276357 
79600011773 8454342 5288017 
79700013504 8478062 5298742 
79800014612 8495319 5313280 
79900017043 8495833 5313744 
80000010891 8495964 5313866 
80100014005 8496185 5314064 
80200017693 8496279 5314151 
80300012464 8496288 5314160 
80400010215 8496305 5314175 
80500020267 8499428 5316800 
80600018916 8499635 5316987 
80700022788 8499689 5317035 
80800017297 8499743 5317085 
80900014464 8510431 5326640 
81000024507 8524977 5339507 
81100011910 8544134 5355627 
81200012421 8564339 5372049 
81300014590 8584568 5389020 
81400011924 8593532 5396121 
81500009961 8611214 5409550 
81600020103 8639690 5424737 
81700012549 8662117 5434650 
81800011638 8678700 5440191 
81900009280 8699305 5447611 
82000018688 8711918 5457636 
82100010391 8736577 5471503 
82200012607 8758589 5484620 
82300014770 8783108 5503057 
82400017104 8798418 5515728 
82500018999 8802119 5518395 
82600012772 8810622 5525661 
82700012078 8816494 5530143 
82800016928 8816786 5530383 
82900025881 8816951 5530494 
83000013677 8817083 5530607 
83100016545 8817100 5530620 
83200017559 8817117 5530636 
83300013966 8818718 5531765 
83400018986 8818990 5532000 
83500016635 8819039 5532043 
83600019190 8819083 5532080 
83700011959 8825720 5537356 
83800011081 8838606 5547160 
83900011065 8854236 5559175 
84000016380 8859139 5562996 
84100012923 8868799 5569606 
84200017364 8875388 5574852 
84300014940 8886125 5582714 
84400016431 8897250 5591144 
84500014283 8922391 5607882 
84600004685 8947296 5620399 
84700011585 8965087 5626311 
84800015303 8983045 5631624 
84900014522 9005044 5640701 
85000008829 9028099 5650280 
85100015782 9055561 5665219 
85200021706 9079208 5681765 
85300014328 9091157 5690013 
85400009279 9105889 5701463 
85500010690 9126706 5717233 
85600012070 9151263 5729452 
85700011506 9168466 5735116 
85800012966 9186925 5741835 
85900015454 9215000 5756792 
86000037427 9244844 5776078 
86100010449 9257036 5786011 
86200012422 9269760 5795387 
86300017855 9288064 5809569 
86400011677 9314295 5824335 
86500016400 9335892 5833029 
86600011008 9359975 5843518 
86700011339 9378518 5850432 
86800010612 9399475 5858048 
86900011766 9414732 5868209 
87000028183 9426650 5876490 
87100014498 9443302 5888154 
87200014799 9468555 5902399 
87300010582 9481337 5909658 
87400011711 9493325 5918257 
87500013922 9513668 5930683 
87600012912 9533307 5938770 
87700016196 9550455 5944885 
87800028397 9573980 5956045 
87900016462 9595906 5965840 
88000011142 9612804 5971150 
88100012122 9633475 5979297 
88200016108 9650014 5987404 
88300010713 9657309 5992831 
88400011557 9680580 6011211 
88500012651 9704799 6029189 
88600019681 9729017 6044487 
88700011966 9750236 6054558 
88800014326 9768978 6069657 
88900012740 9781739 6079443 
89000044501 9803400 6096524 
89100012309 9823316 6109366 
89200010799 9842327 6117380 
89300009777 9863548 6128266 
89400010133 9881752 6136133 
89500008672 9906114 6148500 
89600011464 9920876 6159564 
89700013067 9931326 6167440 
89800013163 9951069 6182777 
89900014512 9965302 6191870 
90000020231 9981355 6203708 
90100010713 9990812 6209832 
90200023576 9994951 6212209 
90300011734 10003039 6216904 
90400020459 10007437 6219131 
90500012317 10015649 6224105 
90600011610 10021998 6227580 
90700011573 10027282 6230294 
90800012508 10034206 6233779 
90900021854 10037890 6235383 
91000018374 10045712 6239980 
91100022696 10050344 6242215 
91200013963 10056199 6245282 
91300018934 10060180 6246914 
91400037632 10063551 6248290 
91500010408 10067292 6249806 
91600013346 10071109 6251392 
91700011157 10074565 6252750 
91800017065 10078229 6254292 
91900026251 10081642 6255662 
92000017406 10085871 6257611 
92100022811 10089086 6258936 
92200017971 10093065 6260665 
92300027108 10096890 6262312 
92400011059 10101114 6264200 
92500007431 10104483 6265599 
92600029875 10108136 6267128 
92700015014 10117286 6274214 
92800105927 10133806 6288521 
92900010883 10153008 6301617 
93000010235 10178681 6319333 
93100005356 10203624 6338722 
93200010086 10223905 6354854 
93300013894 10244331 6371121 
93400008648 10267234 6385873 
93500007418 10294614 6403155 
93600010683 10316995 6418049 
93700014150 10342858 6434242 
93800014369 10370257 6451468 
93900013669 10391484 6468857 
94000013751 10406663 6482653 
94100016761 10427483 6500905 
94200011251 10442734 6513810 
94300012989 10478700 6544457 
94400019006 10505305 6567653 
94500014554 10520721 6580381 
94600008683 10539026 6594843 
94700006138 10549966 6603223 
94800010287 10569107 6618467 
94900013901 10588641 6631250 
95000011819 10610227 6646044 
95100013229 10638223 6664505 
95200014222 10658381 6679065 
95300019020 10669683 6688309 
95400014859 10684996 6699626 
95500013373 10696618 6708273 
95600013207 10712082 6720592 
95700011190 10727796 6732921 
95800017855 10746007 6746156 
95900014431 10762050 6758634 
96000011960 10785142 6771560 
96100011065 10805521 6783340 
96200014915 10829313 6798444 
96300022363 10855230 6817566 
96400018393 10870345 6829923 
96500014661 10884320 6840629 
96600011608 10898509 6851089 
96700011666 10907026 6857248 
96800022893 10921759 6868720 
96900020388 10934167 6877091 
97000018730 10943080 6881954 
97100007397 10950554 6887164 
97200009387 10964058 6896390 
97300012208 10973340 6901817 
97400015736 10979794 6906015 
97500025105 10989607 6911924 
97600029037 10994353 6914742 
97700021824 11000921 6917926 
97800023842 11007103 6921273 
97900008231 11010505 6923054 
98000018572 11016514 6926007 
98100009918 11021580 6928547 
98200009944 11025319 6930281 
98300010590 11030357 6932831 
98400025113 11035850 6935451 
98500025493 11039394 6937075 
98600031991 11042982 6938699 
98700005104 11047686 6940916 
98800012528 11051113 6942406 
98900026214 11054847 6943904 
99000020091 11059770 6946181 
99100011440 11063160 6947612 
99200027183 11066544 6949007 
99300010030 11069741 6950305 
99400024630 11073173 6951745 
99500013691 11076994 6953427 
99600032339 11080364 6954859 
99700021792 11083793 6956382 
99800009914 11088503 6958667 
99900028732 11092341 6960364 
100000020363 11095624 6961751 
100100010788 11109885 6973423 
100200013251 11130209 6987332 
100300013809 11148594 6995903 
100400013119 11164001 7002186 
100500014619 11180299 7012223 
100600015626 11184844 7016234 
100700011201 11207502 7030726 
100800012991 11226436 7038446 
100900012116 11248744 7047709 
101000009765 11269824 7058635 
101100012896 11293976 7073478 
101200011082 11311373 7085977 
101300015020 11327432 7097163 
101400012096 11348194 7114046 
101500010926 11362344 7125466 
101600026050 11372195 7133760 
101700019930 11381782 7141632 
101800012548 11393584 7150815 
101900010990 11408414 7158114 
102000010869 11425278 7165876 
102100007717 11446895 7178699 
102200008835 11454883 7184423 
102300013128 11476004 7199732 
102400011229 11493785 7206453 
102500011493 11514538 7216256 
102600012904 11529829 7221220 
102700012818 11547392 7227122 
102800018638 11570129 7238133 
102900012684 11591503 7251134 
103000014341 11603386 7258645 
103100012788 11619461 7270764 
103200012750 11637541 7281462 
103300013835 11646508 7287268 
103400016464 11662395 7298397 
103500025663 11678837 7306825 
103600011251 11687752 7312756 
103700027928 11701404 7321107 
103800019579 11708087 7325159 
103900021913 11718951 7332251 
104000019826 11724417 7335382 
104100012630 11736253 7342662 
104200010802 11744336 7347313 
104300026364 11751190 7350934 
104400020144 11755144 7352651 
104500008969 11761884 7356308 
104600027481 11766135 7358297 
104700008884 11771911 7361110 
104800013879 11776605 7363295 
104900012073 11779857 7364643 
105000027718 11783489 7366152 
105100018988 11789355 7369322 
105200013704 11795050 7372180 
105300024301 11798619 7373687 
105400023650 11802449 7375266 
105500029040 11805990 7376781 
105600009649 11809579 7378334 
105700024360 11813349 7379977 
105800013009 11816595 7381300 
105900017840 11820347 7382959 
106000011364 11823495 7384323 
106100025456 11827302 7386031 
106200018118 11830348 7387377 
106300026933 11835908 7390470 
106400022979 11842398 7393877 
106500011362 11846357 7396025 
106600013358 11863949 7411140 
106700015863 11885398 7427153 
106800010534 11901305 7439642 
106900009831 11923035 7456866 
107000013070 11939952 7470089 
107100012580 11962761 7485877 
107200008290 11983953 7500289 
107300010729 11996331 7510404 
107400013768 12008194 7519827 
107500016406 12026413 7535361 
107600011971 12045978 7548186 
107700015681 12066416 7562328 
107800012208 12085374 7575622 
107900013879 12109008 7593647 
108000010366 12128591 7610213 
108100013117 12146314 7625966 
108200016226 12174256 7650415 
108300011718 12191123 7664563 
108400009499 12208658 7679394 
108500021000 12228052 7695203 
108600013307 12245824 7709779 
108700012948 12263476 7724074 
108800011504 12280081 7737289 
108900013989 12294919 7748115 
109000010141 12315188 7764392 
109100027518 12339186 7782153 
109200010337 12357351 7796213 
109300011578 12378821 7808298 
109400013093 12397810 7821808 
109500011099 12413535 7832964 
109600011564 12424805 7841332 
109700011862 12439411 7853229 
109800021563 12453844 7864128 
109900010855 12468011 7875427 
110000017555 12482949 7886847 
110100013903 12497065 7897946 
110200008236 12510895 7908675 
110300013655 12523661 7917890 
110400009198 12539252 7929160 
110500008772 12552571 7939159 
110600016367 12565688 7948753 
110700010721 12577419 7956871 
110800012379 12589099 7965861 
110900012104 12603014 7976544 
111000028216 12614668 7985576 
111100013724 12626181 7994170 
111200013336 12646068 8008679 
111300015322 12662648 8019443 
111400013461 12679941 8031534 
111500012183 12690807 8039504 
111600009355 12706610 8050179 
111700011323 12725321 8062813 
111800011334 12734945 8070258 
111900014543 12746514 8079291 
112000019648 12760983 8090832 
112100012711 12773030 8100054 
112200008716 12787071 8110269 
112300025647 12801800 8119974 
112400010494 12810326 8125467 
112500011011 12817673 8130917 
112600009844 12826172 8136844 
112700007163 12839812 8145428 
112800007965 12850414 8151441 
112900011291 12857574 8156764 
113000012372 12869219 8164841 
113100012457 12878554 8169786 
113200007808 12887126 8174914 
113300019980 12892828 8178862 
113400018623 12903071 8185236 
113500014187 12907913 8188039 
113600010830 12913800 8191852 
113700020422 12922713 8196382 
113800011211 12927170 8199105 
113900024897 12933059 8202985 
114000017423 12943657 8208875 
114100012999 12948714 8211997 
114200015426 12954568 8215708 
114300010002 12960957 8219192 
114400014578 12966232 8222587 
114500017172 12973217 8226902 
114600008161 12978523 8229483 
114700011735 12982627 8232328 
114800015129 12989731 8235996 
114900014943 12993635 8238401 
115000019378 12999450 8241705 
115100012714 13003934 8243876 
115200028616 13008031 8246187 
115300015299 13013833 8249190 
115400014934 13017760 8251581 
115500028732 13023583 8254478 
115600010709 13027132 8256771 
115700013395 13033459 8259972 
115800010442 13036524 8261731 
115900007607 13042614 8264898 
116000015486 13045384 8266490 
116100015253 13049363 8268203 
116200027243 13051886 8269669 
116300016392 13057505 8272532 
116400030812 13060117 8274010 
116500024620 13066717 8277367 
116600015377 13069007 8278716 
116700010326 13074547 8281398 
116800024077 13077334 8282772 
116900018539 13082253 8285184 
117000009531 13084525 8286274 
117100009793 13089590 8288673 
117200006864 13093898 8290789 
117300023106 13096334 8291983 
117400023279 13101173 8294361 
117500022301 13103636 8295509 
117600024325 13107732 8297551 
117700033300 13110731 8298817 
117800007430 13113031 8299859 
117900025249 13117203 8301987 
118000024784 13121272 8304038 
118100019883 13123580 8305095 
118200024623 13126197 8306153 
118300011033 13128883 8307314 
118400026347 13131046 8308281 
118500022081 13133359 8309205 
118600010762 13138296 8311695 
118700008221 13140605 8312615 
118800012301 13142869 8313544 
118900017346 13145247 8314539 
119000026027 13148435 8315871 
119100029564 13151105 8316936 
119200006643 13153435 8317909 
119300024243 13156390 8319156 
119400012998 13161604 8322784 
119500012145 13179563 8337413 
119600017356 13197018 8351756 
119700013092 13221375 8367063 
119800016248 13240611 8381009 
119900013400 13260451 8397786 
120000012290 13282754 8415185 
120100007414 13300340 8427615 
120200025768 13308411 8434324 
120300011232 13310592 8436227 
120400014562 13310870 8436460 
120500012320 13311727 8437207 
120600022457 13313745 8438942 
120700011318 13325398 8448602 
120800011034 13333884 8455461 
120900019224 13334503 8455923 
121000009744 13334832 8456158 
121100019859 13335097 8456346 
121200022076 13336160 8457177 
121300027669 13344728 8463517 
121400009783 13375933 8487252 
121500013915 13395530 8501553 
121600013871 13406163 8509092 
121700020114 13426178 8526221 
121800011977 13437369 8534742 
121900011785 13449667 8543347 
122000012528 13463590 8553504 
122100010986 13474156 8561305 
122200015470 13483676 8568489 
122300008266 13498736 8577498 
122400021339 13509758 8584656 
122500012211 13515974 8588821 
122600028623 13524727 8593932 
122700020549 13531769 8598144 
122800010828 13537284 8601225 
122900013321 13543884 8605458 
123000017065 13552198 8610166 
123100013249 13557744 8613537 
123200010539 13562239 8615936 
123300010683 13566403 8618098 
123400028118 13569528 8619721 
123500023076 13572749 8621271 
123600024518 13576281 8622938 
123700012058 13579567 8624474 
123800024105 13582779 8625922 
123900025875 13587594 8628633 
124000009401 13593185 8631634 
124100015814 13598702 8634481 
124200021829 13604292 8637406 
124300010159 13609641 8640191 
124400007987 13612955 8641600 
124500009391 13616266 8643116 
124600021066 13620084 8644850 
124700010105 13623388 8646254 
124800030653 13627008 8647906 
124900016386 13639131 8657799 
125000011752 13661704 8676430 
125100011649 13691163 8699596 
125200008853 13721622 8722319 
125300011818 13749145 8738279 
125400011485 13779518 8757687 
125500010667 13808102 8777772 
125600018009 13837209 8797620 
125700011318 13865692 8816143 
125800011449 13895764 8836711 
125900016346 13923539 8854411 
126000011464 13959002 8880737 
126100012835 13995086 8908218 
126200011153 14032776 8936639 
126300011034 14063785 8956579 
126400013659 14094923 8976139 
126500008976 14126773 8995710 
126600010844 14157102 9012112 
126700013584 14188679 9029210 
126800020976 14212633 9050608 
126900011762 14245118 9072826 
127000012518 14274855 9090890 
127100012558 14300828 9104766 
127200011870 14325008 9119578 
127300016746 14351692 9135134 
127400013049 14380607 9149739 
127500013655 14410993 9166292 
127600012252 14440139 9184488 
127700009426 14470508 9203335 
127800011709 14501014 9222124 
127900011227 14530574 9243171 
128000010137 14560533 9263747 
128100012542 14591084 9283876 
128200018230 14621153 9302872 
128300013878 14655562 9328384 
128400012932 14689362 9354399 
128500014559 14714171 9376415 
128600009443 14738815 9397023 
128700010725 14761224 9414980 
128800012438 14781848 9430113 
128900016209 14810434 9451308 
129000009793 14835877 9469494 
129100010246 14861218 9485843 
129200009611 14886505 9502304 
129300009566 14910750 9517842 
129400012220 14937182 9535193 
129500012722 14966077 9555075 
129600016273 14991335 9574710 
129700007564 15011893 9591944 
129800008756 15032803 9608588 
129900009816 15046852 9618507 
130000005651 15057742 9625365 
130100014682 15067444 9631464 
130200012214 15079361 9640611 
130300014752 15097902 9654712 
130400009774 15101476 9657848 
130500022395 15103031 9659193 
130600015248 15103900 9659953 
130700019439 15108020 9663505 
130800014449 15113963 9668490 
130900014747 15115939 9670032 
131000013150 15120662 9674061 
131100018346 15120962 9674310 
131200014686 15121091 9674413 
131300014675 15121106 9674426 
131400014192 15121118 9674436 
131500014906 15121145 9674458 
131600011699 15121147 9674458 
131700021476 15121152 9674461 
131800019383 15121153 9674462 
131900017749 15121160 9674468 
132000014634 15121162 9674470 
132100016480 15129566 9681236 
132200012246 15129787 9681330 
132300012360 15129869 9681369 
132400015604 15129884 9681372 
132500013941 15129898 9681379 
132600018376 15129902 9681381 
132700012597 15129914 9681390 
132800015390 15129917 9681393 
132900011611 15129919 9681393 
133000017431 15129920 9681393 
133100019993 15129923 9681394 
133200012202 15131579 9682750 
133300017552 15131912 9683041 
133400016577 15131926 9683053 
133500012941 15131935 9683062 
133600010750 15131956 9683081 
133700013142 15131958 9683083 
133800016301 15131971 9683088 
133900027334 15132236 9683267 
134000010559 15148887 9696719 
134100010400 15172061 9716031 
134200013012 15185977 9726657 
134300016026 15200041 9738149 
134400018532 15211597 9746709 
134500021510 15226034 9757425 
134600009056 15239238 9767508 
134700013496 15255974 9779104 
134800006673 15262691 9783198 
134900009128 15272959 9790249 
135000007889 15283105 9797003 
135100012899 15290077 9801022 
135200016562 15301038 9809145 
135300020274 15311210 9816467 
135400024939 15315434 9818555 
135500027885 15321852 9822261 
135600024562 15325348 9823748 
135700014626 15334613 9830226 
135800013485 15339054 9832157 
135900017176 15344113 9834933 
136000102407 15347511 9836298 
136100025917 15350984 9837737 
136200015653 15354540 9839168 
136300011875 15358301 9840725 
136400019183 15361891 9842173 
136500020938 15365619 9843749 
136600014283 15369445 9845339 
136700016314 15373537 9847204 
136800021699 15376968 9848650 
136900023040 15380488 9850113 
137000008740 15383851 9851490 
137100015108 15387506 9853006 
137200018682 15391206 9854604 
137300013464 15394943 9856196 
137400010815 15398277 9857715 
137500009374 15418053 9871794 
137600013073 15441033 9887413 
137700010410 15455841 9896233 
137800008392 15472784 9906564 
137900013143 15488259 9914440 
138000012141 15497944 9919630 
138100032312 15514879 9933502 
138200013397 15540191 9948369 
138300010247 15563999 9962930 
138400015859 15576246 9973816 
138500010320 15586356 9981563 
138600006847 15598701 9991060 
138700023917 15610698 10000006 
138800014549 15634309 10013828 
138900012312 15650370 10019785 
139000019792 15668325 10030950 
139100014975 15677124 10037500 
139200015753 15689857 10047189 
139300011587 15708079 10057070 
139400018057 15714097 10061330 
139500013835 15725939 10070008 
139600033701 15747297 10084193 
139700010394 15759250 10092174 
139800012297 15769905 10100450 
139900013738 15791208 10116111 
140000019238 15817320 10132732 
140100009367 15836811 10145916 
140200012531 15842950 10150233 
140300012265 15856088 10160610 
140400013729 15875838 10173400 
140500014666 15901885 10189711 
140600018995 15926213 10206572 
140700014850 15955142 10227411 
140800022900 15987870 10251288 
140900014098 16013155 10264523 
141000009941 16042678 10281905 
141100012152 16062848 10295235 
141200021070 16077594 10306161 
141300014166 16086275 10312417 
141400013872 16103322 10325167 
141500013413 16120432 10336273 
141600014520 16138129 10349739 
141700010774 16164112 10367311 
141800014040 16195591 10390221 
141900012558 16224005 10406327 
142000017110 16253208 10422847 
142100008475 16274364 10436617 
142200013505 16282108 10442659 
142300013595 16295391 10452905 
142400011306 16307648 10461710 
142500011659 16320423 10470651 
142600010108 16338789 10483976 
142700013262 16360611 10494680 
142800014870 16376259 10503830 
142900021865 16385680 10510832 
143000013903 16392577 10515872 
143100012128 16404752 10524626 
143200012172 16417597 10535598 
143300014808 16437586 10549892 
143400010123 16445606 10555935 
143500010113 16451740 10560155 
143600012728 16458514 10564879 
143700012728 16468222 10572931 
143800014994 16488403 10586252 
143900013398 16495145 10591117 
144000010756 16501287 10595369 
144100017358 16509348 10600977 
144200013777 16520119 10609667 
144300016681 16530707 10615745 
144400014174 16535866 10619230 
144500014398 16542512 10623701 
144600011773 16553426 10632452 
144700014402 16561180 10637642 
144800014553 16565808 10640623 
144900010645 16573116 10645936 
145000011167 16583654 10653616 
145100020538 16587609 10656360 
145200015281 16591892 10659093 
145300026774 16599734 10665072 
145400017531 16606139 10669056 
145500038393 16609871 10671450 
145600017891 16616086 10674872 
145700009515 16618347 10675991 
145800014680 16623707 10678771 
145900014860 16626377 10680010 
146000019825 16629237 10681202 
146100016061 16631952 10682320 
146200018488 16634381 10683333 
146300007447 16637262 10684557 
146400024233 16639879 10685684 
146500026047 16642084 10686628 
146600021978 16645463 10688015 
146700027418 16650092 10690430 
146800017766 16653048 10691630 
146900014537 16657722 10694037 
147000019090 16663237 10696800 
147100023076 16666303 10698089 
147200039555 16669018 10699233 
147300015016 16671954 10700671 
147400009966 16684462 10710958 
147500018378 16698991 10722093 
147600021898 16715313 10736372 
147700011649 16726591 10745733 
147800025451 16741610 10757751 
147900021114 16751521 10765232 
148000014597 16764767 10774575 
148100024390 16771042 10778628 
148200004467 16777859 10783010 
148300023699 16788804 10791559 
148400015181 16794243 10794819 
148500012711 16803231 10801470 
148600024960 16810025 10805943 
148700009152 16815907 10809330 
148800022208 16823193 10814275 
148900027951 16826601 10815811 
149000005645 16832796 10820125 
149100183044 16836822 10821976 
149200011396 16841391 10824448 
149300029782 16845298 10826235 
149400032184 16848793 10827690 
149500034493 16852218 10829126 
149600019156 16855905 10830810 
149700009367 16859504 10832367 
149800027853 16863406 10834182 
149900009384 16866710 10835673 
150000015706 16870468 10837455 
150100012644 16874387 10839238 
150200022606 16877647 10840692 
150300015296 16885394 10846606 
150400014291 16905030 10862316 
150500014270 16925238 10877736 
150600012737 16940958 10890388 
150700013941 16963841 10908109 
150800010238 16984973 10923835 
150900009926 17008025 10941249 
151000011285 17031755 10957816 
151100029449 17050316 10972621 
151200011633 17064910 10984418 
151300028000 17079146 10995562 
151400013113 17100753 11010837 
151500008120 17120007 11025419 
151600021960 17133538 11035551 
151700015215 17145824 11044294 
151800012383 17163739 11058249 
151900014312 17183819 11072965 
152000045416 17205413 11089137 
152100009977 17224095 11102575 
152200011664 17240571 11115767 
152300009832 17260475 11131247 
152400009680 17279876 11145705 
152500020583 17290313 11154153 
152600011444 17305984 11166280 
152700017129 17324859 11180659 
152800023216 17332963 11187427 
152900021899 17333980 11188283 
153000013654 17334419 11188628 
153100011120 17343646 11195758 
153200017873 17360067 11208708 
153300010978 17374702 11218814 
153400010782 17390426 11229481 
153500013626 17408218 11244329 
153600033001 17422038 11254440 
153700009213 17439016 11266767 
153800012250 17454106 11278885 
153900030338 17469026 11289271 
154000012938 17476958 11294133 
154100013147 17497137 11309351 
154200023032 17516990 11323789 
154300015778 17539267 11337888 
154400010758 17546082 11342445 
154500014943 17556867 11349803 
154600013338 17563874 11353396 
154700028729 17569491 11356139 
154800021094 17574808 11358860 
154900028253 17578488 11360392 
155000032020 17584141 11363356 
155100021397 17589134 11365551 
155200022713 17592796 11367225 
155300022386 17597447 11369371 
155400020850 17602686 11371612 
155500006925 17606548 11373376 
155600039248 17609915 11374686 
155700014275 17614239 11376636 
155800025041 17617845 11378103 
155900024852 17621127 11379423 
156000023587 17624233 11380648 
156100031317 17628959 11382783 
156200028297 17633564 11384780 
156300016874 17636915 11386096 
156400033146 17640435 11387521 
156500021340 17645634 11390092 
156600012940 17657473 11400157 
156700091873 17677652 11416168 
156800018818 17697147 11432412 
156900011042 17710522 11443408 
157000013521 17721835 11453042 
157100009985 17730575 11460269 
157200024951 17734959 11463763 
157300010453 17737696 11466027 
157400019977 17748220 11474529 
157500012349 17774105 11496037 
157600013110 17801049 11519104 
157700013348 17818943 11533248 
157800012011 17830465 11542168 
157900011597 17836988 11547515 
158000016778 17845911 11554733 
158100023567 17846554 11555244 
158200013032 17846595 11555275 
158300016456 17846609 11555288 
158400011529 17846616 11555293 
158500013876 17846628 11555303 
158600016604 17846631 11555306 
158700016844 17846639 11555313 
158800012528 17846644 11555318 
158900014448 17848506 11556864 
159000013667 17848533 11556885 
159100013968 17848542 11556893 
159200013253 17848546 11556896 
159300015909 17848556 11556901 
159400016095 17852417 11559791 
159500022238 17859671 11565743 
159600020339 17860565 11566376 
159700012195 17860617 11566416 
159800017486 17860638 11566431 
159900018089 17860661 11566450 
160000018652 17860667 11566455 
160100017293 17860680 11566463 
160200020899 17860688 11566469 
160300011000 17860697 11566474 
160400011177 17860702 11566478 
160500016219 17870853 11574629 
160600018106 17871012 11574757 
160700012149 17871171 11574891 
160800017080 17871222 11574930 
160900019619 17871258 11574961 
161000019978 17871275 11574974 
161100018799 17871452 11575121 
161200010854 17878102 11580170 
161300015090 17889093 11589168 
161400014115 17891266 11590949 
161500018441 17891326 11590992 
161600015778 17894419 11593555 
161700013323 17903367 11600498 
161800015108 17903427 11600528 
161900014106 17905775 11602343 
162000011156 17917918 11611703 
162100018379 17946931 11635681 
162200013854 17959166 11645218 
162300011112 17965327 11650105 
162400014801 17965432 11650185 
162500023232 17965464 11650208 
162600012417 17965480 11650221 
162700012957 17965487 11650226 
162800014048 17965492 11650228 
162900018649 17965564 11650286 
163000023013 17965648 11650354 
163100019149 17965926 11650590 
163200021319 17966141 11650774 
163300013477 17966237 11650861 
163400012563 17966240 11650864 
163500024150 17966241 11650865 
163600017357 17966308 11650922 
163700019578 17966310 11650922 
163800016796 17966336 11650944 
163900019397 17966359 11650962 
164000017724 17966360 11650963 
164100018804 17966825 11651353 
164200019042 17968667 11652944 
164300009839 17972138 11655873 
164400014591 17979498 11661808 
164500018324 17985277 11666604 
164600017811 17985641 11666909 
164700013041 17986760 11667842 
164800016407 17987741 11668677 
164900017314 17988596 11669387 
165000013277 17988980 11669716 
165100013380 17990109 11670646 
165200013556 17990813 11671252 
165300019710 17992065 11672286 
165400020669 17996951 11676314 
165500026267 18002440 11680599 
165600011542 18004226 11682094 
165700022397 18005134 11682846 
165800016378 18005703 11683318 
165900011093 18006578 11684045 
166000014044 18007595 11684900 
166100011581 18007617 11684909 
166200009652 18008611 11685681 
166300012391 18009886 11686734 
166400012005 18012180 11688555 
166500015940 18012325 11688662 
166600014503 18012348 11688676 
166700013387 18012365 11688688 
166800018214 18012369 11688691 
166900011095 18012375 11688694 
167000020328 18012416 11688729 
167100017518 18012492 11688792 
167200019495 18012618 11688898 
167300020900 18012763 11689011 
167400017112 18012773 11689018 
167500015629 18012774 11689019 
167600020544 18012818 11689050 
167700018283 18012832 11689054 
167800022165 18012846 11689065 
167900010250 18012870 11689084 
168000024731 18012874 11689086 
168100096305 18012877 11689089 
168200017518 18013136 11689304 
168300020918 18013170 11689330 
168400026626 18025015 11699011 
168500014956 18025831 11699648 
168600016422 18026187 11699909 
168700020362 18026756 11700338 
168800018957 18027301 11700740 
168900019273 18027415 11700829 
169000016661 18028191 11701472 
169100012014 18028745 11701913 
169200012174 18029130 11702198 
169300012563 18032281 11704724 
169400011478 18033779 11705885 
169500012124 18035935 11707642 
169600018783 18038753 11709927 
169700012706 18040374 11711278 
169800028609 18042842 11713299 
169900013023 18045598 11715570 
170000011590 18046317 11716157 
170100024177 18046900 11716637 
170200014962 18047936 11717475 
170300013294 18048953 11718302 
170400016048 18049232 11718531 
170500018026 18049324 11718602 
170600014145 18049370 11718637 
170700011462 18049544 11718784 
170800017475 18050078 11719223 
170900015874 18053302 11721824 
171000023621 18060169 11727560 
171100018253 18061257 11728343 
171200015361 18062160 11728985 
171300026461 18062512 11729225 
171400019003 18062935 11729537 
171500015989 18063681 11730049 
171600020846 18063915 11730203 
171700013024 18064180 11730381 
171800014860 18064733 11730764 
171900012512 18065227 11731118 
172000016703 18065366 11731209 
172100015356 18065425 11731245 
172200014211 18065463 11731272 
172300010879 18065592 11731353 
172400021419 18065918 11731542 
172500014057 18069130 11733777 
172600013151 18069485 11734068 
172700016817 18070101 11734581 
172800014583 18070674 11735064 
172900016726 18071276 11735559 
173000010802 18071844 11736028 
173100012332 18072244 11736359 
173200011163 18079276 11741827 
173300014565 18092574 11753050 
173400018143 18101584 11760050 
173500015986 18104712 11762655 
173600014009 18106552 11764235 
173700014861 18114976 11771087 
173800012980 18134279 11786828 
173900014392 18146208 11795779 
174000013284 18158941 11804675 
174100020213 18167192 11810186 
174200016513 18175942 11816122 
174300018491 18187391 11824410 
174400016724 18193668 11828179 
174500015500 18199859 11833329 
174600013536 18210647 11841074 
174700012189 18215000 11843543 
174800013587 18219781 11846075 
174900014673 18227013 11850993 
175000014447 18233098 11854681 
175100014128 18239915 11858965 
175200015392 18243915 11860883 
175300018069 18252718 11867209 
175400015911 18260642 11872714 
175500020064 18264191 11874260 
175600005999 18267530 11875720 
175700023418 18271499 11877545 
175800009717 18274750 11878933 
175900009353 18278640 11880592 
176000009338 18282194 11882116 
176100022446 18285527 11883573 
176200015640 18289387 11885271 
176300011963 18292704 11886654 
176400012212 18296250 11888246 
176500013850 18299975 11889859 
176600005258 18303213 11891243 
176700022818 18306780 11892802 
176800016764 18310434 11894398 
176900016858 18314134 11896025 
177000007470 18317629 11897543 
177100011860 18325789 11904087 
177200011549 18341343 11915422 
177300014930 18358601 11925924 
177400015199 18376346 11938786 
177500014516 18401389 11954411 
177600016498 18423512 11967240 
177700016119 18444092 11984452 
177800014793 18473920 12007470 
177900017903 18489406 12019438 
178000012785 18502421 12029442 
178100012196 18518416 12041495 
178200018885 18538220 12057057 
178300021693 18558427 12072479 
178400017108 18582208 12088213 
178500021666 18594174 12095624 
178600015091 18604106 12101018 
178700015225 18618152 12110787 
178800011850 18635024 12124307 
178900015896 18647908 12133673 
179000014137 18660239 12142333 
179100018559 18670421 12149782 
179200011723 18682948 12158463 
179300020590 18702155 12168721 
179400009783 18719271 12179111 
179500012840 18728114 12185521 
179600013439 18745159 12197573 
179700010558 18757556 12205828 
179800008517 18769593 12213752 
179900007353 18777892 12219059 
180000021735 18792770 12227619 
180100019196 18798955 12231168 
180200013190 18808876 12236442 
180300021627 18816746 12240975 
180400011955 18824671 12244658 
180500021357 18828623 12246690 
180600016667 18836771 12251026 
180700026471 18843130 12254020 
180800018457 18847805 12256260 
180900018402 18852666 12258579 
181000016808 18856782 12260422 
181100019799 18862245 12263336 
181200027159 18866014 12264942 
181300022868 18871379 12267571 
181400009347 18876750 12270274 
181500029082 18880651 12272173 
181600011858 18883957 12273616 
181700013609 18889015 12276077 
181800021019 18893972 12278400 
181900016945 18896882 12279655 
182000010300 18899931 12280849 
182100029095 18903343 12282165 
182200007342 18907228 12284033 
182300010803 18910300 12285269 
182400025250 18913539 12286630 
182500039249 18916997 12288081 
182600011080 18920485 12289580 
182700025547 18923758 12290963 
182800008980 18926914 12292294 
182900020160 18930106 12293656 
183000017079 18941808 12302806 
183100011917 18957965 12315531 
183200025756 18980014 12328786 
183300021873 18997197 12339332 
183400005068 19000457 12342068 
183500020422 19004648 12345394 
183600015139 19018370 12355774 
183700015957 19031299 12365200 
183800015305 19046697 12377488 
183900010027 19055141 12382932 
184000020198 19066526 12391151 
184100012254 19078126 12398888 
184200010843 19098904 12411412 
184300012350 19118251 12423105 
184400026884 19133565 12433415 
184500015725 19151338 12444821 
184600009807 19162990 12452389 
184700014725 19173721 12459571 
184800014413 19184000 12466565 
184900013994 19191010 12470759 
185000027261 19195744 12473024 
185100025904 19199264 12474627 
185200027008 19205357 12477723 
185300032978 19211159 12480822 
185400014495 19215091 12482647 
185500023213 19218549 12484176 
185600014490 19224465 12487561 
185700017259 19227650 12488979 
185800025890 19230712 12490300 
185900007868 19234292 12491929 
186000008081 19238067 12493693 
186100030702 19243088 12496359 
186200011245 19246049 12497640 
186300024991 19249866 12499307 
186400022477 19252837 12500633 
186500013298 19256344 12502286 
186600023405 19259257 12503673 
186700012665 19269135 12511480 
186800005725 19289631 12528327 
186900012527 19299141 12535758 
187000014254 19300609 12537044 
187100005042 19305734 12541123 
187200010402 19322207 12549994 
187300014919 19337340 12555994 
187400015248 19352700 12562840 
187500016696 19368597 12570970 
187600015548 19378750 12574730 
187700013860 19390661 12578779 
187800013415 19405156 12585962 
187900014021 19416118 12590324 
188000011147 19429458 12596367 
188100013737 19441555 12600274 
188200011600 19454377 12606150 
188300019481 19465646 12609991 
188400013431 19479403 12616833 
188500011864 19499012 12625720 
188600011457 19520625 12636128 
188700009451 19543872 12647670 
188800011397 19565371 12657015 
188900011304 19584400 12666076 
189000011527 19610322 12680270 
189100024024 19619595 12688103 
189200014043 19620390 12688811 
189300014615 19621717 12690036 
189400014272 19623949 12691581 
189500012508 19626662 12694020 
189600010531 19630014 12697116 
189700014769 19633048 12699938 
189800015783 19634997 12701724 
189900020705 19636787 12703355 
190000017945 19640634 12706758 
190100012860 19645432 12711086 
190200013837 19648512 12713867 
190300014036 19650082 12715273 
190400017988 19653138 12717736 
190500010538 19658316 12721814 
190600016230 19673224 12734538 
190700010573 19691279 12749203 
190800011481 19695727 12752942 
190900012164 19697224 12754234 
191000011426 19705414 12760528 
191100014400 19725101 12774874 
191200013489 19741929 12782151 
191300011348 19753806 12786764 
191400024639 19764696 12790579 
191500011333 19779834 12796635 
191600012023 19792582 12802404 
191700010568 19802278 12806587 
191800008926 19812830 12811866 
191900011748 19827903 12819125 
192000009988 19842247 12830077 
192100011197 19845043 12832510 
192200015198 19846604 12833881 
192300009845 19853863 12839284 
192400011509 19865419 12847813 
192500014693 19869236 12850786 
192600016908 19870860 12852206 
192700013419 19884969 12860981 
192800011318 19898983 12866793 
192900012717 19913235 12872535 
193000013863 19922860 12876884 
193100010172 19929053 12881888 
193200106196 19930510 12883172 
193300009282 19936501 12887542 
193400011368 19949782 12897347 
193500017123 19956286 12902302 
193600011893 19957548 12903401 
193700015979 19961595 12906542 
193800017194 19986499 12919920 
193900012018 20007203 12929828 
194000009686 20033336 12942969 
194100010459 20057454 12955436 
194200011223 20079140 12964752 
194300012214 20099643 12973268 
194400013267 20118894 12981322 
194500013373 20137736 12988818 
194600013525 20158195 12997144 
194700012212 20181020 13006685 
194800012625 20203164 13017172 
194900011918 20225546 13026533 
195000020625 20242449 13032755 
195100015054 20265716 13042810 
195200012921 20287070 13053396 
195300010970 20308869 13064450 
195400012105 20331989 13075657 
195500015007 20355858 13090990 
195600013565 20360373 13094528 
195700016479 20361613 13095674 
195800013367 20370571 13102176 
195900007678 20392790 13113624 
196000014108 20413274 13122234 
196100018184 20438304 13135376 
196200012854 20462388 13146668 
196300010483 20482917 13156136 
196400013138 20504107 13165836 
196500009398 20526222 13174766 
196600014113 20550420 13185973 
196700013185 20574659 13198050 
196800019182 20597341 13209182 
196900016798 20618724 13219826 
197000013758 20643289 13232779 
197100015433 20665513 13243970 
197200011570 20688293 13254787 
197300011553 20713247 13267905 
197400011581 20734569 13278654 
197500013393 20758511 13295160 
197600013048 20770641 13304982 
197700013702 20775166 13308976 
197800011593 20799393 13322481 
197900013110 20825876 13337308 
198000013964 20844342 13346347 
198100011616 20864829 13356904 
198200011461 20887243 13367601 
198300010045 20907511 13376854 
198400015906 20931494 13387866 
198500007275 20953659 13399430 
198600008503 20958747 13403531 
198700015394 20966586 13409709 
198800014841 20980167 13419942 
198900010797 20983615 13422842 
199000012714 21001923 13432292 
199100018075 21018970 13438318 
199200014304 21031800 13442081 
199300012003 21053467 13452351 
199400010923 21072382 13461272 
199500012257 21092982 13470741 
199600013619 21116296 13482230 
199700011052 21135421 13492419 
199800011096 21160030 13505974 
199900010344 21181952 13516013 
200000010452 21192999 13523808 
200100016881 21198892 13528065 
200200014686 21212059 13537788 
200300016220 21216286 13541198 
200400013067 21218641 13543049 
200500017228 21234828 13553908 
200600009599 21258622 13567601 
200700009486 21284158 13582815 
200800015637 21292840 13588642 
200900018919 21293683 13589404 
201000020222 21300434 13594188 
201100009498 21307767 13599212 
201200013515 21308856 13600165 
201300012485 21311163 13601985 
201400012191 21322201 13608678 
201500019582 21323254 13609605 
201600020143 21326083 13611419 
201700011250 21334256 13617482 
201800017867 21351938 13630236 
201900010969 21378021 13647748 
202000010821 21404977 13662986 
202100014561 21428398 13674128 
202200012519 21452129 13687726 
202300013246 21476628 13700910 
202400009477 21502882 13716846 
202500009034 21532497 13735160 
202600015044 21556084 13747758 
202700025050 21581780 13762497 
202800011607 21604829 13775475 
202900010483 21624077 13783197 
203000012970 21641580 13790310 
203100009609 21659188 13797457 
203200020909 21683623 13810610 
203300021149 21703327 13818467 
203400018880 21723604 13826309 
203500010340 21743476 13833490 
203600012873 21767670 13845481 
203700011328 21789954 13855632 
203800015820 21812200 13864855 
203900017218 21834452 13875175 
204000011416 21848930 13881071 
204100011357 21867474 13887831 
204200017346 21891795 13900688 
204300006770 21904183 13908246 
204400022431 21910743 13913601 
204500016945 21927187 13925406 
204600011171 21953241 13943343 
204700011131 21977913 13954934 
204800011644 22000795 13967008 
204900011462 22024878 13980660 
205000013792 22048983 13994435 
205100023386 22064769 14004239 
205200012293 22070978 14008902 
205300015321 22090806 14024062 
205400011820 22115328 14043027 
205500013310 22141569 14059533 
205600017069 22150718 14066461 
205700015186 22163868 14076763 
205800011277 22184779 14091306 
205900008487 22218337 14114248 
206000012951 22240243 14127508 
206100013119 22259899 14133775 
206200012056 22274375 14138737 
206300012614 22288833 14145597 
206400010362 22298375 14153198 
206500011622 22311705 14162784 
206600011198 22341678 14181656 
206700023487 22357148 14189574 
206800011060 22365787 14196478 
206900006424 22374841 14202429 
207000013634 22397834 14216966 
207100011147 22408192 14222428 
207200022413 22412984 14225539 
207300023903 22420948 14230120 
207400018643 22426636 14233900 
207500011055 22431926 14236781 
207600015796 22440395 14241211 
207700010131 22452333 14245853 
207800015484 22454948 14247397 
207900021397 22465533 14252474 
208000010945 22471278 14254922 
208100010333 22479162 14258788 
208200010760 22482257 14260565 
208300011426 22491707 14266302 
208400029510 22495373 14268353 
208500012292 22502522 14272627 
208600007814 22507753 14275425 
208700023926 22510857 14276981 
208800010562 22513681 14278235 
208900016838 22520560 14281895 
209000010908 22527766 14286034 
209100008998 22531312 14287822 
209200014357 22536921 14290825 
209300022225 22541331 14292859 
209400020064 22547310 14296132 
209500032073 22551095 14298220 
209600006844 22556150 14300879 
209700012212 22562315 14304141 
209800013747 22566035 14305869 
209900010014 22570708 14308354 
210000018377 22573705 14309580 
210100023997 22577004 14311173 
210200010099 22583334 14314527 
210300016110 22588290 14317161 
210400012029 22591620 14318546 
210500010707 22596666 14321174 
210600009801 22602487 14324104 
210700017256 22608509 14327160 
210800011328 22614386 14330108 
210900014743 22619552 14332637 
211000005476 22625161 14335438 
211100024595 22630873 14338261 
211200015699 22634085 14339653 
211300014233 22642444 14344539 
211400011780 22654420 14351304 
211500011715 22660779 14354471 
211600011459 22665214 14357074 
211700012497 22685583 14374664 
211800012812 22709879 14395021 
211900022442 22734991 14414934 
212000010773 22750505 14427713 
212100017678 22768123 14442262 
212200010912 22774547 14447641 
212300011024 22778517 14450916 
212400013488 22782751 14454443 
212500014599 22786500 14457392 
212600014034 22789092 14459515 
212700013520 22803042 14470939 
212800011476 22834328 14488763 
212900015710 22856580 14501279 
213000012535 22886459 14518558 
213100009887 22906827 14529588 
213200012162 22937061 14551191 
213300009793 22966299 14569246 
213400015301 22999009 14589748 
213500013012 23034525 14613240 
213600017498 23061576 14629442 
213700011022 23089605 14647553 
213800009310 23118669 14663591 
213900009646 23152626 14684622 
214000014019 23189557 14707014 
214100010402 23203866 14719658 
214200018585 23211772 14726516 
214300012640 23212411 14727086 
214400015132 23213611 14728147 
214500012715 23225511 14738459 
214600018869 23229542 14741915 
214700010472 23250980 14760510 
214800016377 23273943 14780594 
214900011711 23296477 14799497 
215000010409 23319130 14818620 
215100013225 23335568 14831279 
215200014797 23351428 14844447 
215300012894 23356785 14848828 
215400015893 23360535 14851909 
215500010637 23364626 14855263 
215600077229 23367745 14857792 
215700018130 23370385 14859968 
215800011573 23380191 14867877 
215900009373 23408533 14890145 
216000010804 23432541 14903193 
216100018956 23454499 14914367 
216200012023 23472623 14922914 
216300012437 23496435 14934179 
216400012616 23521557 14947439 
216500010697 23550541 14962098 
216600012970 23576738 14976354 
216700009906 23604788 14993510 
216800014463 23629796 15007665 
216900013483 23659076 15031602 
217000011647 23681051 15049645 
217100012042 23694384 15060509 
217200013842 23709645 15073285 
217300015597 23713679 15076670 
217400014548 23717324 15079681 
217500009884 23722401 15083851 
217600011423 23723629 15084865 
217700015787 23726523 15087227 
217800009889 23737638 15095923 
217900015716 23755298 15109957 
218000011701 23773412 15124032 
218100010080 23793172 15138884 
218200011165 23808244 15151247 
218300012031 23814195 15156199 
218400017392 23817627 15158960 
218500014289 23821048 15161613 
218600010972 23845117 15179763 
218700012078 23869438 15197687 
218800009328 23888235 15212652 
218900010776 23898380 15220837 
219000017061 23902081 15223962 
219100011184 23906044 15227153 
219200013909 23909969 15230387 
219300015784 23925773 15241999 
219400012997 23942257 15255122 
219500025353 23960050 15268235 
219600014143 23963245 15270661 
219700018022 23964691 15271769 
219800020922 23965638 15272534 
219900013516 23985798 15285803 
220000015300 24011348 15299901 
220100014390 24030312 15309493 
220200010492 24054111 15325147 
220300016356 24075830 15334715 
220400016638 24091682 15347114 
220500011195 24093924 15349018 
220600013120 24095094 15349907 
220700014673 24096418 15351046 
220800014879 24114132 15363050 
220900011722 24133790 15378565 
221000015303 24158664 15396224 
221100010619 24174164 15408160 
221200017747 24175639 15409404 
221300014888 24176412 15409945 
221400011533 24179322 15412254 
221500011275 24211786 15433500 
221600011052 24243888 15452327 
221700011654 24262503 15463986 
221800023603 24266774 15467299 
221900015833 24268281 15468529 
222000012221 24269055 15469165 
222100011491 24276945 15474711 
222200011390 24292713 15487173 
222300014014 24313753 15503962 
222400013630 24335864 15520881 
222500012308 24338564 15522966 
222600013566 24340093 15524181 
222700014157 24340986 15524931 
222800010682 24360323 15539335 
222900011211 24387112 15556138 
223000012413 24414316 15570190 
223100015739 24432008 15581955 
223200015388 24433609 15583271 
223300021297 24434677 15584172 
223400012799 24435780 15585154 
223500014589 24447564 15593651 
223600030368 24460121 15603308 
223700010805 24478569 15617584 
223800013071 24482774 15620597 
223900011634 24485668 15622911 
224000012431 24486425 15623485 
224100012909 24498814 15633571 
224200009516 24518907 15649002 
224300012568 24537587 15664102 
224400010945 24563653 15681068 
224500011892 24584386 15695985 
224600009522 24585960 15697328 
224700010284 24586983 15698187 
224800013366 24588169 15699221 
224900010100 24597508 15705939 
225000008908 24609563 15715393 
225100012284 24625258 15727786 
225200012811 24631574 15732482 
225300013449 24633236 15733908 
225400018199 24634738 15734987 
225500014870 24646536 15744386 
225600019297 24655138 15750255 
225700012314 24657305 15752111 
225800012547 24658343 15752925 
225900009407 24660521 15754800 
226000011161 24669369 15760927 
226100018621 24679865 15768564 
226200010679 24691635 15777339 
226300018136 24693805 15779118 
226400013895 24695742 15780585 
226500012505 24696772 15781357 
226600009237 24707069 15789401 
226700017664 24738578 15809160 
226800017178 24759023 15821364 
226900015235 24761172 15823141 
227000010865 24763210 15824928 
227100014504 24764380 15825817 
227200011747 24766879 15827968 
227300011658 24776377 15834694 
227400013036 24793385 15847988 
227500094520 24822228 15868233 
227600013355 24846259 15886067 
227700011447 24852930 15890980 
227800013426 24855213 15892843 
227900014555 24856424 15893745 
228000013126 24858185 15895175 
228100012074 24876443 15909316 
228200008582 24910669 15933594 
228300012411 24940612 15951360 
228400012795 24975091 15971423 
228500010935 25003242 15989246 
228600017232 25023061 15999287 
228700011402 25051863 16020984 
228800019784 25087784 16045035 
228900012773 25112126 16057531 
229000013092 25128946 16064604 
229100014131 25156133 16080633 
229200011754 25183483 16095049 
229300013606 25192702 16102966 
229400014825 25194885 16104990 
229500013852 25196430 16106267 
229600010219 25197558 16107257 
229700014599 25203997 16112201 
229800012792 25215861 16121654 
229900009937 25235824 16137891 
230000012342 25258421 16156009 
230100012986 25267702 16162681 
230200013270 25269937 16164549 
230300011239 25271583 16165842 
230400011723 25272711 16166775 
230500008641 25283405 16175162 
230600012274 25314124 16198456 
230700011351 25347718 16218844 
230800012113 25373653 16238428 
230900011093 25407035 16257520 
231000016365 25416473 16264760 
231100013833 25418615 16266618 
231200012174 25420483 16268068 
231300016920 25421505 16268926 
231400029272 25427011 16272996 
231500015865 25438741 16282079 
231600011823 25449813 16290390 
231700012058 25465878 16303265 
231800009765 25467772 16304874 
231900010808 25469859 16306658 
232000008670 25471022 16307530 
232100015849 25473556 16309680 
232200014055 25493303 16321751 
232300011717 25496881 16324440 
232400010891 25498695 16325936 
232500011166 25499739 16326653 
232600010885 25501543 16328056 
232700017157 25508262 16332529 
232800012574 25517851 16339931 
232900016145 25528225 16347434 
233000009470 25529939 16348856 
233100014998 25531746 16350383 
233200014959 25532857 16351102 
233300012628 25535517 16353376 
233400026954 25551223 16363135 
233500018156 25553925 16365072 
233600016285 25555663 16366427 
233700014317 25556809 16367207 
233800017224 25558755 16368646 
233900011798 25566688 16374153 
234000010400 25575359 16380712 
234100013291 25585377 16387877 
234200010784 25588854 16390763 
234300011686 25592042 16393423 
234400012843 25593868 16394783 
234500011680 25597757 16397946 
234600011939 25614342 16409017 
234700012674 25617653 16411609 
234800013735 25620283 16413624 
234900011770 25621757 16414639 
235000015037 25624273 16416561 
235100010772 25634505 16423857 
235200238355 25643844 16430714 
235300011040 25651799 16436424 
235400012503 25653696 16437988 
235500011839 25654992 16438996 
235600015168 25656082 16439879 
235700038037 25662024 16443632 
235800010466 25665196 16445584 
235900010729 25666866 16446689 
236000011964 25667708 16447158 
236100009725 25669651 16448372 
236200012871 25677989 16453864 
236300023458 25686315 16459893 
236400015183 25691177 16463238 
236500013798 25692917 16464679 
236600013551 25693682 16465218 
236700010583 25695463 16466686 
236800013899 25702215 16470503 
236900011860 25703689 16471601 
237000020203 25705383 16472851 
237100013707 25706044 16473221 
237200020745 25709859 16475499 
237300009816 25717624 16480925 
237400016772 25728042 16488238 
237500016741 25730282 16490015 
237600015669 25732122 16491420 
237700014036 25732855 16491976 
237800010774 25739463 16495759 
237900015517 25741118 16496907 
238000016352 25742583 16497861 
238100014812 25743447 16498399 
238200020978 25750499 16502877 
238300009031 25757894 16508016 
238400118166 25764793 16513079 
238500010163 25766895 16514807 
238600011060 25767829 16515476 
238700010880 25779666 16522644 
238800010217 25781750 16524066 
238900012203 25783364 16525139 
239000008421 25784349 16525780 
239100020611 25793585 16532058 
239200009319 25801692 16537774 
239300012598 25802422 16538368 
239400017556 25802435 16538377 
239500012057 25802449 16538386 
239600014923 25802691 16538584 
239700011271 25802744 16538629 
239800018094 25804095 16539740 
239900016717 25804927 16540432 
240000010325 25805327 16540758 
240100022052 25805396 16540811 
240200013268 25805840 16541186 
240300011630 25805910 16541242 
240400014646 25806300 16541569 
240500012088 25806567 16541779 
240600013193 25810269 16544477 
240700010796 25810413 16544592 
240800020252 25810465 16544633 
240900015356 25810508 16544668 
241000011476 25810512 16544670 
241100012921 25810527 16544682 
241200011468 25810609 16544744 
241300011711 25810693 16544817 
241400013665 25810710 16544830 
241500012074 25810713 16544832 
241600010563 25810768 16544879 
241700014638 25810832 16544936 
241800012759 25819656 16551558 
241900012891 25825150 16554709 
242000012637 25825166 16554717 
242100011320 25825175 16554723 
242200011659 25825294 16554813 
242300013305 25825453 16554931 
242400012044 25826007 16555349 
242500014084 25827763 16556721 
242600011714 25827918 16556833 
242700010659 25828185 16557032 
242800020934 25828315 16557124 
242900012300 25828737 16557449 
243000010891 25828843 16557526 
243100014818 25829182 16557775 
243200015351 25830065 16558243 
243300012663 25831162 16558924 
243400010996 25831250 16558981 
243500013317 25831279 16559002 
243600010841 25831297 16559015 
243700011364 25831313 16559024 
243800015888 25831313 16559024 
243900011394 25831470 16559142 
244000011087 25831484 16559150 
244100012139 25831489 16559154 
244200018677 25831500 16559161 
244300011770 25831589 16559224 
244400011486 25831606 16559232 
244500010785 25837841 16563246 
244600017463 25845187 16568301 
244700010586 25860999 16579467 
244800013929 25870757 16583962 
244900015166 25878552 16589602 
245000012622 25887036 16595736 
245100031555 25898714 16602497 
245200012904 25904607 16606430 
245300014178 25913643 16612765 
245400012197 25921118 16618568 
245500010975 25947285 16637187 
245600017674 25972490 16653030 
245700015903 25976734 16656111 
245800013393 25983054 16660465 
245900014395 25992798 16667644 
246000009959 26001854 16673160 
246100010737 26006346 16676021 
246200011327 26011528 16679117 
246300013959 26024532 16686422 
246400008612 26029192 16689387 
246500009534 26036190 16694024 
246600011389 26046532 16699023 
246700015615 26052394 16702986 
246800009959 26063796 16709608 
246900009159 26068913 16712200 
247000012049 26074140 16715497 
247100018201 26083688 16720394 
247200024080 26088141 16723039 
247300013847 26096482 16727757 
247400011388 26100480 16730079 
247500013668 26107770 16734501 
247600016950 26113108 16737245 
247700015703 26117814 16740083 
247800012600 26125625 16745522 
247900013634 26131579 16748255 
248000012963 26136653 16751535 
248100011513 26144095 16756812 
248200010631 26162978 16766875 
248300006507 26171294 16771464 
248400022474 26176679 16775044 
248500012926 26185918 16781369 
248600006699 26202879 16791452 
248700009398 26208215 16794862 
248800020209 26215025 16799284 
248900014554 26219831 16801942 
249000010140 26224046 16804355 
249100014491 26233528 16811144 
249200011867 26247573 16820547 
249300012539 26255143 16824898 
249400026504 26260447 16828506 
249500009255 26264791 16831092 
249600020558 26269355 16833582 
249700016552 26274352 16836706 
249800010686 26278106 16838636 
249900018299 26281953 16841012 
250000009497 26286012 16843535 
250100009838 26289808 16845281 
250200009351 26293998 16847961 
250300006540 26297638 16849962 
250400009823 26302010 16852291 
250500017101 26307321 16855624 
250600011536 26317247 16862062 
250700012263 26320928 16864417 
250800011307 26326843 16868115 
250900009161 26338987 16874472 
251000009485 26343052 16876999 
251100015608 26348648 16880611 
251200010438 26355159 16884171 
251300010725 26359539 16887113 
251400006417 26367986 16892349 
251500027387 26371768 16894485 
251600026984 26376054 16896910 
251700011338 26384826 16902328 
251800011040 26387051 16903609 
251900015826 26391427 16906527 
252000020669 26399437 16910525 
252100020268 26401800 16911883 
252200019077 26405478 16914302 
252300012000 26410745 16917094 
252400027160 26413556 16918700 
252500020929 26417783 16921407 
252600026887 26420244 16922482 
252700010268 26423670 16924300 
252800032272 26425584 16925069 
252900028767 26427516 16925912 
253000021614 26433663 16929286 
253100009828 26435455 16930162 
253200007536 26441801 16933789 
253300016453 26444416 16935154 
253400015864 26453128 16939860 
253500010147 26455256 16940912 
253600017571 26461278 16944049 
253700015837 26467684 16946695 
253800020386 26469857 16947799 
253900012104 26476364 16950907 
254000014530 26478617 16952269 
254100016574 26486671 16956643 
254200022455 26488403 16957558 
254300027387 26495387 16961288 
254400013787 26496843 16961995 
254500018911 26505116 16966278 
254600012080 26506824 16967101 
254700015940 26513020 16970444 
254800022410 26514548 16971225 
254900011012 26520214 16974204 
255000013614 26522187 16975153 
255100020165 26527882 16978144 
255200027184 26532687 16980682 
255300037971 26535041 16981731 
255400019305 26538113 16983071 
255500014495 26540289 16984004 
255600008696 26542742 16985154 
255700008460 26545531 16986359 
255800006420 26549464 16988750 
255900027061 26552544 16990307 
256000017116 26558011 16993228 
256100038044 26560208 16994197 
256200020656 26562390 16995221 
256300013921 26575928 17006806 
256400015155 26591029 17018545 
256500012823 26613370 17032925 
256600012425 26638384 17050021 
256700013902 26668618 17070872 
256800013788 26700103 17092576 
256900014324 26729667 17114266 
257000012232 26766894 17141694 
257100010538 26799436 17166567 
257200014193 26828122 17188817 
257300012725 26843952 17201559 
257400018486 26867282 17217454 
257500013454 26893348 17235021 
257600016552 26920164 17257650 
257700004335 26941603 17275252 
257800013059 26961720 17290460 
257900015523 26987764 17307857 
258000014534 27016589 17330334 
258100013907 27045955 17356317 
258200021387 27075322 17381045 
258300014334 27104391 17407009 
258400011855 27133566 17430593 
258500013666 27160743 17450491 
258600015663 27177801 17460314 
258700015148 27191639 17466769 
258800012762 27212819 17481000 
258900011191 27229773 17489534 
259000011870 27256050 17506761 
259100013816 27278407 17519521 
259200011615 27670248 17858745 
259300011604 27696490 17879378 
259400013952 27714995 17889433 
259500012928 27731375 17897751 
259600011487 27747710 17906492 
259700014871 27768430 17918043 
259800010689 27788587 17929405 
259900008344 27810015 17942205 
260000017202 27832489 17957635 
260100012182 27864142 17974893 
260200012690 27895938 17994650 
260300014247 27931877 18015845 
260400013657 27961482 18038225 
260500013087 27995357 18062650 
260600025232 28014784 18077438 
260700028042 28029383 18090157 
260800018312 28055572 18112525 
260900010416 28079983 18131558 
261000013723 28108689 18152205 
261100011995 28135584 18175196 
261200010527 28158746 18194982 
261300011110 28186731 18218125 
261400097036 28207120 18235428 
261500012667 28229691 18254313 
261600014896 28261824 18281443 
261700009592 28293563 18308172 
261800051451 28310855 18323040 
261900010416 28325737 18334476 
262000012188 28349190 18348887 
262100013596 28374536 18365932 
262200010662 28391028 18379596 
262300010741 28407217 18391950 
262400011398 28431616 18407294 
262500013801 28461581 18429292 
262600011132 28495320 18454906 
262700008614 28525764 18478212 
262800010995 28564283 18506768 
262900016351 28605186 18536394 
263000014740 28623260 18551504 
263100014508 28645520 18567479 
263200013428 28671913 18584804 
263300010302 28695970 18604003 
263400015270 28714220 18618600 
263500011729 28739675 18635622 
263600012685 28767856 18656005 
263700011476 28795032 18679795 
263800010147 28827169 18706147 
263900009761 28849916 18725654 
264000014162 28880573 18747345 
264100015864 28900475 18759751 
264200010398 28920521 18771822 
264300012601 28938683 18782254 
264400014625 28955729 18792171 
264500014835 28975565 18804070 
264600013230 28990820 18812946 
264700011762 29384620 19154946 
264800016075 29403914 19171093 
264900013372 29423330 19187183 
265000010108 29446810 19204930 
265100009215 29468257 19216928 
265200014696 29486900 19227308 
265300008372 29507019 19239074 
265400016167 29521599 19247795 
265500013482 29539914 19259425 
265600018102 29564660 19275470 
265700010459 29582850 19284766 
265800013699 29601425 19295343 
265900014467 29623331 19308969 
266000024296 29646040 19321826 
266100011380 29675551 19339731 
266200009867 29707576 19363022 
266300012944 29737742 19383487 
266400010303 29774765 19410450 
266500012178 29809682 19433227 
266600009104 29835565 19450558 
266700013450 29863950 19468427 
266800009261 29888821 19486119 
266900013218 29904163 19499427 
267000012680 29923834 19512692 
267100012173 29944819 19528328 
267200012524 29970751 19545730 
267300013543 29991960 19562697 
267400009883 30014646 19581005 
267500011088 30041095 19601391 
267600010555 30061609 19617667 
267700011051 30082955 19632798 
267800011475 30109948 19651945 
267900020427 30133444 19666265 
268000011509 30149365 19680551 
268100010975 30165834 19694919 
268200011700 30183036 19709332 
268300014417 30207335 19726438 
268400019125 30234656 19744820 
268500012372 30267677 19773663 
268600013543 30303741 19802603 
268700013053 30331733 19826486 
268800012849 30361384 19850972 
268900010262 30389308 19874009 
269000016224 30417006 19896431 
269100010346 30443821 19918197 
269200010622 30459136 19931137 
269300013650 30479770 19947005 
269400013116 30500912 19963731 
269500021661 30525410 19982761 
269600024698 30543859 19996692 
269700013513 30568298 20016470 
269800009318 30589634 20033081 
269900011890 30605937 20041216 
270000014864 30617695 20048109 
270100013162 30634138 20056966 
270200013074 30653890 20068631 
270300012980 30669199 20076425 
270400010857 30693576 20092804 
270500009903 30708971 20101287 
270600008981 30726612 20112412 
270700015408 30744322 20122258 
270800007229 30762796 20132791 
270900008273 30788764 20151667 
271000011408 30816069 20170693 
271100009954 30841011 20187110 
271200014495 30861524 20201080 
271300017668 30885205 20220883 
271400014637 30900630 20234379 
271500017980 30920480 20248014 
271600013739 30943843 20264722 
271700010952 30971732 20283414 
271800009945 30997828 20302152 
271900020585 31030532 20325050 
272000009951 31064504 20350135 
272100015014 31084598 20367134 
272200017042 31108345 20386803 
272300010287 31135748 20408153 
272400009846 31156310 20425184 
272500001552 31182371 20446099 
272600010873 31213594 20468355 
272700014779 31231422 20483057 
272800013303 31246288 20496000 
272900009748 31274776 20521602 
273000010603 31303609 20546071 
273100011224 31327491 20565424 
273200009266 31350228 20584165 
273300012106 31376414 20605259 
273400011312 31405220 20628964 
273500011558 31435042 20653924 
273600020520 31458961 20674525 
273700013735 31482612 20693964 
273800013455 31497811 20706406 
273900014036 31516863 20720828 
274000018344 31536447 20736243 
274100012012 31559924 20754495 
274200010667 31580187 20769967 
274300015294 31600285 20784735 
274400011243 31618441 20795878 
274500010567 31638230 20808528 
274600009362 31657565 20820945 
274700010535 31674641 20831683 
274800011256 31693504 20842063 
274900010309 31712145 20852632 
275000015240 31733356 20866775 
275100013791 31752997 20879694 
275200012177 31777608 20896151 
275300013406 31790756 20903162 
275400010636 31810087 20915614 
275500012760 31823717 20924135 
275600008772 31845357 20940483 
275700014453 31874326 20966615 
275800014828 31898990 20984057 
275900015436 31917764 20995625 
276000015008 31940100 21012979 
276100010696 31963843 21029874 
276200013582 31980540 21044645 
276300009295 32001907 21061814 
276400015201 32021145 21075908 
276500010961 32037624 21089101 
276600011771 32050594 21099950 
276700013760 32072481 21118154 
276800018070 32092404 21134049 
276900011577 32112519 21149641 
277000012257 32130144 21163282 
277100015818 32147670 21176799 
277200021428 32169521 21192158 
277300013269 32185309 21204181 
277400012265 32203612 21218343 
277500011343 32222383 21232842 
277600012609 32241373 21246021 
277700013352 32260227 21260592 
277800009801 32279441 21275029 
277900007180 32296435 21288147 
278000012605 32312865 21301170 
278100009105 32328772 21313179 
278200011283 32347444 21326690 
278300012419 32366537 21340962 
278400010261 32391615 21359490 
278500013225 32418971 21378703 
278600011243 32440062 21396485 
278700015000 32462274 21414216 
278800014789 32487279 21432418 
278900009943 32520438 21456230 
279000012398 32552388 21479973 
279100012357 32564617 21489201 
279200011201 32576139 21497860 
279300021442 32589474 21508193 
279400010838 32604716 21520120 
279500012519 32622836 21533492 
279600011289 32641094 21547739 
279700009346 32653796 21556980 
279800011809 32667211 21566976 
279900009858 32679694 21576537 
280000015371 32693023 21587072 
280100013867 32708426 21597965 
280200015509 32726108 21609784 
280300015032 32741405 21618551 
280400011910 32758263 21627855 
280500011667 32775536 21638809 
280600012710 32794954 21652838 
280700009834 32810267 21662898 
280800011130 32821856 21671567 
280900014002 32835677 21682157 
281000020397 32848505 21692088 
281100009791 32862310 21702694 
281200016864 32879383 21714878 
281300010039 32897814 21727138 
281400021432 32923428 21745649 
281500010336 32947946 21761667 
281600025600 32960632 21770866 
281700012851 32974641 21781925 
281800011954 32987658 21791305 
281900007544 32997866 21798812 
282000010420 33015963 21812237 
282100013441 33025444 21818263 
282200028631 33035602 21825782 
282300011541 33046106 21833286 
282400012779 33062083 21843968 
282500010938 33080114 21855625 
282600015329 33091091 21861856 
282700019161 33101310 21869265 
282800009032 33108658 21874223 
282900010297 33125444 21884610 
283000018376 33131832 21888488 
283100012354 33139710 21893936 
283200012806 33150531 21900306 
283300010597 33157288 21903750 
283400014098 33162924 21907784 
283500011270 33170866 21912305 
283600009680 33175962 21915252 
283700010158 33183886 21920678 
283800009456 33202957 21933963 
283900015998 33215059 21941255 
284000023558 33223185 21947119 
284100011594 33230519 21951898 
284200016785 33240302 21957738 
284300015925 33246501 21961968 
284400009452 33253397 21965948 
284500011476 33257740 21968284 
284600009931 33261929 21970752 
284700018570 33268463 21974260 
284800035506 33273356 21977597 
284900011943 33280082 21981082 
285000009845 33283211 21982978 
285100020923 33289411 21986217 
285200014670 33292270 21987785 
285300006115 33298111 21990829 
285400023531 33300894 21992276 
285500023698 33308147 21996078 
285600022833 33311461 21997717 
285700014954 33316522 22000380 
285800024499 33319591 22001813 
285900021292 33322522 22003037 
286000009847 33325176 22004299 
286100027045 33330775 22007103 
286200010724 33332956 22008066 
286300020361 33338459 22010718 
286400027607 33341261 22011949 
286500012450 33344655 22013328 
286600008976 33349632 22016253 
286700012837 33353500 22017686 
286800015594 33358272 22020035 
286900018054 33360358 22020978 
287000010430 33363561 22022472 
287100027544 33365996 22023481 
287200013505 33368174 22024486 
287300028506 33373082 22026949 
287400010091 33375645 22028037 
287500008993 33378291 22029259 
287600017369 33383025 22031741 
287700018122 33386946 22033558 
287800009923 33389273 22034531 
287900031893 33391875 22035727 
288000009673 33396037 22037823 
288100013419 33400702 22040127 
288200029858 33403494 22041337 
288300031340 33406305 22042575 
288400009258 33409057 22043797 
288500029760 33412065 22045098 
288600011266 33415031 22046404 
288700024122 33418067 22047710 
288800021982 33421424 22049270 
288900008854 33425086 22050929 
289000026031 33430104 22053469 
289100007694 33433216 22054875 
289200015981 33449374 22068397 
289300010681 33470417 22082488 
289400021048 33484601 22093309 
289500012580 33494710 22101270 
289600011170 33515464 22114925 
289700012049 33526229 22122670 
289800090174 33540861 22133297 
289900011233 33555378 22142184 
290000021452 33564465 22147641 
290100023419 33572288 22152238 
290200013985 33580037 22156424 
290300008592 33585041 22159133 
290400016076 33588775 22160782 
290500019171 33592522 22162413 
290600032034 33596005 22163914 
290700016622 33602938 22167778 
290800007379 33609379 22170469 
290900020279 33616251 22173847 
291000014998 33622147 22176720 
291100012658 33625262 22178139 
291200024084 33630313 22180479 
291300024621 33635219 22182836 
291400020182 33640437 22185415 
291500006526 33643679 22186715 
291600028710 33647327 22188170 
291700029804 33650736 22189514 
291800013627 33653985 22190800 
291900032925 33657954 22192450 
292000011201 33661667 22194027 
292100012379 33673569 22204166 
292200011147 33697185 22224310 
292300015865 33723164 22243984 
292400015431 33746978 22262812 
292500010335 33764664 22276768 
292600011298 33791822 22293595 
292700013336 33821821 22316011 
292800013510 33845603 22330397 
292900010649 33874946 22348022 
293000013587 33891799 22362302 
293100009746 33909751 22377234 
293200014774 33932760 22392435 
293300011920 33962594 22418886 
293400011934 33982517 22435334 
293500010306 34005871 22454470 
293600011496 34026946 22470967 
293700010523 34045397 22484716 
293800011303 34062922 22498433 
293900009348 34087131 22518000 
294000011670 34112377 22536765 
294100016939 34136867 22551907 
294200011695 34156633 22567210 
294300010745 34168466 22575784 
294400015261 34185049 22588468 
294500012732 34198486 22599027 
294600009660 34215036 22611966 
294700010995 34238073 22629608 
294800010002 34263645 22647798 
294900009737 34279722 22660019 
295000011829 34309501 22681973 
295100013386 34330052 22697021 
295200012068 34348654 22710657 
295300010494 34364105 22721927 
295400012366 34383251 22737109 
295500012462 34399681 22749781 
295600010209 34414154 22761248 
295700011475 34431134 22773283 
295800008200 34446884 22785391 
295900011521 34468657 22798898 
296000020554 34488820 22812346 
296100017648 34496443 22817826 
296200013579 34513395 22830839 
296300011579 34529769 22843422 
296400019642 34548010 22857174 
296500014940 34564693 22869103 
296600010977 34578730 22879645 
296700010511 34600162 22893923 
296800015544 34610410 22901398 
296900012266 34622728 22910307 
297000010407 34635364 22919523 
297100019074 34649637 22929877 
297200015712 34663458 22940883 
297300015272 34684953 22954881 
297400016922 34692085 22960111 
297500011994 34704605 22968882 
297600024657 34718215 22979314 
297700016025 34728895 22987212 
297800020156 34742237 22994907 
297900025106 34751751 23001055 
298000014439 34761372 23008060 
298100017985 34778017 23020262 
298200012597 34792315 23028172 
298300010035 34804335 23036971 
298400014602 34814269 23044050 
298500020155 34823380 23050155 
298600023325 34829998 23054689 
298700008983 34839539 23061634 
298800012266 34853086 23070140 
298900024085 34864055 23077210 
299000009800 34872076 23083107 
299100010643 34884783 23091315 
299200025252 34894401 23097217 
299300013973 34904063 23104479 
299400016516 34918129 23113330 
299500020353 34924949 23117352 
299600010651 34931106 23121305 
299700016581 34941749 23127758 
299800013143 34946598 23130777 
299900026558 34957048 23137402 
300000020612 34962800 23141052 
300100014844 34973959 23148998 
300200021897 34987617 23157411 
300300012794 34997078 23164353 
300400010864 35006497 23170546 
300500016903 35013303 23174668 
300600014726 35023346 23181778 
300700013520 35032310 23186984 
300800016312 35039002 23191617 
300900015542 35046905 23196128 
301000016773 35050332 23198194 
301100015199 35054003 23199710 
301200006280 35059131 23203042 
301300007336 35067974 23208280 
301400013736 35075589 23213707 
301500026195 35082130 23217540 
301600012273 35087335 23220837 
301700009090 35092234 23223051 
301800008218 35096194 23225306 
301900027975 35103405 23228747 
302000028443 35106167 23230086 
302100012094 35111717 23232991 
302200025826 35117391 23235824 
302300028358 35120378 23237138 
302400019706 35125899 23239933 
302500025609 35132353 23243282 
302600007489 35136216 23245126 
302700023544 35141542 23247618 
302800016155 35148226 23250753 
302900016638 35151405 23252213 
303000015123 35156659 23254736 
303100015272 35160945 23256947 
303200038477 35163355 23257957 
303300029247 35168766 23260560 
303400018081 35172571 23262434 
303500024948 35175243 23263559 
303600025552 35180044 23265655 
303700027260 35183683 23267341 
303800024235 35186487 23268556 
303900012671 35190672 23270393 
304000009534 35194971 23272297 
304100029784 35198897 23274200 
304200005768 35201696 23275299 
304300020049 35205912 23277206 
304400013315 35215009 23284618 
304500015342 35230992 23296814 
304600009614 35249901 23308558 
304700007629 35268757 23319721 
304800009323 35285051 23329929 
304900011913 35301133 23341992 
305000010301 35317915 23352788 
305100027390 35332386 23363614 
305200012214 35346334 23373490 
305300009839 35363801 23385669 
305400010633 35380205 23396614 
305500007577 35390822 23403651 
305600010474 35398999 23408586 
305700009537 35408367 23414859 
305800011483 35416980 23420344 
305900023895 35421991 23423185 
306000012409 35431508 23429443 
306100013583 35439752 23433719 
306200013088 35449277 23439278 
306300010576 35460826 23446799 
306400019931 35477680 23457351 
306500011203 35486005 23462248 
306600013026 35498654 23471524 
306700017726 35512840 23480038 
306800010038 35520851 23485785 
306900013924 35536333 23495477 
307000016984 35557386 23507937 
307100017541 35573867 23516043 
307200085092 35581584 23521436 
307300016230 35594902 23529107 
307400029273 35608714 23536260 
307500007133 35617034 23541878 
307600015036 35627430 23547460 
307700021936 35638020 23552648 
307800013507 35645323 23557151 
307900029894 35654050 23561636 
308000032460 35659176 23564303 
308100015900 35663233 23566128 
308200009177 35666628 23567622 
308300015059 35676109 23574242 
308400014938 35689218 23581800 
308500014391 35693808 23584172 
308600014018 35702713 23589668 
308700024985 35712672 23595372 
308800014118 35718804 23599090 
308900027440 35725595 23602678 
309000015198 35733478 23607562 
309100030705 35740394 23610698 
309200024965 35748374 23615510 
309300013073 35752992 23617767 
309400011662 35760732 23621511 
309500033707 35764200 23623174 
309600013835 35769629 23625597 
309700014944 35774380 23628037 
309800028604 35777905 23629364 
309900146308 35784167 23632229 
310000025622 35786944 23633499 
310100026294 35791282 23635510 
310200018797 35796618 23637852 
310300010521 35799553 23639110 
310400018206 35802282 23640289 
310500017717 35805155 23641500 
310600011237 35807649 23642524 
310700030025 35810832 23643928 
310800027700 35814117 23645354 
310900024934 35816996 23646594 
310930011897 35817529 23646876 
