100297240 1177176.000000
200575867 113276
300189552 48415
400358288 104256
500399047 46864
600584157 43769
700694430 45381
800494232 146284
900839545 26531
1000524958 29864
1100765373 24109
1200231436 21491
1300756275 40513
1400416930 41452
1500620204 14405
1600362742 11141
1700781675 8942
1800599878 11061
1900773874 179535
2000776218 33667
2100552347 27895
2200593776 35570
2300610024 199591
2400744126 34192
2500786137 27582
2600786628 22916
2700749578 37023
2800808306 22325
2900793001 14816
3000717759 41529
3100416061 37056
3200415798 19313
3300789707 21766
3400763527 24011
3500810317 18596
3600770434 16111
3700807730 12152
3800808575 7195
3900808480 7483
4000832105 8133
4100808338 9283
4200809059 12189
4300813204 31197
4400597681 71592
4500242536 983336
4600206128 1376984
4700195770 1045291
4800235849 2456737
4900231537 4889966
5000283454 1275162
5100206795 917784
5200178826 870341
5300259804 3099924
5400261907 473167
5500333333 445584
5600315514 507175
5700294689 441687
5800265056 991960
5900270559 260444
6000264041 263023
6100245421 255954
6200282384 261631
6300372368 3649309
6400238128 1719378
6500263716 1040278
6600260754 1026713
6700231407 1224064
6800207099 3740189
6900290722 832522
7000282110 231854
7100312043 233647
7200352964 232300
7300273879 1971040
7400324970 1272287
7500285626 503817
7600364148 233736
7700291095 228680
7800305084 228485
7900363492 1195648
8000289393 1725497
8100306674 1441525
8200231240 1154692
8300280947 976109
8400242153 1338248
8500239635 3233905
8600322844 1622466
8700315428 226224
8800289726 336445
8900282447 230470
9000295206 461139
9100341781 1153228
9200279994 1056699
9300272982 736352
9400267807 796493
9500290743 635665
9600269504 974688
9700291178 727596
9800306269 759127
9900286950 499093
10000281616 881146
10100302471 689756
10200309141 911315
10300283636 810800
10400274152 908942
10500290056 685730
10600305622 699588
10700308846 834427
10800302468 689701
10900282377 810345
11000297767 920138
11100323983 894047
11200302260 729221
11300357195 637954
11400294266 517227
11500302923 648704
11600338667 722211
11700320923 565802
11800317039 723107
11900317744 611527
12000342370 601372
12100316243 616604
12200300578 789232
12300310358 588922
12400297360 527553
12500242900 638447
12600330389 419679
12700318282 717700
12800334976 489158
12900338483 544507
13000328956 618757
13100338169 1138137
13200342511 445079
13300342345 616377
13400325667 557626
13500343360 591372
13600375417 767392
13700323762 758228
13800328265 817183
13900348767 790604
14000363013 688864
14100360602 622426
14200353568 638521
14300349651 754584
14400354488 853445
14500337762 589663
14600345476 750472
14700365519 865332
14800369919 775435
14900364756 743137
15000346830 676575
15100412793 715633
15200366940 665212
15300372080 551812
15400360960 578850
15500376450 499168
15600359231 616179
15700419774 649223
15800369586 547687
15900380656 568650
16000386348 433395
16100401966 663719
16200409931 616638
16300377299 906171
16400434340 788815
16500375274 728147
16600382682 567319
16700366003 784145
16800381921 1156103
16900391620 769719
17000395275 925002
17100378868 738970
17200391334 621283
17300402677 573975
17400384440 722089
17500388703 782562
17600407447 507099
17700398423 724807
17800401924 685640
17900407659 604700
18000414235 647832
18100392933 535994
18200414747 613318
18300408569 626099
18400416879 837352
18500418716 837432
18600419548 573990
18700424783 638405
18800402000 610002
18900418387 471999
19000427350 609823
19100414875 705320
19200444556 682605
19300412095 663536
19400425762 896097
19500430206 792701
19600424028 717948
19700440103 537545
19800424897 647872
19900433604 650512
20000434288 732804
20100436747 591126
20200427870 881200
20300438359 775496
20400428789 841596
20500443754 846887
20600462412 701455
20700454850 658209
20800432393 540624
20900444976 603402
21000458362 495366
21100458116 921824
21200485633 571266
21300457011 588379
21400451668 570245
21500460915 555021
21600461962 793895
21700461165 725623
21800463759 671221
21900478844 650536
22000477658 631601
22100457970 570821
22200470883 635789
22300455331 709588
22400485203 699768
22500500881 654666
22600462422 599702
22700482081 754851
22800484790 654273
22900475529 613686
23000465155 537898
23100480358 811061
23200474072 588493
23300482302 526283
23400503222 583134
23500480756 475028
23600477389 756488
23700488267 749085
23800485207 603151
23900480723 834987
24000489019 703582
24100497165 509818
24200483201 537913
24300450916 893498
24400483267 566662
24500508786 802018
24600491218 562610
24700508636 527573
24800512833 789605
24900508071 769117
25000515429 701703
25100509944 538180
25200508473 721966
25300522820 476199
25400527784 429248
25500511216 490531
25600526447 542091
25700525021 489300
25800525581 749006
25900558996 536107
26000524961 479268
26100531320 711194
26200519297 728822
26300525901 605807
26400535691 692479
26500530830 464516
26600530327 978547
26700539297 610767
26800535894 578614
26900525369 715831
27000558634 642979
27100544250 691336
27200539110 817459
27300538411 814646
27400638238 670872
27500542687 755276
27600536714 648420
27700541218 879557
27800543009 709314
27900548806 568448
28000552267 738723
28100562996 917741
28200575228 606524
28300552565 723816
28400571360 660544
28500550926 470222
28600537096 811598
28700575839 644046
28800573947 518704
28900584739 659313
29000582290 791337
29100573169 579877
29200566466 700380
29300603719 813301
29400585787 848220
29500582413 550798
29600585060 591568
29700572408 500297
29800582727 563532
29900590137 500105
30000578083 637957
30100585651 581468
30200581857 508792
30300563311 890497
30400578012 879850
30500592142 821961
30600585169 701551
30700605832 527232
30800599343 643142
30900593462 590252
31000615201 733260
31100588775 699256
31200607745 856852
31300609089 763342
31400608170 484143
31500610917 662235
31600619544 695614
31700600530 720422
31800612842 798941
31900616588 748312
32000606518 834504
32100616348 614356
32200621927 717847
32300614805 654788
32400634915 646017
32500609949 1182736
32600634776 699939
32700614603 581854
32800612297 821082
32900619967 610905
33000594002 640858
33100633146 674027
33200640849 676386
33300632479 707726
33400634716 775834
33500641037 431995
33600637519 654082
33700642826 751858
33800638705 804314
33900628287 422863
34000698974 584102
34100630669 894809
34200649796 812236
34300669564 849914
34400670825 683156
34500662723 727661
34600654823 529642
34700649573 779032
34800663430 704966
34900659786 574902
35000651248 806060
35100663877 546364
35200658452 847165
35300665156 545305
35400665711 717082
35500674499 769135
35600649092 705399
35700674502 524694
35800651895 757666
35900656914 1042555
36000680128 971971
36100739303 616620
36200679527 689010
36300651444 664984
36400665470 677098
36500675882 860490
36600657964 790990
36700678539 619766
36800679297 847686
36900699226 447529
37000669866 573007
37100701419 585852
37200686734 571931
37300711166 563678
37400685406 844474
37500709777 620973
37600690482 811202
37700700992 647682
37800692291 764414
37900754095 687377
38000707216 571543
38100709689 579379
38200697462 628395
38300700483 525495
38400702626 687514
38500694966 593805
38600692316 722626
38700683773 703311
38800720488 1191345
38900730317 913913
39000719841 503978
39100701143 580273
39200742390 560594
39300720684 642370
39400783922 468685
39500735559 637006
39600698512 641925
39700720658 440063
39800695950 588271
39900706731 636915
40000718940 839853
40100740851 625401
40200736114 664819
40300740133 599214
40400751380 621492
40500739456 479081
40600716158 768899
40700662305 913652
40800797638 929689
40900748594 610143
41000735852 600747
41100748959 621296
41200724969 474973
41300743305 725673
41400756365 711624
41500765210 736021
41600761003 921415
41700762686 731328
41800762477 715372
41900761143 498549
42000760924 591932
42100780973 676864
42200759363 567261
42300756559 611398
42400803756 751992
42500783723 854697
42600757539 454016
42700768496 543010
42800771244 606216
42900786326 724252
43000772554 712135
43100790735 550385
43200769569 583408
43300772335 614200
43400769452 813654
43500800255 756163
43600782879 545656
43700790188 789842
43800784532 630105
43900794996 905156
44000790350 471955
44100804044 711129
44200807710 713736
44300780840 634864
44400796495 599233
44500800105 695616
44600792723 812312
44700792375 777355
44800796654 743123
44900824338 623563
45000799097 502348
45100787433 885467
45200802830 618001
45300785073 556699
45400791578 1047692
45500814027 677979
45600795109 776914
45700829525 676187
45800823182 546157
45900823285 829525
46000823632 464552
46100836070 609450
46200829947 638941
46300849563 555190
46400818130 669392
46500850517 564016
46600839575 657878
46700851532 465632
46800834997 615852
46900840825 567994
47000836347 680354
47100842262 466950
47200847340 442174
47300841119 812971
47400835248 688335
47500857968 640748
47600846284 646123
47700851604 672290
47800838827 438485
47900762377 516334
48000855569 708388
48100859377 609506
48200835040 668826
48300865813 845868
48400839594 549109
48500840995 695189
48600858478 904721
48700849208 689760
48800916035 902318
48900872783 882110
49000866736 583281
49100870819 903766
49200865769 516877
49300872410 632802
49400788915 852524
49500876585 942249
49600877112 762994
49700875533 604459
49800875700 536883
49900869362 910311
50000879591 750343
50100883930 423613
50200910993 882134
50300918819 744700
50400889886 894025
50500890822 578337
50600903284 616215
50700890813 532037
50800811521 1378058
50900821850 5216653
51000819833 5221881
51100820831 5393151
51200820331 5305225
51300846352 5485878
51400824555 5093429
51500828505 5187597
51600834240 5816673
51700836806 5391663
51800832585 5407755
51900781141 5119751
52000833552 5182366
52100834070 5503391
52200840497 5001247
52300787620 5162780
52400840701 5841739
52500842732 5111729
52600846598 5297986
52700847207 5283251
52800847770 5087038
52900846200 5195383
53000844661 5205089
53100852532 4983217
53200854458 5213177
53300854446 5406219
53400852445 5083657
53500858564 5290810
53600860114 6110536
53700807318 5494433
53800861401 5208015
53900864476 5213897
54000812191 5289619
54100866169 5505456
54200867279 5605849
54300870258 5075241
54400817561 4775711
54500875981 5312478
54600872765 4998893
54700875140 4994529
54800883470 5506963
54900825525 5086436
55000887241 5219256
55100881979 4980104
55200885115 5400792
55300885251 5075917
55400889345 5488495
55500886996 5203471
55600886863 4885989
55700837647 5240858
55800889595 5363790
55900894096 5602798
56000841811 5019694
56100898335 5248892
56200897341 4987355
56300902127 5095369
56400899550 5203861
56500905823 5100482
56600902684 5205126
56700906773 5214058
56800883080 5003842
56900904525 5198382
57000910032 5414567
57100907784 5078437
57200915286 4787327
57300910833 4899172
57400912636 5196310
57500918440 5392932
57600920621 5194442
57700913826 5185743
57800921146 5303562
57900921578 5186082
58000922134 4905415
58100923984 5090250
58200923941 5298485
58300924499 5103078
58400929158 5202744
58500927525 5494841
58600934657 5386145
58700931298 4996675
58800937158 4866748
58900938830 5083440
59000938915 4982132
59100936092 4980861
59200940778 5172799
59300900346 5281202
59400947209 5292456
59500949483 5488503
59600944905 5088992
59700949278 5182378
59800952496 5212785
59900951173 5078886
60000951648 5088452
60100952535 5493450
60200962807 5397116
60300962723 5292027
60400956362 5162821
60500960805 5185351
60600962438 5580698
60700962842 5071108
60800972116 5055951
60900965317 5264812
61000970722 5273835
61100969678 5376957
61200970858 5083035
61300975497 5285909
61400978092 5187660
61500923134 4877404
61600912952 5212694
61700981349 5321404
61800980654 5073131
61900999050 5283049
62000985607 5468865
62100932267 4790042
62200988203 4888884
62300935819 5474705
62400991859 5290163
62500990532 5383532
62601022355 4982775
62700993368 4982208
62801000152 5093546
62901003041 4667267
63001001993 5272565
63101018873 4769208
63201002512 5579274
63301003795 4979801
63401001386 5765784
63501005681 4977045
63601011783 5091014
63701009766 5986407
63801007561 4970885
63901014810 5082490
64001041104 4966923
64101014675 5494577
64201018392 4780757
64301017243 5072915
64401022180 5176146
64501026240 5085974
64601020171 4863432
64701022846 5289392
64801024712 5304049
64901024289 5179566
65001030575 4873778
65101028937 5283152
65201032743 4981378
65301032173 5285632
65400989516 5046157
65501035002 5702271
65601044784 5192717
65701038175 4990633
65801037571 5565438
65901041488 5580965
66001041414 5189716
66101041610 4976695
66201046615 5501969
66301046845 4964636
66401053575 5476122
66500997893 5184993
66601053450 4982628
66701001722 5378529
66801055321 4647364
66901059565 4867539
67001021466 5209375
67101046552 5097137
67201063315 5173332
67301009608 5242977
67401064019 5440219
67501071643 5182914
67601071673 5354977
67701015630 5194566
67801067638 5123555
67901072071 5161648
68001074125 5354049
68101073603 5154853
68201075418 5157686
68301082398 5475001
68401080423 5455247
68501079381 5462265
68601038881 5257111
68701081684 5281199
68801090586 4958239
68901087369 5157192
69001089960 5387152
69101091114 5063580
69201094603 5163116
69301095167 5048399
69401093912 5459038
69501097036 5160341
69601098636 5161217
69701103189 4872522
69801098975 5160197
69901108390 5666489
70001097865 5664861
70101102988 5665111
70201101527 5254264
70301109936 5153471
70401062976 4761984
70501105558 5268842
70601115893 5067065
70701112925 5457832
70801111526 5094189
70901112367 4761270
71001117562 5370129
71101117336 5065530
71201122865 4858708
71301121289 5154600
71401112492 5058022
71501124748 5146614
71601124228 5267638
71701128898 5065070
71801133916 5265449
71901077455 5154990
72001127710 4941632
72101089530 5155366
72201141069 5369313
72301136576 4952006
72401136366 4862514
72501140881 5557381
72601143985 5078788
72701140267 5172095
72801146247 5264748
72901146059 5367225
73001094766 4923189
73101147182 5299723
73201152908 5456670
73301150800 5361500
73401152008 5273991
73501159222 4974674
73601157028 5061988
73701156658 5060491
73801106284 5021581
73901156973 4888962
74001158263 5265997
74101160394 4969101
74201163258 5067444
74301170109 5352864
74401166811 5169544
74501174618 5155173
74601117475 4933908
74701180736 4845400
74801174005 4863544
74901178188 5663861
75001176441 5356065
75101178842 5163764
75201178588 5071445
75301187647 5357138
75401181187 5366739
75501185420 5272923
75601187629 5162531
75701185948 5459974
75801192998 5075791
75901193388 5158315
76001196073 5173267
76101199931 5143761
76201194005 5376923
76301201305 5565809
76401204608 5177072
76501198196 5165011
76601203368 5053915
76701200701 4946670
76801208857 5339039
76901205827 4838932
77001210915 4957538
77101204807 5041892
77201221294 5337019
77301216809 4847519
77401208492 5140381
77501215931 5457457
77601158723 4853677
77701325002 4926555
77801218318 4841086
77901242434 5041523
78001207698 4729100
78101259044 5148153
78201224934 5145743
78301173443 5402024
78401228391 5161477
78501242211 5243614
78601237657 5066628
78701234031 5133231
78801246475 4436900
78901559528 966062
79001548799 410774
79101621962 309616
79201643767 302816
79301594507 268876
79401507976 353490
79501580249 376728
79601490524 392478
79701444887 423344
79801488348 465090
79901469687 452262
80001485559 491569
80101754315 412362
80201661350 254941
80301586452 267531
80401538991 265655
80501539076 361030
80601433412 337416
80701484570 430724
80801514963 512975
80901522194 526515
81001481915 500813
81101596914 491437
81201473464 430650
81301517719 496892
81401492940 526864
81501555512 540026
81601550655 497108
81701640028 473258
81801686528 262890
81901682763 284416
82001660419 280095
82101693788 287338
82201515567 368184
82301552174 446787
82401594709 437622
82501610343 480027
82601484749 555883
82701542417 335162
82801649335 268248
82901700929 245116
83001636792 362193
83101595126 352121
83201604231 413371
83301564525 475494
83401626756 466739
83501512188 496291
83601529474 458777
83701580436 530683
83801539782 497524
83901520728 537128
84001733460 349281
84101687762 298139
84201756871 239973
84301767768 225911
84401734807 248083
84501611425 253485
84601646549 388277
84701604753 347249
84801607649 420545
84901603800 460728
85001567797 459704
85101532215 532026
85201602705 440862
85301629495 533942
85401566184 509239
85501577366 528846
85601687518 435327
85701723721 311610
85801772228 266626
85901666174 239307
86001603650 336486
86101623271 346621
86201604073 408545
86301555475 459031
86401603590 470466
86501565163 472510
86601716877 380560
86701763216 283929
86801591145 300472
86901749837 297314
87001710858 281629
87101728793 369898
87201660904 323717
87301647764 447056
87401818702 328146
87501786163 210826
87601693858 250003
87701694174 356675
87801639077 348540
87901663245 419821
88001646412 482737
88101580977 469275
88201576787 495515
88301541522 550495
88401714456 504515
88501610425 488520
88601664761 480438
88701602041 485717
88801881462 433246
88901845000 223730
89001772817 234870
89101734501 258471
89201673270 368073
89301707821 365652
89401616989 478370
89501890759 434248
89601816244 215879
89701749374 248747
89801771090 277152
89901776431 268548
90001691387 368486
90101608786 447013
90201619858 443607
90301605085 548645
90401640247 566749
90501659435 512463
90601708539 548372
90701661348 528399
90801712018 444302
90901893391 313572
91001951300 270507
91101786923 236595
91201717688 358067
91301663742 343500
91401702829 414376
91501726539 469573
91601688002 466190
91701661935 485056
91801650336 459252
91901644979 532585
92001632916 494191
92101666128 540264
92201767515 485133
92301713565 384051
92401658926 451088
92501846507 451280
92601851812 222261
92701785568 289663
92801783606 267224
92901753684 336469
93001586443 376083
93101704954 485498
93201502812 488225
93301608350 563413
93401606055 511952
93501680206 565593
93601912716 255227
93701824514 238515
93801843123 256133
93901832072 285752
94001925129 239029
94101832342 221142
94201806389 288057
94301675764 352196
94401709535 363255
94501715794 414153
94601944034 371046
94701818029 212787
94801829038 231182
94901809699 378359
95001769577 346005
95101930131 391909
95201942046 238375
95301857586 256407
95401775388 283176
95501767186 329294
95601737072 374935
95701759539 449067
95801718297 492060
95901708887 546614
96001716373 561023
96101698797 516915
96201732592 556998
96301813820 420800
96401743915 447016
96501878082 477467
96601888250 452357
96701690217 413831
96801703931 472601
96901789024 499769
97002169891 286410
97101915578 231000
97202073680 267328
97301851865 254488
97401826120 391796
97501819828 346565
97601783472 421116
97701792993 477670
97801770198 463933
97901747304 526489
98001746967 443528
98101857604 514514
98201735034 530511
98301782163 522719
98401825999 397937
98501807301 447558
98601988751 351401
98701925887 215549
98801918756 233808
98901767176 230876
99001799444 428441
99101934637 314129
99201948808 284109
99301883097 255187
99402004044 353789
99501808829 365190
99601868517 393678
99701846279 405103
99801846681 448380
99901966453 451237
100001889491 214160
100101962726 271924
100201969563 242424
100301877710 351267
100401787619 301014
100501832677 436804
100601798411 468531
100701804125 516242
100801787742 541476
100901845770 532960
101001781721 508175
101101874114 509731
101201787789 433161
101301801679 473164
101401863213 484467
101501836378 419526
101602330461 305238
101702040945 195191
101801878594 277969
101901880456 315639
102001909405 331837
102101869044 448597
102201850069 444506
102301849545 539152
102401803171 522488
102501789144 557228
102601864364 542657
102701861430 539511
102801887735 440162
102901973415 406282
103001909450 470258
103101951667 446538
103202121784 361160
103301927410 241053
103401954394 262717
103501879718 259899
103601965982 348058
103701894397 322688
103801869071 437605
103901828244 512448
104001846538 532361
104101822156 562148
104202067652 363169
104301880262 263396
104401979010 279981
104501945647 262886
104601943302 345313
104701872264 427134
104801878146 408263
104901886049 506632
105001861108 524287
105101891700 519101
105201956375 274713
105302004533 305602
105401940992 267475
105501892839 262033
105601925504 378985
105701932227 435485
105801862142 478725
105901837489 471698
106001974706 549514
106102008128 478828
106201857414 531982
106301865888 530476
106401823659 544231
106501938456 377033
106601887035 457372
106702051472 257086
106802036980 268610
106902032986 278434
107001920077 286062
107101957179 365281
107201896808 476985
107301831158 451095
107401885942 554702
107501953628 551454
107602053064 220297
107702083579 248482
107802035096 232258
107901910316 345104
108001896255 367738
108101875729 478180
108201894193 518136
108301900191 538955
108401939706 507848
108501889202 526955
108601941057 560210
108701931174 429206
108801964141 487116
108901919286 434023
109001907699 460836
109101934476 417530
109201920486 488003
109302032631 469822
109401950500 498963
109502153780 330811
109602043679 273184
109702086508 241928
109802100337 322705
109902120897 244540
110002089533 300759
110102085359 261176
110202082810 265172
110302002485 345155
110401983201 436329
110501943243 385653
110601989453 494196
110701921015 531656
110801934679 490647
110901959633 565085
111001954820 557331
111102164968 276616
111202108985 254830
111301963951 253697
111402034945 342925
111501963559 343698
111602042515 396067
111701957559 499625
111801956091 529676
111901948212 552473
112001971268 519710
112101916080 554525
112202051124 440453
112302054517 445463
112402020205 472356
112501772335 500058
112602037221 385218
112702031087 492298
112802000916 339165
112902149030 244109
113002113521 296199
113102097293 268218
113202075836 343684
113302103793 298284
113402107340 399812
113502099481 314924
113602148186 298684
113702135775 257888
113802153536 329871
113902039655 382800
114001988634 366287
114102038803 414162
114202015802 447562
114302049275 457172
114401987466 454816
114501960171 550924
114602274566 397455
114702204535 218211
114802124574 231501
114902289508 325779
115001932876 341958
115102001985 411927
115202216040 226429
115302081155 233283
115402101204 266006
115502081757 369100
115602100162 366882
115702009399 474949
115801980921 456018
115901931702 563930
116002012058 518062
116101967136 566576
116202037317 525980
116302099332 395999
116402220543 219436
116502108741 438793
116602295461 323223
116702232054 226248
116802170065 245172
116902103555 307903
117002052276 321922
117102101050 386285
117202046850 464893
117302015357 476672
117402012480 549709
117502040805 561858
117602137618 524280
117702042662 556038
117802123846 429151
117902239307 449057
118002189238 472632
118102126304 454991
118202070217 407234
118302090838 473230
118402044344 498076
118502164800 281533
118602132247 301198
118702145912 263651
118802161164 262501
118902112856 358241
119002085955 440338
119102038263 459131
119202040907 467873
119302089779 516569
119402059950 512282
119502053649 527123
119602122674 536792
119702128643 548118
119802159680 406572
119902080559 429792
120002140752 508117
120102406156 337313
120202280359 246596
120302300983 229770
120402154446 329226
120502153555 354497
120602092133 400222
120702135562 412496
120802105874 469918
120902131304 478970
121002154574 491669
121102083950 497603
121202282604 387174
121302167057 239572
121402176127 315926
121502234414 266792
121602259636 267267
121702126796 353841
121802149408 437408
121902086380 437015
122002133345 475376
122102099076 563208
122202081399 457392
122302068623 558745
122402134313 533577
122502164876 543010
122602164490 408127
122702170787 462754
122802154212 413838
122902145709 447705
123002111463 481511
123102207645 487246
123202381206 282637
123302324125 201754
123402261527 284798
123502181279 265597
123602176310 336778
123702133383 377457
123802177402 484235
123902064023 488353
124002140419 564646
124102133190 512424
124202122474 566115
124302467982 464584
124402311727 207148
124502230529 276753
124602182184 315574
124702165858 340825
124802151468 394645
124902214193 457862
125002174533 447278
125102203248 518985
125202169536 521163
125302182128 551974
125402169553 448209
125502170218 503761
125602154589 482017
125702253199 482830
125802201280 395233
125902257638 339340
126002442111 313148
126102314292 253296
126202302017 273063
126302277753 274129
126402243258 419061
126502233458 351310
126602201690 406528
126702194598 471214
126802197078 481715
126902289920 496990
127002210235 458170
127102209921 524589
127202191213 500326
127302232281 529385
127402207259 483526
127502184397 471900
127602327666 504854
127702339982 484088
127802414449 309790
127902394568 240921
128002337801 231715
128102404451 192362
128202338452 284427
128302299363 247544
128402320593 255526
128502341592 357624
128602263248 394674
128702216843 408833
128802260745 494287
128902222730 526371
129002196667 523771
129102235848 539121
129202193876 565043
129302256868 526542
129402219282 445340
129502309334 453429
129602211147 493740
129702269511 361886
129802287466 474177
129902344609 262210
130002381970 261780
130102369398 274333
130202443121 278005
130302313209 367799
130402316210 271136
130502319376 254841
130602376282 248877
130702367178 344827
130802178341 322690
130902373200 411822
131002297824 480244
131102249320 524354
131202245849 549386
131302245237 518926
131402259203 556043
131502291954 446785
131602321302 451209
131702348061 425629
131802309980 319038
131902555038 396107
132002474518 223605
132102389317 231702
132202302402 262703
132302351509 367833
132402372132 367116
132502268940 466844
132602248882 454490
132702245792 562545
132802243205 517479
132902260663 565685
133002283059 528666
133102262969 488739
133202340525 416209
133302379401 436846
133402328716 515132
133502352141 373240
133602284224 463909
133702310372 488442
133802352061 504174
133902474508 299350
134002442615 300175
134102401845 261678
134202475000 264870
134302379511 349380
134402363651 435991
134502303186 435607
134602348215 478077
134702291063 516524
134802355128 501657
134902281063 529747
135002355302 550658
135102493455 328731
135202501755 313238
135302457109 309073
135402472298 245161
135502301215 297827
135602408649 389921
135702434263 339342
135802395789 432720
135902338680 436605
136002328631 455171
136102552773 266876
136202526594 282238
136302447623 242529
136402458701 374243
136502425754 351867
136602336082 410347
136702411580 474178
136802451618 462539
136902325081 501057
137002304560 451410
137102308668 531244
137202306843 502293
137302368433 533996
137402450165 442057
137502484628 413639
137602400759 465721
137702460948 495013
137802515777 502667
137902557644 203589
138002517026 277522
138102484095 247202
138202453308 315120
138302468329 303440
138402386619 381946
138502456520 311823
138602587969 364631
138702443671 295403
138802486458 260759
138902429438 284415
139002462161 412293
139102472945 362337
139202442273 427397
139302425363 446044
139402369427 459372
139502407311 446150
139602416832 540455
139702403695 535219
139802390194 532996
139902398231 559518
140002452185 484544
140102626330 436462
140202445216 308099
140302487686 344846
140402447628 305855
140502518540 252958
140602381719 305638
140702463160 399841
140802436879 361876
140902446416 426461
141002458227 467283
141102389544 461292
141202388890 449523
141302418793 545044
141402379472 535367
141502369832 534462
141602351735 553600
141702489040 474155
141802624816 393881
141902622592 227230
142002550168 235206
142102509192 268670
142202458883 369734
142302482603 365745
142402637471 473184
142502626615 216293
142602586972 227715
142702414201 272581
142802459400 349534
142902500915 362382
143002423516 479026
143102388566 458376
143202443459 562947
143302458733 516943
143402418488 564421
143502412212 484632
143602472471 533573
143702486608 436250
143802503020 430235
143902660655 243734
144002584535 267956
144102603704 277391
144202452713 280653
144302735081 368253
144402549634 214278
144502564816 266589
144602740856 244423
144702598606 241813
144802634278 257556
144902512457 266178
145002512806 320610
145102232307 370923
145202461696 434199
145302443867 459967
145402475581 546185
145502422715 556388
145602457110 531420
145702441541 544486
145802581056 464273
145902515291 438162
146002467384 444253
146102575090 481017
146202560297 397418
146302463539 476663
146402518672 486713
146502530058 506595
146602714676 309465
146702661237 274680
146802609986 240088
146902559338 269729
147002567951 335868
147102611339 317307
147202487582 415758
147302520725 464677
147402495312 493202
147502451051 537949
147602454712 554356
147702472046 517211
147802482185 563274
147902470135 559115
148002667971 465424
148102649912 210360
148202553297 283947
148302606357 264442
148402598081 334949
148502482720 361945
148602470471 489610
148702491694 486114
148802500239 562940
148902487014 512797
149002534004 566961
149102612350 518597
149202516219 533144
149302566581 402848
149402540214 422277
149502738089 445189
149602665884 215385
149702744679 265181
149802679052 244530
149902599613 330287
150002623296 297626
150102533954 407286
150202497325 455168
150302535752 510821
150402534145 546989
150502501328 552048
150602519873 523420
150702538255 563609
150802762835 402302
150902683025 216251
151002682650 242785
151102741737 290627
151202687908 239703
151302698748 289791
151402596455 266744
151502596255 262893
151602586001 378771
151702673845 342562
151802933519 318251
151902635285 259556
152002672825 267105
152102580802 282085
152202670884 430474
152302675537 352087
152402655449 417835
152502592566 463597
152602607283 317302
152702761184 256834
152802745979 248223
152902684037 340722
153002636297 312956
153102648774 415752
153202578629 455675
153302594135 525585
153402566417 550820
153502591548 541604
153602673909 535447
153702665523 532693
153802627647 427704
153902675999 430707
154002701324 494579
154102652647 392620
154202604753 463890
154302627385 492586
154402616622 472575
154502882846 470974
154602743767 236702
154702747689 317214
154802796173 269675
154902738201 266010
155002711537 342309
155102676634 429284
155202579741 422700
155302666328 473980
155402809873 439731
155502808616 216292
155602776756 221783
155702723617 293389
155802646444 349621
155902699143 360467
156002643448 492280
156102655377 483058
156202649733 545919
156302588615 532170
156402616707 564013
156502734955 379448
156602894873 309225
156702669388 253021
156802787434 269460
156902671341 276221
157002729781 429764
157102764705 269686
157202809690 218265
157302749554 290803
157402881952 273154
157502810872 249110
157602786667 223570
157702871010 221515
157802695742 252531
157902729253 338306
158002502750 376345
158102654181 435295
158202660122 459455
158302641718 555565
158402722546 516724
158502659374 564173
158602746196 507132
158702837925 286711
158802809539 260656
158902834698 279750
159002788054 268764
159102893105 328026
159202861684 243590
159302866366 245190
159402712304 257981
159502701378 365572
159602727462 413331
159702652940 468450
159802663579 521090
159902691977 539435
160002658990 521946
160102674813 518189
160202679781 555751
160302686207 427254
160402882242 454834
160502678922 447671
160602810861 406360
160702680776 452252
160802938874 251933
160902906393 254735
161002807242 252097
161102819769 349910
161202709442 316696
161302775733 433300
161402687483 488739
161502921682 261564
161602876762 203090
161702780609 291286
161802797748 328231
161902757469 347189
162002735353 463546
162102686562 469836
162202828745 530873
162302694457 533576
162402712481 560380
162502721443 523563
162602777742 551950
162702763292 405786
162802803917 412710
162902730900 495361
163003063985 365498
163102955534 223910
163202834935 273293
163302847610 349455
163402840434 288023
163502760180 281983
163602828293 375871
163702757692 352439
163802761319 439604
163902740189 510060
164002722777 506872
164102939112 396990
164202917926 246595
164302887084 237778
164402916971 368220
164502793137 349296
164602865839 410222
164702780332 449817
164802740503 466060
164903124619 435586
165002956223 221499
165102630496 227362
165202821172 285977
165302841128 351520
165402805351 360964
165502828034 486695
165602766111 467444
165702825174 559853
165802768532 520445
165902752130 564961
166002867879 523067
166102862635 499693
166202852628 411613
166302791659 431907
166402744424 521432
166502875637 368268
166602778319 471889
166703071351 480209
166802944339 215027
166902950051 303801
167002954661 277426
167102944643 261386
167202903071 329817
167302796620 396227
167402840679 397060
167502850666 524701
167602815962 503083
167702833850 507291
167802798231 553215
167902801179 561196
168002890030 524662
168102871915 448643
168202630722 448952
168302900473 492315
168402902534 366837
168502863799 476382
168602827976 500394
168703059176 341595
168803018779 268662
168902982263 255762
169002866275 317894
169102876679 310772
169202887518 418584
169302822384 433382
169402834865 506394
169503053853 468530
169602939377 260899
169702953249 300290
169802915112 266510
169902866635 290775
170002808545 390035
170102836833 420031
170202850009 465110
170302909052 414306
170402994050 258953
170503019430 301800
170603009624 268612
170702867832 294554
170802861027 391793
170902900734 420928
171002887035 509039
171102829656 497431
171202955791 486210
171303099942 545507
171403021753 210133
171503005280 247557
171602939934 233717
171702921504 358023
171802903633 310445
171902912388 306868
172003037047 306058
172102984026 258865
172202842247 359568
172302935334 356093
172402696469 394969
172502850291 414837
172602904867 470212
172702945576 468863
172802873107 522013
172902865937 548002
173003134875 537249
173103060160 239773
173203016877 257729
173302937628 253890
173402974245 343951
173502912440 325128
173602889391 435530
173703110460 403426
173802931627 256227
173903097975 284376
174002999654 272647
174102889249 343912
174203076698 291131
174302973668 235170
174402993840 297906
174503057169 275507
174602968592 337763
174702890534 412863
174802968758 473633
174902830965 517352
175002896404 568573
175102915977 512099
175203149648 432193
175303131764 245867
175403083110 244739
175503077033 255389
175603001446 362679
175702946786 413947
175803181922 352604
175903052444 233477
176003088387 226893
176103042149 258457
176203022487 361312
176302906489 419745
176402920208 466137
176502920934 518917
176602933148 553580
176702916560 507802
176802930735 523501
176903337832 448602
177003113157 243734
177103065479 238046
177202964166 359910
177302964144 340514
177403001016 412666
177502950316 439881
177602931389 469645
177702919262 475743
177802954668 466129
177903083950 227652
178003182686 273542
178103068043 275277
178202953879 298278
178303025942 359863
178403015112 478775
178502945081 457526
178602950908 559554
178703024682 541094
178802982740 540107
178903027248 519317
179002981685 553795
179103028500 412614
179203000571 195445
179302964069 300497
179402965784 459924
179502928581 391053
179602998838 368436
179702949640 405068
179802981709 433724
179902992532 437705
180002938363 446877
180103040034 372022
180202984406 313322
180302992290 324613
180402985935 381756
180502985640 441441
180602980037 457921
180702929491 561038
180802962077 802145
180902905855 656002
181002994797 579735
181102960062 587801
181202959060 551480
181303007351 628662
181402975239 622015
181502998797 645092
181602945435 609643
181702981529 572513
181802999198 572398
181903007641 575232
182003007265 564406
182103064017 278136
182203033665 303234
182302998866 342679
182403058547 482342
182502882651 580093
182602935505 670473
182702946648 686119
182802994158 647810
182902960518 710941
183002963531 680139
183103000900 693838
183202974669 616858
183302909413 632395
183403064630 202825
183503044609 324092
183603040013 376606
183702986200 487024
183802975352 533297
183903013438 615685
184002959106 690094
184103103700 407861
184203065849 254298
184303057106 317080
184402999974 400707
184503071879 378671
184603218816 428321
184703138079 361382
184803076846 294036
184903029917 396361
185003037816 464634
185103074440 381986
185203083110 275063
185303151564 337978
185403055683 368416
185503069140 453623
185603073541 451579
185703064339 499984
185803025018 600771
185902997534 533110
186003079205 577019
186103027016 600514
186203100931 295482
186303127551 246577
186403098554 292711
186503105643 324402
186603117349 373722
186703026767 414463
186803080814 406097
186903097839 463473
187003070881 420488
187103122312 262173
187203091697 280580
187303066855 353531
187403067170 451826
187503120242 418900
187603122016 427392
187703067231 437507
187803109875 452807
187903117743 443589
188003174331 441162
188103148518 426486
188203135166 425633
188303168721 393316
188403223907 210792
188503094144 310176
188603083755 375503
188703112937 396909
188803118811 408784
188903154242 389927
189003121531 398958
189103087381 361712
189203084832 389091
189303091769 388281
189403125472 345630
189503174690 298958
189603155373 330604
189703173194 351176
189803087777 399636
189903085029 441025
190003159683 458562
190103124669 520336
190203058845 595538
190303088060 560970
190403130690 577594
190503134160 586149
190603052577 553402
190703073579 614108
190803076763 615287
190903153691 635843
191003097273 606795
191103095736 569634
191203129439 577169
191303136984 578259
191403197085 405042
191503169591 319791
191603172425 300225
191703209323 323727
191803145940 346885
191903124162 367799
192003174066 420059
192103119578 473924
192203149163 507056
192303126042 553177
192403174531 529568
192503122041 575830
192603117842 580473
192703117517 520227
192803264798 444530
192903228046 189711
193003131976 312263
193103278787 302249
193203208279 272996
193303195291 323639
193403188221 367303
193503212240 392629
193603138933 463729
193703187575 422097
193803191687 480398
193903200602 410067
194003295958 391090
194103220227 217034
194203037707 227176
194303183637 292601
194403190385 339875
194503199778 410060
194603271947 439510
194703227754 456637
194803234998 246848
194903193865 304939
195003182489 345137
195103213782 395600
195203256099 372047
195303189567 362753
195403182929 408913
195503222226 439122
195603214513 455773
195703217599 440889
195803181515 408067
195903252116 364378
196003208846 395284
196103181734 415156
196203298689 427466
196303263469 232358
196403260221 344601
196503385481 356981
196603224926 435433
196703182270 449767
196803215302 455545
196903185184 496194
197003221418 477166
197103192867 509749
197203202311 489597
197303235577 498102
197403209401 528087
197503215331 472141
197603255064 427852
197703191675 456318
197803226344 441602
197903227548 466363
198003216190 579565
198103289116 451055
198203242101 278626
198303238797 376598
198403235544 360817
198503296658 340700
198603266691 332886
198703255977 386881
198803229270 407166
198903292851 428256
199003269134 468675
199103209271 524350
199203254566 523227
199303252980 519693
199403231872 572001
199503264420 528623
199603251823 533295
199703234872 479916
199803261446 522008
199903278028 579121
200003293492 569973
200103318580 346599
200203326983 276707
200303308719 352418
200403277716 459631
200503309791 453265
200603269958 447215
200703252160 511444
200803263625 439803
200903396862 488008
201003306529 228983
201103302233 314103
201203301376 416335
201303250084 481363
201403263496 412629
201503305867 513890
201603281785 441585
201703346859 498796
201803260183 436094
201903307787 470995
202003326268 475292
202103280675 467909
202203321215 487297
202303283317 459109
202403291560 444979
202503280378 443782
202603285459 534715
202703306330 574826
202803306781 568548
202903342107 398274
203003344007 250868
203103319387 288345
203203323426 372233
203303277855 435107
203403329999 485248
203503360665 444484
203603334756 496060
203703337656 477223
203803319558 511370
203903301574 554872
204003403792 247473
204103380166 218394
204203372266 347050
204303310841 375873
204403342140 539734
204503317582 618636
204603296102 621557
204703313862 611383
204803359996 670303
204903369077 689820
205003273378 680892
205103351476 658727
205203379360 624874
205303306908 587938
205403345785 539801
205503320429 513831
205603359487 354323
205703367485 356364
205803415202 368916
205903315832 423518
206003387558 426993
206103364793 461072
206203407603 257926
206303424282 205825
206403495904 302920
206503404166 353189
206603442403 324324
206703432332 285192
206803399845 311794
206903352969 406611
207003401202 430220
207103353101 441745
207203403110 389281
207303339497 412199
207403352120 422520
207503397220 463076
207603414583 434928
207703417012 439527
207803390178 407202
207903440222 276381
208003449930 256225
208103444502 274559
208203429378 416258
208303425996 462008
208403346121 497583
208503360002 525964
208603350891 579112
208703431221 502090
208803425887 525718
208903530448 535912
209003395156 438817
209103360749 475954
209203390831 414513
209303401055 447185
209403399209 463836
209503486888 409013
209603446793 212438
209703443571 314126
209803388593 360749
209903494341 433095
210003416137 391434
210103415004 433335
210203433782 400452
210303404427 373719
210403393232 378494
210503430707 386255
210603481305 349016
210703398511 367020
210803481306 351220
210903443585 416125
211003426030 447121
211103429365 440918
211203402556 463391
211303478770 438281
211403490576 271543
211503450380 397153
211603418215 393142
211703464067 404856
211803407400 444623
211903423598 446821
212003431883 511358
212103413346 488041
212203379437 514323
212303495401 467558
212403503677 339741
212503486113 304918
212603524466 298493
212703498021 332297
212803494268 405738
212903465971 446038
213003455098 512410
213103408386 538819
213203515042 540161
213303566236 547487
213403535451 204196
213503511385 274032
213603488928 383008
213703434103 364171
213803451145 434782
213903503257 446330
214003496674 450791
214103440255 485743
214203523026 415946
214303472625 391327
214403502286 401284
214503494309 406628
214603301386 416505
214703470835 409718
214803484233 420692
214903483006 453728
215003561231 336437
215103483807 312139
215203525399 388534
215303537469 453793
215403507919 499944
215503482221 474372
215603470349 470808
215703534304 527171
215803476427 475791
215903475804 515902
216003450561 549618
216103479310 540368
216203479491 552741
216303478383 495658
216403537242 457132
216503498008 470203
216603579503 491742
216703483745 246946
216803553676 292502
216903544212 358703
217003538165 443667
217103505017 446525
217203495487 445747
217303518135 521537
217403427370 422427
217503547418 518947
217603633584 354218
217703594601 215500
217803568756 266548
217903553387 333414
218003579762 363405
218103574028 363919
218203635899 354729
218303541165 401730
218403513907 426937
218503537551 443689
218603616990 392605
218703715322 213266
218803592895 266036
218903532199 298282
219003588796 350278
219103566181 342606
219203615734 368669
219303533790 431955
219403555043 439183
219503553080 453307
219603591682 447782
219703613930 398145
219803593095 363777
219903597195 404811
220003549350 410108
220103532736 451045
220203601778 289575
220303615736 264262
220403607331 401568
220503564994 417547
220603606109 321245
220703601318 311931
220803607534 382538
220903552195 450419
221003596631 500934
221103551116 439285
221203652228 361583
221303620879 287751
221403594582 366432
221503596813 327782
221603625284 439748
221703623061 305035
221803598817 287795
221903584536 339262
222003583865 400378
222103653094 456556
222203584641 509656
222303553785 461371
222403559086 507686
222503608116 436787
222603608045 452190
222703639612 407050
222803646254 365293
222903622034 366585
223003611609 430164
223103702266 384742
223203655868 228723
223303796410 234749
223403603403 316873
223503618166 326153
223603602630 371093
223703709636 410182
223803631731 317119
223903653154 306178
224003652672 444547
224103596395 455383
224203597094 484726
224303601791 482832
224403597951 450491
224503585877 510879
224603619941 510951
224703585284 524881
224803617964 551819
224903653602 562759
225003619190 569456
225103650096 529040
225203722966 477950
225303679572 218116
225403645377 304693
225503718295 401791
225603700404 218053
225703705917 260256
225803614278 270865
225903655949 352136
226003657572 362655
226103634784 414958
226203643385 482612
226303652471 452661
226403724211 451530
226503686533 271323
226603706480 329166
226703684517 344250
226803671139 353388
226903734337 364227
227003641467 344119
227103645697 420435
227203711381 445313
227303667334 476484
227403719809 261923
227503754372 300773
227603653946 379140
227703701374 431319
227803660174 417388
227903706125 455607
228003703115 446856
228103671518 431322
228203638688 510144
228303678862 433731
228403674643 501317
228503694574 467401
228603693371 469630
228703708109 439368
228803715262 437246
228903694342 449034
229003886956 508447
229103753217 239543
229203711187 352352
229303690410 406579
229403691650 462117
229503677435 437322
229603745040 488032
229703710468 488898
229803671507 521057
229903709812 528962
230003799429 408003
230103756279 217600
230203743335 248790
230303852892 301653
230403712769 301902
230503754192 338932
230603752955 348972
230703770832 356213
230803784462 273112
230903760291 329374
231003692452 452702
231103766603 488178
231203725156 505260
231303699675 584818
231403712251 546852
231503700577 545816
231603738240 568288
231703758398 515651
231803715373 577363
231903787214 518097
232003706744 560397
232103736576 619792
232203792447 375790
232303773472 332735
232403760710 332884
232503792985 368307
232603729669 442159
232703748350 471990
232803755085 501816
232903769091 514998
233003764999 572717
233103786615 528624
233203776321 520435
233303724112 564366
233403711819 575151
233503823964 548395
233603820984 213173
233703835112 276982
233803797438 343719
233903785360 369477
234003735802 415595
234103736651 432779
234203811148 440548
234303759150 425591
234403758228 463753
234503776829 439375
234603811894 434391
234703789103 437369
234803756006 427323
234903784127 413787
235003720373 448741
235103752774 457754
235203700888 465612
235303793922 575888
235403805243 569632
235503874577 364982
235603825751 289846
235703783307 349338
235803646150 411993
235903732548 408211
236003829977 419162
236103836772 467814
236203857318 408939
236304001494 465354
236403855425 225020
236503846339 318716
236603786321 360839
236703819420 415177
236803840236 444958
236903871802 450455
237003884484 420505
237103904959 476675
237203816568 433337
237303834823 418764
237403828001 370574
237503893365 375094
237603856958 379592
237703937561 388918
237803851414 206432
237903845096 333538
238003867050 383461
238103863447 402720
238203837739 380783
238303897696 360667
238403806597 370177
238503890382 389138
238603881273 310015
238703880707 242595
238803888793 293959
238903874684 414836
239003870286 435000
239103798239 483321
239203813844 548949
239303812649 572084
239403845072 542512
239503803510 570823
239603984033 566537
239703849921 497894
239803810581 497209
239903845422 431632
240003867761 453831
240103849239 466304
240203913224 244368
240303905979 265594
240403867879 355176
240503873098 379833
240603857702 496436
240703863433 448561
240803909152 456500
240903910151 487909
241003927740 251956
241103902510 313994
241203855132 358462
241303893110 446469
241403935902 374030
241504027836 343126
241603962258 240228
241703942876 212547
241803914798 298931
241903907909 321289
242003939443 324919
242103919761 386233
242203895074 435857
242303942837 432746
242403757416 412125
242503921685 412773
242603965061 281225
242703939703 267697
242803931140 320727
242903920026 392911
243003920427 431984
243103934083 474918
243203865173 512862
243303906391 463640
243403925617 442401
243503984187 255235
243604025817 231186
243703959154 285554
243803944729 357404
243903929945 437216
244003914069 497302
244103904900 496446
244203953079 489532
244303989884 531088
244403974494 440890
244503888914 495222
244603974965 426449
244704008979 330685
244803952917 258116
244903986069 334421
245003997594 320438
245103986719 324393
245203975456 342020
245303969830 383244
245403919698 433242
245503982543 449280
245603977230 436744
245703981830 440787
245804004046 414916
245903966245 418945
246003974573 399020
246103959376 407148
246204032722 404463
246304010526 326225
246404015652 327316
246503990083 333048
246603997464 214439
246703991806 275022
246803982061 326997
246903990910 381449
247003989450 371739
247104147341 436041
247204001647 407461
247303967964 473208
247404024924 471707
247504006799 472553
247604008321 491329
247703994881 451997
247804009174 319857
247904019493 291302
248003986522 337021
248104027423 345661
248204021213 385727
248303994110 381204
248403915513 460757
248504047115 515301
248603956427 539036
248704004653 564918
248804024425 570990
248903927737 623870
249003964896 560810
249104002973 534478
249203986252 489458
249304014196 486185
249403976202 500472
249503997480 572878
249604064561 465659
249704057621 209590
249804062542 323007
249904087318 366073
250003988366 379986
250104009347 449298
250204020337 428600
250304031899 498609
250404061908 432235
250504047696 362581
250604039922 383374
250704060463 370171
250804066524 347061
250904004111 368713
251004036628 411995
251104025596 414410
251204092414 419471
251304094813 203601
251404076692 278500
251504033978 379298
251604035793 371801
251704033076 408058
251804077337 419954
251904025371 440735
252004057705 445455
252104088557 418379
252204028167 436904
252304075334 409320
252404049563 430822
252504105176 323850
252604077559 237425
252704074653 338194
252804032402 411172
252904087109 389658
253004149296 364152
253104100316 373154
253204092519 400753
253303905108 419352
253404066281 430396
253504102821 389605
253604090321 365403
253703937497 368763
253804094217 393920
253904084499 429530
254004063176 456720
254104087241 456883
254204052853 514766
254304081064 571197
254404138968 293466
254504064579 318673
254604001549 326369
254704108317 401297
254804092932 374358
254904045856 407473
255004097067 457939
255104125341 428404
255204058939 441824
255304119897 531167
255404110332 526216
255504061881 549032
255604109257 573753
255704080935 570209
255804191717 352766
255904169907 275117
256004088569 306239
256104107658 369776
256204106962 394401
256304087758 425144
256404125328 401770
256504142274 428988
256604089218 465620
256704173358 410455
256804113091 444477
256904083036 403972
257004102277 434952
257104126182 414068
257204146413 428251
257304294416 357192
257404091328 372729
257504138205 331311
257604093976 401082
257704180810 239870
257804133888 240395
257904142549 323683
258004160627 363103
258104122343 431997
258204096883 497637
258304099793 480511
258404113764 513460
258504089967 494821
258604157334 448645
258704163727 494544
258804118773 430979
258904128038 460076
259004239568 404807
259104151875 445394
259204155445 462253
259304141480 468649
259404158531 563671
259504147562 575344
259604270907 539369
259704218833 247989
259804180181 205115
259904167547 293396
260004182421 324835
260104209904 320221
260204167484 384162
260304195405 423016
260404161767 441720
260504185700 405948
260604202196 421322
260704228627 398687
260804218746 416494
260904195226 384740
261004261650 353344
261104397258 235527
261204209979 350136
261304205857 387904
261404155996 396127
261504153357 368664
261604237561 319269
261704243799 201722
261804228708 242173
261904173367 309010
262004164400 318472
262104202399 326610
262204199071 387258
262304354924 199972
262404239712 298022
262504218260 367870
262604212400 400027
262704193080 443332
262804191742 446981
262904182470 486391
263004181370 446897
263104217486 395385
263204201111 375440
263304266189 375729
263404240032 336253
263504205362 378625
263604195964 394509
263704221829 412364
263804192322 434700
263904287821 364727
264004300414 224603
264104283324 219730
264204230298 307743
264304299649 332209
264404221638 387815
264504245522 426476
264604210696 497528
264704253985 406317
264804292644 361789
264904281478 367471
265004267232 378403
265104231843 341951
265204250984 385745
265304238270 373697
265404341898 403733
265504261225 265341
265604236223 373382
265704209029 428737
265804290816 462908
265904276454 459076
266004267521 520969
266104308740 335094
266204251005 300202
266304261413 321296
266404107674 221020
266504282289 288549
266604279865 343389
266704281739 384866
266804244192 367705
266904318879 433786
267004239113 448495
267104287350 545150
267204247139 507805
267304217352 541709
267404266040 565269
267504247794 487337
267604278664 303700
267704340471 229116
267804240270 209815
267904314754 278265
268004319760 371743
268104296810 396903
268204298193 486124
268304314142 452890
268404288848 513451
268504328822 407936
268604344082 182346
268704289822 321925
268804285423 348660
268904297236 418709
269004279750 479803
269104298785 534337
269204321618 524824
269304276927 576943
269404286688 650520
269504274860 590755
269604254972 545015
269704342567 568352
269804289714 478464
269904387168 381705
270004360187 240564
270104345234 250070
270204351703 348430
270304334076 404746
270404354275 466638
270504293229 436610
270604316590 459057
270704301118 468980
270804348193 488095
270904271919 546758
271004345455 552033
271104436189 507565
271204352599 204362
271304374925 332622
271404356824 399058
271504328150 489541
271604329064 542072
271704396517 210595
271804347579 263065
271904388950 325349
272004313748 359334
272104312733 354878
272204438162 338276
272304379706 226470
272404383761 318238
272504273998 371546
272604412617 425038
272704378867 449242
272804338388 459156
272904333783 490491
273004381895 476134
273104392989 293422
273204342496 277078
273304315416 352773
273404362107 443508
273504407643 401142
273604359056 423899
273704345835 428487
273804398815 446052
273904383484 439045
274004432050 434867
274104363353 429652
274204431408 420841
274304336575 437791
274404391741 441790
274504337758 432173
274604354563 443131
274704378919 483953
274804381293 563200
274904426812 334560
275004439850 302895
275104376730 368382
275204451552 425303
275304374550 446343
275404419707 482233
275504402987 521692
275604378107 499566
275704394391 519115
275804445871 505064
275904386342 467122
276004376757 497873
276104404085 457033
276204404162 429579
276304397688 446866
276404414860 445231
276504396897 465954
276604416189 549432
276704405964 573456
276804530998 500552
276904446031 320057
277004454520 329420
277104447360 339050
277204441381 378763
277304435946 455282
277404435830 339141
277504485016 365298
277604449553 371446
277704625255 405049
277804475930 411599
277904422240 454367
278004428598 532305
278104447592 552871
278204511584 545560
278304499191 180176
278404465882 271117
278504480927 392254
278604513670 410185
278704476076 328164
278804470146 329901
278904416212 332448
279004504917 247590
279104520353 243842
279204486441 289084
279304536102 331907
279404451798 350586
279504480742 357649
279604489370 406409
279704479358 430340
279804473581 442566
279904441521 438545
280004498391 396358
280104465430 361702
280204484077 392960
280304481508 400682
280404486768 446110
280504440119 471402
280604454603 465163
280704461204 539776
280804488904 569229
280904553925 481520
281004522615 266491
281104549478 334965
281204496952 420285
281304493134 451395
281404487858 471375
281504463796 474331
281604427154 515859
281704513222 486216
281804527270 522144
281904456027 476945
282004455378 494882
282104479407 490791
282204619667 470382
282304501830 438465
282404516968 469009
282504512809 473176
282604482313 481841
282704600310 370748
282804550953 335158
282904523374 391188
283004475901 382126
283104512333 417563
283204538520 426866
283304545689 514971
283404517507 538049
283504537355 272024
283604581920 202386
283704541473 286401
283804556969 319090
283904595821 320215
284004574132 378355
284104501118 540504
284204504825 62125
284304501977 49479
284404353413 837718
284504389714 895793
284604397621 1958562
284704400653 1744666
284804383678 1598935
284904398136 3590282
285004370011 4042869
285104375959 1482523
285204365534 1262810
285304319050 2218315
285404416667 1843226
285504450463 433756
285604452646 424865
285704461780 421487
285804422151 797137
285904497333 237959
286004423736 237975
286104421291 238123
286204499555 2365886
286304392003 2140601
286404395470 1632769
286504395755 1445173
286604361824 2071768
286704437530 3339179
286804503853 209316
286904430965 261633
287004432837 210855
287104379367 1386327
287204371834 1254767
287304455597 756974
287404445438 206581
287504404949 207537
287604449226 206603
287704508020 1106452
287804303591 2456253
287904416487 1828426
288004416181 1523978
288104411349 1523607
288204378178 2022393
288304351145 4302103
288404462242 849748
288504461668 207014
288604462514 207596
288704471023 206033
288804512453 1086746
288904385517 1221112
289004411711 1184495
289104418088 1106453
289204435856 1002712
289304420564 659094
289404420043 1363176
289504435644 1135763
289604427461 1496744
289704446337 1077596
289804423632 1155608
289904423926 1580788
290004432295 1178060
290104435261 821172
290204430488 1198135
290304435729 1745162
290404428295 1147834
290504424929 1545446
290604454171 1367366
290704433859 1783150
290804450655 470096
290904450010 899822
291004448617 1046008
291104468174 828291
291204439145 1310455
291304450141 1143710
291404459480 870595
291504449327 469385
291604448705 1195195
291704450163 1455511
291804453972 1579939
291904450000 1310216
292004507508 601418
292104455177 1601460
292204479475 1884459
292304455433 1033924
292404457123 1112438
292504462472 1463350
292604473220 1461085
292704474955 477279
292804470662 981724
292904493285 717815
293004487911 794959
293104473987 1427109
293204501147 890490
293304480528 1015590
293404483711 1030384
293504489399 1009662
293604476308 1875585
293704491470 1623636
293804486176 1456129
293904495631 1227824
294004496552 1028122
294104481905 1193311
294204491177 1244968
294304501655 1634840
294404475080 933771
294504497926 971931
294604520985 586063
294704502738 1348480
294804512445 1448287
294904503048 1377376
295004500892 1365384
295104495977 972381
295204507418 1615129
295304514928 1180866
295404492531 1733909
295504505190 1595393
295604525145 1589275
295704523629 1195082
295804516600 1346147
295904521182 1529895
296004526092 1551789
296104515161 1615632
296204529122 1142707
296304510276 1727784
296404523848 2433380
296504528763 966406
296604538041 1321870
296704545864 1550255
296804541342 964137
296904533805 1070862
297004536465 1393905
297104536699 1701113
297204541166 1412529
297304541793 1371540
297404538629 1514158
297504559510 1820066
297604551205 692421
297704553209 1139206
297804566897 1575367
297904561500 1683918
298004580856 1792396
298104553588 1909380
298204532222 1778869
298304564625 1656051
298404600490 1200432
298504553087 1144568
298604572246 1797478
298704546140 1387647
298804559174 1557455
298904570879 1507577
299004555136 1806149
299104566179 1473158
299204581013 1484508
299304561011 1438632
299404565636 1824584
299504565680 1471424
299604587613 1165617
299704607158 1660165
299804587528 1332294
299904583336 834232
300004588672 1347664
300104583471 1288337
300204585111 1497385
300304602028 1445477
300404583482 1610061
300504588339 1032734
300604580577 1495737
300704590904 1149316
300804579401 1335023
300904592038 1316004
301004591411 1209218
301104596661 1249783
301204609471 1553430
301304599022 1120095
301404601342 885856
301504611334 655318
301604601473 1354203
301704606629 1466898
301804606442 993350
301904604322 2468307
302004612399 1525919
302104611687 1143859
302204618193 1297113
302304621728 1236236
302404620038 1019779
302504601022 1674140
302604633549 1925072
302704619252 1279032
302804627101 1208185
302904618420 1668701
303004626647 1193631
303104621775 1615410
303204625919 2035950
303304627954 1096539
303404641902 1591528
303504633461 945050
303604692945 958595
303704640170 1393945
303804643172 1459509
303904635172 1315793
304004640810 2001843
304104664827 788350
304204649615 1122048
304304656874 1618628
304404638923 1847264
304504646914 1289862
304604643059 1884705
304704625009 1883159
304804646839 1587381
304904660598 951124
305004642654 1566584
305104655643 979859
305204666060 1630105
305304660718 1134313
305404661070 1167032
305504699672 1586396
305604673541 1656946
305704686855 836388
305804659480 940927
305904663958 2540469
306004670953 1344237
306104675622 1021775
306204603081 998822
306304681055 1464691
306404665180 1543959
306504685733 1107959
306604710015 1009027
306704687210 931123
306804692593 1095366
306904685019 1577575
307004678932 1077614
307104690890 1402500
307204677352 922535
307304684081 1223314
307404692925 1542500
307504691623 1307890
307604675526 1363211
307704689182 1726133
307804696275 1479597
307904708852 1153266
308004676091 758221
308104698507 1448880
308204699195 1649104
308304692464 1209139
308404708419 793816
308504714521 1494016
308604717739 1002304
308704705118 947540
308804721376 970303
308904710762 1129560
309004712947 1319912
309104727721 997867
309204724977 1117461
309304718919 740228
309404723255 1319018
309504726477 1164100
309604698486 1218981
309704717102 1258339
309804736275 1394632
309904723174 1692322
310004723703 1096975
310104727879 1553784
310204740343 1167119
310304743641 917540
310404738358 863048
310504738536 1600215
310604735554 1625204
310704745930 1028351
310804737927 1290299
310904741682 1659100
311004736218 1708246
311104755976 1145699
311204750399 1318581
311304739838 1536871
311404738288 1362214
311504764063 1072924
311604756019 1440117
311704759752 1738820
311804761496 1029454
311904759973 1077530
312004664769 3109685
312104714400 6239627
312204718077 5921643
312304717177 5954868
312404721649 6239916
312504723763 6127730
312604715572 6426084
312704675298 6265888
312804678014 6167413
312904678589 6135147
313004726519 5830980
313104727894 5988113
313204731504 5845906
313304735743 5759135
313404689027 6672524
313504734351 5925403
313604734471 5884229
313704742624 6046552
313804735601 5835082
313904700922 5961995
314004742627 6180038
314104738204 6133428
314204742458 5782857
314304743502 6184087
314404752073 6054915
314504801799 5789298
314604746948 6328418
314704754777 6044907
314804746646 5943868
314904764705 6118145
315004756309 5724151
315104754418 5923946
315204762771 6043444
315304762168 5644515
315404716810 5915643
315504761274 5911348
315604772359 6338992
315704771235 5796294
315804765357 6127236
315904769368 6273887
316004780388 6402923
316104772094 6074921
316204784013 6142425
316304729459 6288264
316404730316 6271552
316504779511 6915299
316604781735 6257318
316704786095 6249813
316804787820 5932763
316904787016 6060969
317004782362 5982836
317104844160 5979056
317204768032 6139790
317304792916 5867882
317404792999 6060415
317504798480 6050287
317604793736 6392587
317704756530 6136727
317804799173 6125895
317904753688 6115637
318004803084 6234807
318104804733 5850347
318204806613 6193454
318304813089 6255041
318404809991 6614502
318504809106 5837631
318604813276 6262790
318704816689 5923955
318804767325 5821266
318904815061 6385761
319004815795 6290446
319104820223 6339256
319204824846 5985063
319304824748 5778962
319404824390 5841475
319504823800 5843592
319604833048 6130183
319704845355 6341276
319804824592 5905751
319904831294 6060456
320004827943 6328495
320104836139 6487259
320204843025 6319836
320304838462 5781670
320404845944 6081891
320504788340 5917347
320604873311 6077814
320704872767 6186625
320804843346 5977064
320904844948 6410654
321004884323 5845634
321104843182 5850504
321204849852 5897061
321304886433 6195664
321404806108 6082226
321504851087 6244113
321604848415 6544655
321704861810 6061054
321804862026 6110963
321904860030 5985162
322004855511 6342716
322104868216 5862165
322204863843 5983772
322304820847 5911591
322404863011 6257748
322504872863 6275254
322604869161 5852347
322704897444 6140281
322804875323 6411885
322904877346 6059614
323004879592 6066935
323104876589 5707581
323204832632 6370687
323304882153 5888148
323404885411 6064698
323504889637 6059075
323604886127 5976593
323704865123 6130580
323804891905 6063231
323904885446 6415517
324004895639 6343294
324104893012 6260469
324204895232 6042362
324304847492 6236099
324404897711 6288145
324504849098 6180388
324604900744 6353147
324704855523 6223002
324804904189 6232556
324904885569 5913056
325004909598 5851637
325104910748 6155823
325204913294 6540863
325304913514 6169953
325404917293 6049640
325504915361 6060519
325604913948 6125422
325704870024 5809709
325804920627 6258421
325904916370 6283006
326004923103 5918996
326104952230 6052835
326204939585 6144408
326304927081 6179943
326404926726 5834607
326504927925 6064081
326604932219 6254251
326704937878 5724565
326804932482 6006651
326904889326 5743526
327004889825 5971262
327104940674 5833755
327204945043 5857585
327304947241 6338855
327404947259 6260313
327504901360 6412685
327604946721 6005268
327704950961 6332718
327804956870 6072733
327904948161 6117421
328004953841 6201780
328104957941 6422570
328204958967 6256226
328304959767 6105470
328404954287 5918058
328504955841 5704988
328604957529 6530858
328704922355 6322321
328804966745 6182547
328904966721 6308910
329004973945 5912766
329104964579 6314905
329204974642 6204886
329304980195 6398902
329404976972 5846156
329504931301 6201360
329604972775 5915388
329704982505 6188757
329804929008 6325259
329904975957 6095823
330004976313 6267975
330104979767 6064014
330204981014 5774757
330304984954 5779332
330404993553 6131651
330504992823 6312682
330604990585 5927030
330704993313 5920166
330804993990 6271981
330905003079 6131224
331004997259 6405250
331104974531 5865347
331204993708 6059621
331305000033 6741932
331405003144 6136356
331505002170 5869267
331604954318 6196837
331705007720 6011228
331805008830 6261429
331905009003 5692658
332005012095 5702924
332104996927 5992632
332205012201 5967044
332305015959 5998537
332405017363 6273013
332505063299 6414041
332605023564 5867007
332704974673 6286380
332805021913 6116963
332905023545 6138254
333005028830 5979960
333105031527 6470912
333204982097 5860669
333305030902 6046029
333405034589 6268147
333505059715 6113573
333605030366 5914290
333705043334 6206788
333805040645 6484319
333905035776 6200499
334005039216 6392648
334105024560 6098461
334205047439 6135238
334305041881 6040577
334405030057 5906642
334505004039 6260854
334605053644 6067532
334705051424 6039131
334805044402 5863118
334905055424 6040431
335005061677 5639241
335105061362 6264743
335205063743 5928770
335305013633 6074321
335405062409 6124905
335505067564 6049959
335605061539 5969288
335705069279 6275115
335805068274 6341823
335905069516 6143320
336005073601 5912475
336105072858 6051565
336205071061 5989336
336305077635 6125869
336405030284 5944000
336505078058 6218647
336605081535 6134043
336705086482 6134697
336805082925 5981328
336905088324 6117713
337005091059 5980340
337105079600 6268332
337205095425 5933881
337305093393 6140023
337405045474 5926428
337505094608 5903692
337605095942 6471044
337705092188 6193258
337805094771 6130201
337905098500 6324953
338005103383 5928721
338105106078 6010960
338205105230 6257993
338305062131 6444908
338405060405 6305895
338505112609 5374161
338605063636 5913720
338705117377 6407497
338805110107 5580915
338905113808 6103187
339005118782 5846736
339105121276 6200853
339205120683 5857864
339305146844 5768250
339405131061 5908023
339505146290 6128409
339605132546 6177500
339705127800 6534926
339805128687 6185916
339905153488 5643349
340005103704 6274467
340105139661 5990099
340205129472 6103599
340305088979 6130034
340405132079 6233424
340505141813 5778441
340605089297 6049382
340705146155 6060481
340805096627 5905403
340905143848 6282984
341005151978 6137406
341105153165 6568313
341205151998 6254303
341305164210 6171336
341405152058 6334125
341505153955 5970080
341605139775 6159701
341705156106 5979570
341805163181 6127821
341905165808 5899320
342005167164 5950667
342105165723 6025472
342205197244 6212039
342305165933 5693419
342405129095 5988160
342505169723 5814848
342605172972 6204277
342705172587 6266478
342805172019 5842898
342905177095 5912413
343005179515 5967002
343105183532 6338027
343205180038 5704330
343305180794 6260508
343405134976 5871072
343505185998 6454019
343605135550 6187427
343705189263 6199643
343805217930 6214929
343905191052 5780459
344005146927 6315686
344105195313 6407781
344205192712 6265106
344305193390 5766795
344405200925 6064940
344505192873 5987596
344605203372 6004083
344705202264 6398082
344805204779 6045724
344905201358 6471224
345005209383 6131544
345105204050 5764651
345205210815 6209745
345305211281 5979546
345405216723 6196393
345505211867 6114888
345605216635 6126072
345705169833 5948427
345805171194 6196114
345905173010 5824160
346005174936 6235804
346105226860 5904249
346205237708 6072045
346305221535 5711710
346405229245 5923693
346505233999 6475533
346605231194 5979476
346705184147 6022447
346805230852 5975748
346905232871 6056293
347005190080 6265526
347105194997 6482487
347205192828 6136557
347305243228 5909801
347405245874 6219092
347505243760 6129857
347605241294 6065435
347705252170 6120923
347805250527 6272908
347905254566 6191930
348005249368 5915690
348105205832 6074587
348205207430 5838265
348305210001 6247843
348405261670 5568517
348505253860 6257738
348605215987 6201837
348705263100 6128103
348805268417 6344373
348905217054 6170853
349005264996 5951222
349105263851 6118306
349205271730 6048982
349305272370 6666449
349405271912 6318606
349505269590 6120950
349605224292 6437515
349705275653 6275516
349805274500 6004556
349905279036 6765176
350005276449 6128018
350105280562 6693645
350205284718 5858569
350305289431 6270546
350405287609 6266359
350505287617 5834379
350605283589 6353827
350705296055 5978760
350805302523 5633751
350905299225 6170391
351005282728 6072735
351105302659 5933053
351205298718 6113301
351305256144 5789052
351405310301 6247015
351505305267 6179661
351605305616 5791049
351705259008 6113490
351805308228 6283779
351905312920 5966812
352005264094 6186123
352105265403 5688483
352205310132 6140542
352305321803 6444866
352405269588 6133494
352505323603 5966386
352605272755 5881184
352705324886 5957412
352805326586 6037935
352905326180 6437927
353005278715 5987822
353105330302 6093652
353205365141 6036822
353305332225 5815285
353405350485 6099633
353505333733 6042638
353605336058 6021554
353705335356 5832226
353805341731 6293972
353905341689 6104655
354005342759 6160153
354105292541 6360881
354205341902 6035898
354305346717 5955931
354405348030 6212060
354505302200 5960466
354605348664 5993347
354705304151 5749953
354805354719 5801799
354905356309 6031664
355005360436 6004055
355105344488 6224857
355205361442 5952710
355305359890 5948579
355405315801 5610466
355505364813 6077941
355605320641 6085417
355705367229 6110870
355805369370 6090603
355905369837 5955292
356005374842 6292353
356105371042 6495277
356205379619 5729844
356305369946 5940323
356405383509 5897138
356505347326 6250753
356605381799 5948698
356705381101 6181046
356805385580 6100336
356905391354 6360362
357005385053 6152898
357105386521 5974737
357205370058 6221094
357305394447 5757145
357405343149 5907685
357505391280 6687883
357605388365 6223647
357705421868 5903196
357805412946 5953783
357905418501 6159504
357956028939 2385651
