100089324 67701
200432990 95739
300375158 205227
400146940 278899
500422288 447630
600375738 621225
700381077 718825
800204358 856852
900388725 1049573
1000383936 1255962
1100411935 1385889
1200401692 1623025
1300306874 1719325
1400271330 1854987
1500253336 1949115
1600193366 2293669
1700183914 2797245
1800152314 3440944
1900123491 4172808
2000157514 4955271
2100443995 6692912
2200397598 6801269
2300411828 6964088
2400431814 7369830
2500438814 7510759
2600401042 7561567
2700398271 7700425
2800422765 8066504
2900415146 8233124
3000395907 8300509
3100381037 8484026
3200428509 8568324
3300420519 8667530
3400323700 8910661
3500249572 9150064
3600270007 9467620
3700162393 10612897
3800207847 13146074
3900254493 16520755
4000447252 16729044
4100433696 16768345
4200540078 16936566
4300445726 17682852
4400416298 17883147
4500203970 17921100
4600474356 18002113
4700471051 18215000
4800486123 18851772
4900483586 18891658
5000472833 18934239
5100464069 19176008
5200464215 19222148
5300468913 19268498
5400408003 19534974
5500488917 19587875
5600487706 19630459
5700418755 19682713
5800439052 19732290
5900486259 20028113
6000398428 20074124
6100444960 20125822
6200422970 20179716
6300440033 20248751
6400225410 20593018
6500414252 20692296
6600635114 20800764
6700440087 20961725
6800426943 21161457
6900239998 21566614
7000185660 22536581
7100224036 23270623
7200225539 24055432
7300211839 24985684
7400213564 25926397
7500191747 26984435
7600218499 28079053
7700223091 29245686
7800224469 30515090
7900195764 31704565
8000199414 33287607
8100199188 35337793
8200206002 38038734
8300201855 41686891
8400203278 46153596
8500304466 49814387
8600501096 50387168
8700528252 50427071
8800525788 50471285
8900306738 51314496
9000527425 52234471
9100516654 53234925
9200542186 53640933
9300533357 53674538
9400533871 53721876
9500526052 53768489
9600557549 53813256
9700460511 53869743
9800510503 54286793
9900550087 54441227
10000556689 54496505
10100456948 54585244
10200720529 54661543
10300508788 54775200
10400581866 54862752
10500391672 55015770
10600534812 55540091
10700341156 55759071
10800561315 55946243
10900364745 56193177
11000480159 56443444
11100358633 56651648
11200328328 56979787
11300549522 57167521
11400352440 57544175
11500589749 58268761
11600302913 58668903
11700335448 59063246
11800613959 59332705
11900298995 59683696
12000337035 60066730
12100354450 60324571
12200312565 60599680
12300343773 61086293
12400349785 61586547
12500535335 61914694
12600327639 62429893
12700326527 62936671
12800344779 63452058
12900342705 64414458
13000414434 64719855
13100387126 65115256
13200346565 65565622
13300414145 65891753
13400341859 66242549
13500333820 66752768
13600508361 67151984
13700402349 67485620
13800323138 68043581
13900343364 68663403
14000371770 69249479
14100479602 69789996
14200591738 70342731
14300336217 70951427
14400346884 71575351
14500318270 72185541
14600326902 72714137
14700354776 73933741
14800364926 74582546
14900369457 75207092
15000391839 75799772
15100325890 76365244
15200342188 77045027
15300390243 77727307
15400358919 78405896
15500442218 78998926
15600368336 79643888
15700357036 80318625
15800342049 81002230
15900365780 81649997
16000431643 82202212
16100376728 82868723
16200343103 83580246
16300356378 84283118
16400359181 84969579
16500400914 85610695
16600366209 86265602
16700391671 86987966
16800374817 87692693
16900394748 88401939
17000387951 89076446
17100372847 89706526
17200393750 90383247
17300407338 91037557
17400401789 91637312
17500456972 92771240
17600350140 93306707
17700382429 94010568
17800409408 94681398
17900387932 95295855
18000401071 95839917
18100378831 96394985
18200393652 97106427
18300382649 97825716
18400405692 98461761
18500411977 99071478
18600464089 99601584
18700393542 100398922
18800391345 101140047
18900410471 101878448
19000392665 102744353
19100394293 103780167
19200393474 105386248
19300360062 107725406
19400353717 111136791
19500351809 115092888
19600360488 119937118
19700361838 125056057
19800347810 130221147
19900361644 135549069
20000791658 140323747
20100426397 141378725
20200709246 142277895
20300715085 142313212
20400621777 142347070
20500572980 143396498
20600602975 144195374
20700487825 145391182
20800722364 145900172
20900713893 145929376
21000699645 146116428
21100704740 146870552
21200720726 146899975
21300724745 146930620
21400730899 146962770
21500721367 146996572
21600731218 149018401
21700688517 149056553
21800729273 149086286
21900701256 149125110
22000724206 149161845
22100702556 149203437
22200715969 149244517
22300723381 149286815
22400696169 150042959
22500721383 150084068
22600728470 150120094
22700734451 150160623
22800739461 150197308
22900741615 150236714
23000726773 150273818
23100718000 150310251
23200627976 150348100
23300724917 150384797
23400732289 150418227
23500733609 150659778
23600741145 150699059
23700746703 151527856
23800754058 151563805
23900745293 151607026
24000501944 151652216
24100749342 151698193
24200741758 154074013
24300741697 154117966
24400724072 154152864
24500725188 154189956
24600756909 154228579
24700757923 154271128
24800744103 154313261
24900759732 154356150
25000464197 155186689
25100643022 155327068
25200749077 155384353
25300726957 155428925
25400749301 155483013
25500538871 158387791
25600528219 161484460
25700783332 164006571
25800528110 171935173
25900660284 173835956
26000502465 176136525
26100499163 178044131
26200499944 179988771
26300972841 181918864
26400618906 185314384
26500832883 187314360
26600706759 189311939
26700891681 191463386
26800792176 193667574
26900947021 195896611
27000813470 198252347
27100754624 200733746
27200929656 203183434
27300937525 205764102
27400960896 208782789
27500930996 211849067
27600584514 214773090
27700756889 217592239
27800808343 220163404
27900719205 222807195
28000948071 225548991
28100764410 228144185
28200986315 230735040
28300702451 233600758
28400803037 236520535
28500948915 239561677
28600712280 242160547
28700712299 244937891
28800930093 247610321
28900953291 250792300
29000689062 253758721
29100781362 256663188
29200734363 260291114
29300918660 263475189
29400719012 266674292
29500534646 270672485
29600588936 275814024
29700535264 280249844
29800548788 284482464
29900622377 288884675
30000919983 292234485
30100519368 296696704
30200981564 300999404
30300927138 305631993
30400565067 310246622
30500530744 314710906
30600770283 318860110
30700702024 322820702
30800903233 327064463
30900600177 331526517
31000634147 335475240
31100872042 339224600
31200781486 343361748
31300866616 347621212
31400791705 351036467
31500509035 355295387
31600711623 359425208
31700734908 363456333
31800609702 367652880
31900714953 371554876
32000557988 375747059
32100933931 380013815
32200716291 384849140
32300819021 388941176
32400660056 393384543
32500782745 397744764
32600736459 401831978
32700685371 404782418
32800617900 409467549
32900774247 413181478
33001002769 417278848
33100722176 421109595
33200658407 424295079
33300634988 428794739
33400932400 432891536
33500808051 436811905
33600758371 440842596
33700793419 444973329
33800939416 448957356
33900665266 452912941
34000756162 456627722
34100737138 459375267
34200945340 463031530
34300952119 466945107
34400659757 470151641
34501018102 474134979
34600924991 478005533
34700941992 481854883
34800825097 485970588
34900660394 489761684
35000896813 494056007
35100813061 497884677
35200635698 501298150
35300693438 505607497
35400675300 509840233
35500652609 513920414
35600674220 518155882
35700687927 522834796
35800910201 526704567
35900812127 529765729
36000696231 533897358
36100958273 537771842
36200729462 541918350
36300792778 546438729
36400725099 550655148
36500786370 554813498
36600672071 558163968
36700686436 562370896
36800806360 566432000
36900703953 570209784
37000677026 574408929
37100733514 578367808
37200718353 582509003
37300759480 586692377
37400923220 590596073
37500849529 594545749
37600714564 598418617
37700816108 602519527
37800914782 606427136
37900746666 610470400
38000629803 614157756
38100810153 618199595
38200680070 621685719
38300880559 625740211
38400697965 629701520
38501032532 633414275
38600978890 637423264
38700863879 641375972
38800860186 645361749
38900693895 649556343
39000971249 653489285
39100976160 657397772
39200838985 661437335
39300732208 665289772
39400795872 669354323
39500790561 673423830
39600738052 677413528
39700776002 681448409
39800780937 685510812
39900807402 689544060
40000802524 693485317
40100805799 697119028
40200884485 700918422
40300730554 705013386
40401027579 709299751
40500707224 713575307
40600994344 717612567
40700834248 721691998
40800879936 725771962
40900778329 729848955
41000768112 733987697
41100932334 738198095
41200788386 742175619
41300966673 746186483
41400874897 750307126
41500852879 754232551
41600808878 758265623
41700825914 762193860
41800783671 765955849
41900837314 769856266
42000807477 773832155
42100745475 777951766
42200812186 781850114
42300851111 785723372
42400876639 789562917
42500814702 793158168
42601026792 796521581
42700804664 800408117
42800893772 804392474
42900804464 808195650
43000871694 812135032
43100828043 815818140
43201018526 819647880
43300849224 823344465
43401060578 827390630
43501019333 831416298
43600812588 835388088
43700798397 839081228
43801097645 842815937
43901019296 846676586
44001041866 850315095
44100844367 854140495
44200984965 857439824
44300824545 861409452
44400900851 865366308
44500839146 869368219
44600846601 873313065
44700837365 877131397
44801047815 880938187
44900899194 884674822
45001011965 888804638
45100870212 892753738
45200968134 896632166
45301022751 900474569
45400882643 904456604
45500852122 907812965
45600921762 911622503
45700904925 915584010
45800958922 919540158
45901045316 923680287
46001000697 927296681
46100916183 931162280
46200836596 934895937
46300871562 938777116
46401257939 942711362
46501090093 946428064
46600909618 950224899
46700863194 953816281
46801117495 957742906
46900809948 961840580
47000935772 965519960
47100902147 969373005
47200878307 973075274
47300921289 976921861
47401156820 980875878
47500847587 984902781
47601064374 988608649
47700904147 992414021
47800927287 996118679
47900929589 999997625
48000847599 1003878719
48101008136 1007698735
48200882889 1011637014
48300955907 1015522852
48400852889 1019285858
48500954268 1023215499
48600855850 1026963925
48700999624 1030776869
48800966702 1034624144
48900964933 1038276176
49000941170 1042098258
49101076845 1046068845
49200990521 1049826592
49300948574 1053733144
49400890172 1057438048
49500949081 1061243388
49601177986 1065146821
49700992046 1068832081
49800927202 1072778710
49900994614 1076622936
50000952590 1080342314
50100948432 1084218306
50200869215 1088220161
50301122460 1091876145
50400961708 1095693211
50500973121 1099369663
50601190054 1103265288
50701147982 1107312764
50800960504 1110967059
50901069857 1114795519
51000906384 1118500499
51101093010 1122189950
51200905252 1126242683
51301116176 1130032767
51400982593 1133910699
51500982812 1137431452
51601191376 1141223636
51701128736 1144949854
51800950885 1148404528
51901209605 1152229839
52001114311 1156323123
52101042447 1159886327
52200906695 1163652614
52301013252 1167302656
52400905195 1170790619
52500869792 1174485962
52600989586 1178192538
52701159780 1182147475
52801053267 1185889777
52900989351 1189724008
53000986911 1193385682
53101154966 1197151327
53200962684 1200886172
53300991277 1204590223
53401005474 1208229319
53501186843 1212150223
53601057338 1215790088
53701042818 1219504456
53800865524 1223123659
53901149038 1227012454
54001077377 1230683688
54100958016 1234199347
54201250248 1237959229
54301211034 1242099277
54401045026 1245503867
54501011876 1249205289
54601049430 1252904151
54701248874 1256946843
54801016300 1260419433
54901206696 1264717169
55001201357 1268368890
55100951741 1271896040
55201299506 1275574585
55300928679 1279244424
55401052904 1283099757
55501024115 1286731440
55601193337 1290541841
55701009526 1294540658
55801065244 1298099941
55901046237 1301766345
56001034460 1305463433
56100997656 1309128013
56201072775 1312881400
56301056019 1316425212
56401146844 1320288973
56501224423 1324017742
56600941332 1327662522
56701049709 1331372724
56801213683 1335291811
56901085084 1338939177
57001058468 1342318322
57101093345 1346156907
57201277971 1349793511
57301050213 1353551921
57401050336 1357149939
57501239859 1360974227
57601110664 1364633054
57701190237 1367807905
57801100718 1371428034
57901048748 1374947977
58001324153 1378701608
58101020090 1382568142
58201098939 1386140202
58301075840 1389720254
58401326252 1393528892
58501055704 1397099890
58601092068 1400950640
58701061478 1404547294
58801206973 1408376024
58901249346 1411987595
59001071254 1415710202
59101075235 1419300004
59201339547 1423193755
59301219984 1426814662
59401117466 1430497865
59501115937 1434106533
59601307385 1438169557
59701122038 1441546702
59801091984 1445155440
59901255912 1448883903
60001030588 1452608519
60101119315 1456271125
60201120239 1459847171
60301250245 1463678519
60401158236 1467223584
60501058101 1470932647
60601107673 1474512884
60701024884 1478163967
60801136016 1481851900
60901261896 1485609412
61001378324 1489184207
61101171549 1492923842
61201136783 1496494078
61301379555 1500502379
61401132113 1503861916
61501144824 1507345044
61601288950 1511132834
61701245530 1514760877
61801139837 1518193589
61901311022 1522141052
62001194153 1525544629
62101114534 1529146839
62201290733 1532883158
62301062974 1536489583
62401161280 1540215482
62501195778 1543681313
62601167745 1547202479
62701086664 1550907115
62801126017 1554488959
62901083530 1558189451
63001182925 1561831518
63101115533 1565261537
63201414183 1569292531
63301175465 1572710323
63401167476 1576204447
63501292932 1579628600
63601064316 1583230757
63701380163 1586877672
63801069308 1590707406
63901127965 1594225586
64001186976 1597752862
64101374439 1601832901
64201134287 1605174158
64301166010 1608748452
64401366929 1612455193
64501207107 1616055920
64601156554 1619704376
64701182569 1623296929
64801134428 1627303356
64901196317 1630635704
65001196135 1634127828
65101381155 1638150861
65201211150 1641497738
65301199067 1644908339
65401209239 1648432690
65501176642 1652225324
65601345485 1655953016
65701216142 1659338383
65801026016 1662917281
65901367888 1666635798
66001044370 1670156162
66101205405 1673945797
66201443584 1677403763
66301165765 1681298071
66401205282 1684758168
66501344783 1688194036
66601349488 1691722337
66701235289 1695483490
66801125365 1699085393
66901226154 1702458639
67001236144 1705917036
67101415820 1709901456
67201240452 1713304976
67301186648 1716918611
67401376883 1720662943
67501188854 1724316275
67601195993 1727994338
67701216164 1731578980
67801424374 1735410629
67901325586 1738969881
68001256990 1742625931
68101494871 1746274790
68201147681 1750219079
68301240676 1753656738
68401461713 1757092279
68501158062 1760912297
68601267009 1764453696
68701255842 1768035593
68801331976 1771837986
68901274730 1775414162
69001152074 1778571752
69101258079 1782180044
69201267379 1785754393
69301432563 1789589465
69401359825 1793120905
69501246694 1796575708
69601454533 1800438715
69701388692 1803957820
69801258684 1807429536
69901414298 1811254632
70001411174 1814785669
70101284760 1818380939
70201544288 1822095602
70301163737 1825841196
70401270606 1829435433
70501296158 1833021795
70601421594 1836818501
70701303249 1840395502
70801281628 1844093502
70901275613 1847664515
71001185864 1851637386
71101217819 1855050022
71201286079 1858618216
71301347935 1862405632
71401306614 1865971725
71501186447 1869653756
71601442904 1873243726
71701224895 1877143839
71801301182 1880596591
71901293933 1884158548
72001462165 1888000506
72101280889 1891462157
72201294032 1894905363
72301488791 1898822780
72401312007 1902217822
72501307118 1905726723
72601534550 1909617123
72701283432 1913030028
72801566688 1916494793
72901331325 1920014546
73001247125 1923501317
73101778350 1927261222
73201318707 1930741134
73301278663 1934373003
73401608321 1938014929
73501281175 1941545742
73601342159 1945248708
73701342366 1948776479
73801351542 1952739471
73901337351 1956073909
74001383584 1959630889
74101523318 1963553509
74201320527 1966884727
74301590170 1970286220
74401289811 1973883038
74501309561 1977540462
74601548195 1981117791
74701399620 1984403537
74801341051 1987956776
74901578194 1991740146
75001339493 1995226806
75101323652 1998805704
75201629724 2002565731
75301389773 2006009748
75401327491 2009488717
75501532187 2013245919
75601473044 2016756558
75701300682 2020349163
75801606082 2024070177
75901473971 2027564640
76001361442 2031232567
76101634824 2034847114
76201237438 2038397882
76301389710 2042091325
76401510561 2045632351
76501508618 2049085049
76601273871 2052617027
76701539087 2056374949
76801365334 2059786427
76901405079 2063358639
77001581322 2067220618
77101353232 2070517172
77201356134 2074065758
77301612312 2077843758
77401370039 2081319238
77501378611 2084719629
77601593074 2088693105
77701413274 2091965736
77801393337 2095513649
77901310311 2099465192
78001401894 2102682974
78101404194 2106222279
78201583180 2110194306
78301411031 2113474277
78401379679 2117023820
78501595540 2120852270
78601405042 2124276038
78701386001 2127688671
78801426984 2131337237
78901396873 2134883385
79001677199 2138403721
79101433098 2141897366
79201391253 2145521593
79301550974 2149190852
79401467716 2152693274
79501415605 2156408400
79601431853 2159967493
79701537773 2163476290
79801350991 2167067973
79901673016 2170772955
80001594398 2174273697
80101369909 2177784984
80201317923 2181523330
80301432362 2184903552
80401396581 2188466553
80501618813 2192476669
80601452662 2195692172
80701437247 2199257815
80801680519 2203156507
80901466730 2206546079
81001407967 2210017587
81101609355 2214026096
81201437874 2217296084
81301445765 2220872028
81401420027 2224262443
81501426690 2227652608
81601638233 2231520831
81701427941 2234950306
81801493576 2238523216
81901589077 2242319944
82001507200 2245815274
82101451870 2249280893
82201560121 2253047618
82301440990 2256549831
82401439152 2260124956
82501702384 2263891426
82601472117 2267377929
82701444891 2270947920
82801673505 2274624663
82901496436 2278143373
83001473818 2281855088
83101715775 2285435976
83201580321 2288939835
83301472686 2292609147
83401730733 2296247039
83501537340 2299751762
83601504986 2303269035
83701518792 2307048574
83801627727 2310484975
83901487726 2314093711
84001668285 2317939873
84101492825 2321231764
84201479833 2324796397
84301599345 2328584461
84401479884 2332087116
84501756639 2335468856
84601493280 2338911261
84701501788 2342627006
84801457801 2346189848
84901611825 2349723685
85001528047 2353243244
85101628368 2357027833
85201534718 2360520789
85301514004 2364129348
85401640253 2367800146
85501540110 2371314424
85601460345 2375013445
85701752173 2378593245
85801537413 2382027922
85901504347 2385653597
86001602366 2389330609
86101564955 2392827988
86201824158 2396251986
86301539046 2399729134
86401517586 2403321377
86501670354 2407019674
86601549834 2410507040
86701535401 2414246576
86801520576 2417829350
86901464393 2421710233
87001507850 2425146726
87101522427 2428661105
87201464997 2432535911
87301571606 2435978907
87401504432 2439490620
87501670305 2442965566
87601555911 2446521690
87701739219 2450302295
87801636916 2453786944
87901546661 2457254849
88001730463 2461129922
88101502998 2464553180
88201503977 2468073096
88301781575 2471964735
88401520075 2475312646
88501489687 2478742174
88601708933 2482291732
88701472610 2485951402
88801825135 2489597333
88901423728 2493078310
89001539738 2496837610
89101558419 2500392274
89201593538 2503865869
89301484380 2507487274
89401826820 2511151949
89501470020 2514666820
89601580914 2518393685
89701557302 2521944003
89801628154 2525448944
89901579361 2529144602
90001814475 2532741124
90101601810 2536224510
90201576694 2539866898
90301732473 2543531440
90401614969 2547015566
90501532241 2550666826
90602047743 2554289314
90701497729 2557856412
90801590443 2561540386
90901609818 2565092029
91001467377 2568975571
91101590491 2572389828
91201856166 2575892191
91301476109 2579558820
91401606729 2583164219
91501544981 2586713202
91601507465 2590646357
91701594027 2593992948
91801599284 2597482918
91901610273 2600918741
92001536833 2604537683
92101539581 2608337832
92201590660 2611579146
92301606429 2615141350
92401802787 2619105459
92501591337 2622405108
92601583977 2625971047
92701807533 2629776382
92801617225 2633171490
92901614728 2636741311
93001532045 2640268846
93101615212 2643840473
93201607018 2647393801
93301527023 2651390644
93401628725 2654685527
93501514448 2658046615
93601631310 2661399351
93701900841 2665029329
93801507209 2668488361
93901563221 2672262973
94001776661 2675293967
94101628211 2678853079
94201842532 2682533841
94301704734 2686026010
94401624366 2689744903
94501910578 2693342441
94601697957 2696814217
94701651631 2700456774
94801804707 2704067137
94901810399 2707566952
95001641509 2711155045
95101902825 2714908756
95201664774 2718382882
95301610783 2721936072
95401896174 2725624329
95501715067 2729121355
95601676864 2732836897
95701787684 2736502406
95801682994 2739980653
95901703394 2743608588
96001736169 2747282672
96101721704 2750777458
96201634410 2754329619
96301916320 2758090469
96401684970 2761570659
96501591424 2765137245
96601922928 2768832408
96701755340 2772335758
96801700875 2776050625
96901908764 2779637907
97001834311 2783125561
97101678462 2786560398
97201896904 2790497135
97301655530 2793846378
97401703801 2797420070
97501575602 2801360737
97601667287 2804559905
97701679226 2808031629
97801610734 2811983286
97901702131 2815336278
98001671806 2818802611
98101597104 2822549726
98201659648 2826102841
98301705092 2829662252
98402058178 2833747383
98501695120 2836974560
98601701042 2840463155
98701670403 2844134456
98801714009 2847804405
98901737048 2851321208
99001903364 2854836679
99101699675 2858349900
99201939950 2862230052
99301719213 2865652776
99401653512 2869229851
99501796189 2873033912
99601883372 2876432046
99701716832 2880025262
99801951320 2883799928
99901757062 2887282232
100001726403 2890787800
100101614542 2894572191
100201718397 2898075367
100301656113 2901689071
100401928848 2905428774
100501893700 2908915093
100601699806 2912323009
100701955420 2916394137
100801724255 2919633685
100901730035 2923183791
101001660369 2927289891
101101747553 2930508178
101201740473 2934101449
101301935377 2938035270
101401719025 2941403000
101501757623 2944996479
101601737565 2948263851
101701756233 2951918527
101801983807 2955603637
101901759083 2959092230
102001757315 2962846315
102101748497 2966420320
102201780640 2970184301
102301742638 2973726058
102401751323 2977283672
102501702368 2981368068
102601748547 2984591756
102701761803 2988165081
102801831331 2992132825
102901755746 2995456298
103001770622 2998973649
103101933824 3002829783
103201759950 3006283261
103301742018 3009895833
103402047552 3013721556
103501777222 3017112086
103601785691 3020678877
103701904587 3024478449
103801842650 3027972083
103901786933 3031367098
104001727795 3035429215
104101757535 3038579018
104201780327 3042092514
104301678134 3045867409
104401765838 3049417146
104501780669 3052996689
104601701517 3057138088
104701814018 3060319053
104801798040 3063910308
104901780423 3067316726
105001779604 3070671055
105101677825 3074690547
105201807521 3077984983
105301684412 3081580757
105401823313 3084779895
105501811038 3088370568
105601814853 3091709185
105701727147 3095139233
105801772699 3099222711
105901829453 3102393820
106001811261 3105961824
106102050328 3110005216
106201811330 3113207606
106301820992 3116799622
106401694264 3120640565
106501806191 3123894251
106602042822 3127531492
106701816124 3130760827
106802035197 3134351837
106901853831 3137594740
107001845335 3141065000
107101719486 3144704987
107201829194 3148251917
107301841079 3151838390
107401724396 3155782691
107501829383 3159106275
107601774166 3162667307
107702061493 3166784766
107801845271 3169953869
107901838734 3173520905
108001773050 3177178960
108101843014 3180696791
108201948591 3184130747
108301940504 3187608692
108401815529 3191290406
108502110388 3194922094
108601842463 3198367975
108701861834 3202108443
108802103254 3205682478
108901805970 3209243577
109001865378 3212910403
109101851767 3216449691
109201748532 3220170302
109301853122 3223700467
109402206932 3227526300
109501985586 3230903577
109601797896 3234479293
109702102934 3238240579
109801922640 3241701123
109901888347 3245239989
110001947614 3249053430
110101983291 3252509627
110201876115 3256013534
110302078965 3259829099
110401870362 3263268993
110501858620 3266692313
110602032962 3270110565
110701844312 3273762733
110802065591 3277434280
110901908990 3280890889
111001856467 3284612264
111102120391 3288185731
111201816014 3291867265
111301869457 3295448285
111401922216 3299010181
111501870459 3302461090
111601823048 3306089931
111702163961 3309723113
111801769193 3313203418
111901833841 3316948557
112001888237 3320500417
112101971841 3323985865
112201902176 3327723857
112302176561 3331320153
112401935944 3334801451
112501893748 3338131103
112601954048 3341556467
112701939668 3345181122
112802176620 3348862449
112902016031 3352335988
113001836636 3356010434
113102135710 3359667242
113201916017 3363120314
113301919042 3366841440
113402183869 3370430366
113501939229 3373881954
113601918169 3377565823
113701798380 3381548505
113801929439 3384780669
113902170855 3388362161
114001869050 3391960823
114101971424 3395598095
114202149712 3399163679
114302054852 3402629746
114401909318 3406282228
114502098742 3409957185
114601985926 3413412996
114701954667 3416985548
114802115500 3420633371
114901932690 3424077573
115001943159 3427560464
115102155360 3431543887
115201935429 3434784847
115301953245 3438245356
115401947363 3441692289
115501921497 3445082765
115601898181 3449156804
115701960722 3452316847
115802131691 3456146423
115902008119 3459594701
116001908250 3463277116
116102173199 3466918370
116202008118 3470364577
116301939274 3474071246
116402089355 3477712430
116502107423 3481154982
116601998184 3484608309
116701858520 3488229088
116801966343 3491669521
116901952709 3495226773
117001894330 3499143117
117101963929 3502487770
117201986720 3506045075
117301895042 3509505562
117401975579 3512980631
117501865609 3516824978
117601985630 3520200561
117702155171 3523806110
117802140012 3527259754
117902342996 3530679422
118002012981 3534125393
118101970750 3537732497
118202260119 3541469175
118302095845 3544779169
118401996002 3548343163
118502160814 3552103838
118601990543 3555530406
118701997895 3559092569
118802025458 3562453391
118901994477 3566062385
119002229256 3569784762
119102027577 3573217631
119201926394 3576800133
119302240405 3580593889
119401997843 3583800413
119502006265 3587370107
119601895473 3590924412
119701972611 3594545750
119802029375 3598105730
119902032013 3601561303
120002280689 3604958285
120102077123 3608316768
120202029429 3611692936
120302140846 3615141135
120402049314 3618666266
120502243376 3622635506
120602034173 3625803832
120702024949 3629248431
120801941888 3633163336
120902040315 3636487986
121002026850 3640047218
121101923385 3643879319
121202022239 3647269723
121302271509 3650814794
121402195275 3654263144
121501941128 3657636269
121602028208 3660940151
121702043722 3664503657
121801944404 3668328363
121902049983 3671721770
122002279495 3675267577
122102214319 3678710984
122202051057 3682363265
122301944099 3686218448
122402060668 3689405308
122502317207 3693159549
122602065574 3696319337
122702056398 3699865067
122802073090 3703321633
122902262378 3707100159
123002055146 3710342684
123102051062 3713793540
123201946802 3717440172
123302056231 3721000604
123402056688 3724548450
123502000445 3728143541
123602020051 3731761008
123702349133 3735327725
123802101434 3738765017
123902078223 3742206892
124002274022 3745969760
124102066393 3749399075
124202075834 3752959271
124302296957 3756929342
124402063821 3760096833
124502026622 3763679236
124602095780 3766860141
124702265781 3770561338
124802098260 3773682734
124902096560 3777228579
125002101783 3780605405
125102325003 3784016845
125202073989 3787181215
125302098052 3790667389
125402248337 3794110023
125502095634 3797612697
125602116039 3800792792
125702096311 3804371605
125802228977 3808125472
125902176299 3811544184
126002055562 3815109777
126101999549 3818814624
126202099613 3822178706
126302119158 3825712551
126402245266 3829145456
126502131669 3832790239
126602080930 3835824359
126702106479 3839572603
126802399596 3843194616
126902146726 3846630039
127002085556 3850319685
127102357838 3854008052
127202207982 3857437508
127302087430 3861143488
127402232145 3864802043
127502213193 3868238540
127602396317 3871511575
127702123168 3874940821
127802156779 3878406496
127902337458 3882339992
128002156429 3885616505
128102022281 3889046171
128202139059 3892380623
128302116231 3895919163
128402049984 3899671664
128502120070 3903122263
128602254489 3906687877
128702145360 3910090365
128802188493 3913676876
128902313117 3916880857
129002260348 3920307183
129102259856 3923735270
129202128841 3927412779
129302315823 3931083745
129402298299 3934514891
129502144057 3938148857
129602378912 3941810421
129702174037 3945058442
129802386038 3948987601
129902154999 3952200724
130002175365 3955764758
130102406430 3959823022
130202185815 3962963892
130302169728 3966512836
130402051416 3970529060
130502223660 3973727342
130602191844 3977265098
130702308103 3980583299
130802444775 3984167898
130902193558 3987601349
131002137762 3991293446
131102207640 3994949497
131202179889 3998371125
131302150440 4001926303
131402276547 4005698603
131502194759 4009111647
131602202085 4012515625
131702382886 4016505918
131802198352 4019701951
131902190695 4023144106
132002068162 4026707955
132102223241 4030324645
132202416689 4033901238
132302183514 4037230418
132402342656 4040477613
132502182826 4043896977
132602188406 4047455958
132702451668 4051276057
132802210911 4054640571
132902144660 4057500248
133002176810 4060892683
133102328838 4064656162
133202197685 4068075253
133302205141 4071631028
133402128003 4075640237
133502227880 4078768802
133602418795 4082253239
133702236723 4085688877
133802207108 4089264862
133902385988 4093011403
134002234300 4096271640
134102210123 4099825042
134202450067 4103655233
134302236411 4107017920
134402229613 4110569166
134502360337 4114047301
134602371189 4117623194
134702244065 4120887004
134802318376 4124256969
134902143897 4127775276
135002166198 4131438909
135102515348 4135030700
135202140449 4138465435
135302254680 4142172444
135402400279 4145806915
135502328333 4149233401
135602727794 4152465319
135702259670 4155891001
135802213628 4159426875
135902430606 4163339384
136002253635 4166553956
136102261248 4170124475
136202525624 4174169557
136302263682 4177341638
136402261056 4180848650
136502348323 4184217523
136602259736 4187622047
136702333993 4191055753
136802293130 4194691676
136902511875 4198381648
137002421433 4201793060
137102308521 4205321077
137202221320 4208643632
137302311813 4212249289
137402171982 4215879839
137502266481 4219056594
137602278152 4222603598
137702178528 4226495892
137802289679 4229837557
137902319314 4232854837
138002232740 4236329359
138102554747 4240089824
138202412451 4243508510
138302227365 4247079487
138402551510 4250321472
138502140568 4253822697
138602553781 4257634913
138702320090 4261030376
138802305648 4264616461
138902375413 4267802588
139002329713 4271471533
139102560746 4275154300
139202419589 4278598300
139302285012 4282009863
139402324182 4285385383
139502280264 4289130805
139602526258 4292773715
139702351268 4296198155
139802302321 4299675435
139902466568 4303429143
140002454662 4306846413
140102337925 4310310003
140202252707 4314016389
140302306211 4317456357
140402316606 4321006329
140502275748 4324631675
140602333891 4328225861
140702588881 4331798593
140802214704 4335247259
140902186099 4338969697
141002599230 4342604318
141102175592 4345859208
141202334541 4349459648
141302569189 4353246243
141402441485 4356644293
141502284011 4360199288
141602236894 4363695751
141702360841 4367218806
141802493616 4370763902
141902256593 4374304539
142002318367 4377964675
142102617767 4381567616
142202427862 4384990324
142302369163 4388467709
142402670817 4392209801
142502498001 4395626652
142602298162 4399194678
142702433821 4402981415
142802362242 4406383112
142902362990 4409947950
143002631308 4413746801
143102369743 4417135814
143202357902 4420697544
143302534581 4424612609
143402376760 4427905377
143502362396 4431458613
143602356765 4434685585
143702315754 4438286693
143802574536 4442104643
143902367821 4445390869
144002379461 4448950949
144102255733 4452539231
144202395917 4456081077
144302643620 4459709360
144402394565 4463134021
144502350735 4466719277
144602302535 4470053196
144702385308 4473621607
144802507742 4477188086
144902340282 4480702903
145002405104 4484394119
145102640103 4487999794
145202286573 4491452794
145302430384 4495200826
145402626583 4498836605
145502434316 4502261266
145602367244 4505815265
145702584123 4509603920
145802402012 4512886998
145902403136 4516450591
146002667189 4520400620
146102413463 4523659729
146202406047 4527216974
146302522348 4530586708
146402384690 4534232379
146502684244 4537964583
146602430353 4541390576
146702368339 4544987975
146802617061 4548865821
146902422236 4551943978
147002404337 4555501295
147102420920 4558879484
147202381529 4562264735
147302313956 4566057379
147402431855 4569499992
147502426992 4573049588
147602325335 4576636320
147702409062 4580275382
147802699864 4583857406
147902665805 4587143694
148002390459 4590786790
148102689020 4594499439
148202394750 4597829342
148302896605 4601310993
148402467985 4604727456
148502437719 4608407858
148602701769 4612089030
148702497876 4615513684
148802450089 4618821883
148902695953 4622900585
149002465184 4626040761
149102401094 4629596818
149202381579 4633592067
149302452880 4636830938
149402438620 4640381206
149502521672 4643781609
149602465128 4647231473
149702369815 4650827017
149802439486 4654186297
149902530828 4657838067
150002630672 4661268710
150102711218 4664596222
150202505190 4668023605
150302442188 4671654504
150402611783 4675417985
150502576280 4678782265
150602720062 4682056367
150702561512 4685458190
150802474671 4688941675
150902729384 4692915157
151002497168 4696072025
151102443007 4699613120
151202373748 4703372735
151302500263 4706769411
151402752467 4710351202
151502537750 4713768517
151602487655 4717430182
151702773733 4721186155
151802506516 4724292060
151902511338 4727833953
152002426982 4731702241
152102465544 4735041038
152202497166 4738581071
152302660506 4742002230
152402435974 4745642859
152502791768 4749377460
152602650313 4752787252
152702457117 4756357306
152802419304 4759887013
152902443667 4763265371
153002650941 4766926645
153102656149 4770367887
153202730533 4773737347
153302456164 4777244997
153402513982 4780949977
153502745479 4784830750
153602531014 4788026394
153702707303 4791441360
153802518039 4794880515
153902528363 4798286248
154002460651 4802070602
154102541953 4805532190
154202537578 4808783855
154302526324 4812176379
154402770984 4816067221
154502525114 4819407070
154602527149 4822978712
154702639539 4826339021
154802548023 4829853340
154902742163 4833846853
155002550558 4837084977
155102523157 4840646207
155202428559 4844568007
155302554911 4847877310
155402524908 4851438176
155502623896 4854750428
155602492076 4858431668
155702807107 4862179846
155802653718 4865603483
155902565945 4869014455
156002501561 4872635726
156102554073 4876249336
156202718904 4880003198
156302544297 4883248456
156402809850 4886696773
156502397867 4890091054
156602558207 4893589092
156702517678 4897335820
156802563763 4900842720
156902776974 4904439147
157002722590 4907833020
157102546615 4911411359
157202834545 4915294916
157302561747 4918630517
157402847327 4921977685
157502562528 4925428185
157602612341 4929143950
157702848673 4932861200
157802592981 4936292671
157902554373 4939895985
158002726849 4943690143
158102536184 4947099563
158202601052 4950684877
158302789544 4954699938
158402694283 4957934527
158502568967 4961504371
158602488184 4965475384
158702603509 4968745498
158802574558 4972284685
158902714357 4975630135
159002629953 4979319112
159102534943 4983037570
159202742255 4986476814
159302604129 4990062413
159402853000 4994098945
159502607933 4997223258
159602598504 5000781206
159702499018 5004528624
159802590709 5008029500
159902877923 5011613972
160002626002 5015070222
160102593026 5018773199
160202894446 5022483997
160302613614 5025734506
160402637795 5029310427
160502519948 5033230468
160602617474 5036482693
160702635673 5040050558
160802563874 5043717943
160902569983 5047294252
161002916034 5050926885
161102665102 5054365902
161202618900 5057923769
161302518816 5061861052
161402616815 5064964238
161502908679 5068573564
161602713571 5072026470
161702484442 5075719717
161802552674 5079622778
161902484238 5082755146
162002670740 5086314954
162102756266 5089767433
162202650444 5093428518
162302780830 5097205522
162402837141 5100604843
162502640069 5103961082
162602708676 5107391757
162702622619 5111066192
162802991536 5114845837
162902779273 5118245344
163002692186 5121831850
163102894441 5125689493
163202664588 5129054850
163302666076 5132628895
163402812510 5136736245
163502650556 5139867730
163602670034 5143432445
163702590643 5147175139
163802679461 5150491783
163902889933 5154207246
164002529820 5157608845
164102618108 5161122388
164202713814 5164533243
164302510835 5168214681
164402573517 5172051640
164502523848 5175254519
164602712521 5178732175
164702679270 5182128676
164802711230 5185822270
164903024317 5189699627
165002679944 5192821031
165102701683 5196387377
165202771961 5199900461
165302652519 5203568329
165402914191 5207335389
165502820745 5210731862
165602704986 5214306760
165702911416 5218171471
165802755608 5221358925
165902697398 5224942382
166002623577 5228389539
166102670924 5232099419
166202915202 5235750781
166302804485 5239191487
166402676919 5242840536
166502848761 5246613472
166602712421 5250004760
166702715064 5253579306
166802655439 5257477901
166902553695 5260724670
167002743376 5264235970
167102567840 5267596494
167202738281 5271299534
167302963756 5275017039
167402822539 5278448735
167502716998 5281946792
167603004464 5286034745
167702725722 5289179436
167802737763 5292740452
167902628934 5296522515
168002740373 5299987396
168103004477 5303569151
168202631335 5307021280
168302699982 5310725697
168403129031 5314437424
168502716549 5317669589
168602743891 5321224127
168702674878 5325103915
168802765715 5328458406
168903011513 5332020951
169002769549 5335460949
169102771000 5338871924
169202675394 5342531128
169302761404 5346102831
169402963200 5349551841
169502689508 5352955650
169602750228 5356521401
169702962688 5360562621
169802766980 5363753069
169902732113 5367310775
170002807458 5370727278
170102789765 5374417667
170203040033 5378123381
170302755411 5381554671
170402746645 5385137877
170502951299 5388923452
170602763404 5392333060
170702848884 5395747779
170802656097 5399821339
170902783758 5402969225
171002887990 5406524022
171102900206 5409962818
171202741822 5413616276
171302944139 5417388750
171402987092 5420787577
171502796216 5424359171
171603034272 5428240597
171702854288 5431583898
171802798350 5435146989
171903072065 5439262376
172002781720 5442376138
172102771755 5445755206
172202681358 5449204615
172302621647 5452941819
172402973302 5456588117
172502811812 5459994624
172602817566 5463565886
172702985476 5467572332
172802818221 5470788133
172902766648 5474349482
173002738257 5478255844
173102905275 5481586531
173203071619 5485159939
173302818281 5488595134
173402856615 5491927452
173502831123 5495305410
173602831035 5498900555
173703062367 5502872662
173802827827 5506030811
173903094620 5509571826
174002871731 5513017140
174102837569 5516308185
174202710664 5520144006
174302801767 5523548265
174403106191 5527115997
174502717373 5530560640
174602790909 5534303468
174702999710 5537978696
174802900467 5541424169
174902788890 5545042392
175003095679 5549032230
175102864676 5552197746
175203031685 5555534353
175302855559 5558938991
175402846583 5562499429
175503060339 5566531462
175602859821 5569726860
175703114614 5573231366
175802925696 5576676128
175902800567 5580385337
176003120395 5584076505
176102872210 5587514127
176202835435 5591106894
176303044276 5595034837
176402855426 5598012685
176502862266 5601565029
176602822605 5605109800
176702868667 5608783353
176803033139 5612428334
176902988219 5615864439
177002840893 5619517862
177103065039 5623329807
177202845807 5626598454
177303113714 5630170760
177402902730 5633620730
177502898873 5637312505
177603051229 5640947701
177702888231 5644162390
177802879459 5647725976
177902799334 5651626099
178002897776 5654958908
178102894040 5658516814
178202808994 5661998532
178302832935 5665721885
178403056413 5669378964
178502957005 5672827189
178602965206 5676318745
178703070683 5680324548
178802901737 5683538828
178902911664 5686906910
179002795924 5690581440
179102929208 5694164553
179203177556 5697809062
179302947648 5701255199
179402923317 5704739023
179502875723 5708193790
179602894698 5711804905
179703073725 5715596985
179802911354 5719004314
179903128314 5722376105
180002859850 5725735564
180102962335 5729312023
180203178146 5733415251
180302857387 5736540430
180402927019 5740098552
180502997238 5743611169
180602906688 5747239512
180702974790 5751018957
180802924005 5754413364
180902919818 5757713409
181002806620 5761412198
181102864417 5764949336
181203197865 5768564595
181303009821 5772007635
181402973956 5775699167
181503197654 5779433981
181603075998 5782858423
181702956037 5786350987
181802848366 5789876724
181902900233 5793490998
182003175061 5796971354
182102946985 5800372750
182202947885 5803940589
182303178506 5807985898
182402968973 5811165534
182503237542 5814788872
182603009432 5818228314
182702937172 5821904070
182803208200 5825638627
182903072774 5829063560
183002955667 5832646313
183102958294 5835778504
183202978663 5839397115
183302916294 5843259304
183402970414 5846529896
183502975016 5850083245
183602900317 5853637906
183702906513 5857311228
183803059948 5860952120
183902966694 5864378570
184002927207 5867885690
184103077432 5871905216
184202980214 5874927473
184303206031 5878518100
184403169550 5881939109
184502956069 5885607543
184603135161 5889380273
184703165009 5892765492
184802953736 5896309123
184903085261 5899700442
185002949905 5903415334
185103052357 5906402047
185203014329 5910094302
185303162878 5913831209
185403299511 5917255816
185503032098 5920757362
185602808631 5924795442
185703014904 5927982535
185803154139 5931534952
185903022631 5934973452
186002998688 5938271337
186102985322 5941684835
186203032935 5945057701
186302951021 5948584914
186402992580 5952267987
186503175412 5955916585
186603220298 5959356703
186702974098 5962988540
186803168884 5966854760
186903011822 5969902532
187003061425 5973456626
187103058832 5976971321
187203255189 5980646747
187303122269 5984076121
187403030281 5987584261
187502912093 5991324828
187603065926 5994560164
187703182246 5998213110
187803166428 6001647742
187903032539 6005169735
188003266674 6009137712
188103020794 6012379448
188202985787 6015935846
188303065545 6019419435
188403051373 6023118925
188503310453 6026841677
188603157621 6030266655
188703019135 6033845856
188803250567 6037641695
188903027789 6040847616
189003007822 6044401418
189102937145 6048330406
189203059247 6051611819
189303051824 6055154368
189403014643 6058665192
189503036057 6062354325
189603164535 6066000412
189703112681 6069430556
189803042005 6073038328
189903153530 6076798964
190003081689 6080196370
190103063067 6083768609
190203234761 6087734776
190303056477 6090972489
190403081444 6094324160
190503097296 6097823595
190603346182 6101515727
190702958418 6104950878
190803075579 6108464805
190903028103 6111942113
191003052030 6115662332
191103244010 6119317139
191203237967 6122571769
191303087809 6126145943
191403439379 6130036088
191503092949 6133367631
191603081999 6136936950
191703297338 6141053492
191803088793 6144162152
191903131441 6147721782
192003012552 6151440636
192103083981 6154944680
192203461864 6158549468
192303163767 6161982265
192403123674 6165671647
192502977621 6168799455
192603126203 6172477086
192703242693 6176127768
192803224317 6179561153
192903065664 6183217273
193003229785 6186984442
193103283682 6190368972
193203087279 6193945978
193303312956 6197841270
193403123122 6201171239
193503105334 6204724986
193603004356 6208098085
193703119870 6211817253
193803343340 6215527731
193903129753 6218720974
194003141776 6222273905
194103391361 6226345275
194203119161 6229420535
194303092689 6232949657
194403071947 6236420432
194503106925 6240067225
194603395411 6243753823
194703243765 6247138727
194803133007 6250693477
194903341872 6254598643
195003156035 6257838554
195103416967 6261325220
195203272669 6264738266
195303143662 6268125401
195403279280 6271966195
195503142631 6275275943
195603149880 6278844951
195703164064 6282209373
195803153908 6285610935
195903087871 6289065890
196003126696 6292744333
196103321206 6296440387
196203163843 6299829077
196303150629 6303192641
196403085231 6306782896
196503150807 6310261939
196603414955 6313884582
196703169585 6317294157
196803156809 6320888199
196903372691 6324640275
197003205499 6328007341
197103427547 6331476948
197203197816 6334899814
197303166699 6338493685
197403387794 6342253292
197503186818 6345431124
197603391890 6348956421
197703262556 6352373629
197803188865 6355825236
197903069994 6359546966
198003199729 6362982443
198103402602 6366609889
198203314702 6370026515
198303184475 6373570361
198403324017 6376790213
198503191235 6380288299
198603126225 6383885460
198703164307 6387357241
198803463844 6391288216
198903195552 6394368175
199003202538 6397897716
199103145684 6401348755
199203167521 6405012561
199303458803 6408716991
199403215288 6411850434
199503228031 6415409966
199603115687 6419514497
199703221231 6422558066
199803216115 6426093847
199903172783 6429498499
200003252603 6433206986
200103453826 6436920838
200203217197 6440275422
200303205441 6443746355
200403261040 6447127397
200503210046 6450777092
200603365359 6454520246
200703247524 6457664413
200803570376 6461161821
200903353366 6464571136
201003483376 6468089791
201103360021 6471505293
201203266982 6475062227
201303193713 6478996241
201403208492 6481868399
201503431402 6485491840
201603212528 6488891355
201703082086 6492431437
201803146370 6496422422
201903254396 6499575809
202003500849 6503122307
202103222543 6506564504
202203226806 6510226699
202303501127 6513974044
202403240706 6517237727
202503536950 6520721444
202603259963 6523950924
202703209404 6527524361
202803129395 6530892114
202903246290 6534487339
203003447128 6538124449
203103272250 6541548085
203203263313 6545108682
203303492895 6548897372
203403267335 6552231813
203503266387 6555774342
203603200602 6559721452
203703255388 6562922896
203803546930 6566471776
203903283728 6569703226
204003456160 6573047540
204103433031 6576453442
204203203151 6580044355
204303520311 6583940970
204403283242 6587056579
204503286508 6590575135
204603221870 6594106601
204703210360 6597697304
204803507529 6601221947
204903294213 6604444223
205003249272 6607995369
205103352596 6611371048
205203265977 6615022536
205303435863 6618774599
205403282926 6622128139
205503578568 6625572052
205603395135 6628999399
205703287586 6632268150
205803342037 6635576665
205903276763 6639071769
206003245310 6643185296
206103306338 6646238182
206203325117 6649774223
206303308274 6653197617
206403281847 6656864214
206503466674 6660638005
206603319847 6663869528
206703587323 6667217393
206803417730 6670586836
206903320069 6674155184
207003226977 6677931804
207103308720 6681224854
207203599884 6684821610
207303455105 6688223600
207403276853 6691834330
207503466122 6695606058
207603337641 6698964693
207703320504 6702525778
207803223781 6706513607
207903315690 6709693702
208003605393 6713259319
208103337760 6716475924
208203372163 6720043139
208303245233 6723962360
208403355239 6727103068
208503613907 6730651521
208603339352 6734063778
208703311467 6737711039
208803512698 6741560791
208903457655 6744741225
209003364782 6748270958
209103315881 6751817204
209203286186 6755383898
209303630281 6759045204
209403367343 6762134186
209503366986 6765686315
209603295964 6769683073
209703416785 6772837345
209803119034 6776387544
209903373168 6779719667
210003359693 6783276562
210103271461 6787156262
210203377870 6790422478
210303660089 6794010346
210403495636 6797414121
210503344936 6801029033
210603526493 6804793438
210703372700 6807935794
210803576228 6811533438
210903385614 6814737403
211003382919 6818268518
211103278135 6821976080
211203348254 6825412799
211303596449 6829025368
211403395482 6832440944
211503385704 6836030962
211603576820 6839791472
211703381967 6843159022
211803399639 6846458109
211903530744 6849850888
212003375685 6853482087
212103581901 6857234329
212203406010 6860584047
212303401581 6864142224
212403287506 6867557189
212503345067 6871233933
212603603240 6875202433
212703408801 6878384855
212803668557 6881899717
212903516004 6885096941
213003424420 6888642297
213103588774 6892561626
213203418609 6895793379
213303358329 6899182046
213403398596 6902535524
213503693370 6906126820
213603525862 6909535188
213703419467 6913152774
213803585444 6916895847
213903432425 6920011224
214003686729 6923502311
214103460428 6926912872
214203455068 6930595670
214303592571 6934376650
214403405976 6937700905
214503438989 6941187332
214603378264 6944930492
214703433163 6948337194
214803523309 6951957261
214903503800 6955363311
215003407660 6958576020
215103321858 6962352147
215203407358 6965730898
215303731500 6969330478
215403568848 6972750534
215503427588 6976372965
215603593626 6980253336
215703455204 6983420328
215803472054 6986966539
215903398105 6990563502
216003440881 6994112431
216103705366 6997932348
216203445664 7000774025
216303723007 7004357456
216403568178 7007761963
216503438044 7011389338
216603559306 7015125427
216703469535 7018489025
216803460755 7022053598
216903742699 7026137480
217003468379 7029195993
217103667263 7032735162
217203476754 7036143457
217303837268 7039356097
217403519287 7042730696
217503480580 7046384653
217603415333 7050062839
217703486179 7053371742
217803760621 7056955240
217903398731 7060368377
218003503822 7064009865
218103563804 7067750392
218203493748 7071111064
218303499025 7074675166
218403779435 7078734962
218503492689 7081830778
218603630115 7085209407
218703478363 7088546689
218803496672 7092013631
218903411252 7095821682
219003498601 7099183579
219103625121 7102792276
219203470931 7106130012
219303498744 7109705775
219403756618 7113739071
219503521519 7116854210
219603755741 7120394677
219703474783 7123525338
219803785192 7126981591
219903586123 7130404470
220003516784 7134053346
220103574333 7137789243
220203502381 7141135223
220303538596 7144696041
220403468793 7148161540
220503472474 7151739797
220603793465 7155422232
220703596271 7158804573
220803527776 7162103564
220903436649 7165493229
221003502667 7169123546
221103768376 7172832820
221203798720 7176198072
221303502936 7179754480
221403747934 7183732605
221503544444 7186887617
221603492875 7190436511
221703667916 7193821212
221803452756 7197418751
221903800698 7201192747
222003543688 7204526401
222103563059 7207792008
222203559003 7211188470
222303563333 7214800284
222403782644 7218593742
222503562942 7221937943
222603549649 7225522960
222703437925 7229398219
222803560302 7232688526
222903840479 7236288274
223003705730 7239694241
223103555122 7243313157
223203720805 7247083424
223303573383 7250436710
223403559978 7254006156
223503713136 7257105948
223603551221 7260718874
223703757152 7264487812
223803555550 7267827980
223903572339 7271393098
224003491097 7275324932
224103557718 7278558533
224203841036 7282199652
224303500873 7285548207
224403582752 7289136073
224503459367 7292706810
224603615688 7296212815
224703767938 7299710037
224803567471 7302901670
224903591814 7306450683
225003511344 7310008258
225103571969 7313593724
225203856972 7317260781
225303739768 7320668792
225403582095 7324157058
225503490387 7327973275
225603581044 7331326850
225703936292 7334942612
225803727876 7338344130
225903582917 7341548811
226003501504 7345274143
226103624464 7348701145
226203815093 7352333983
226303652553 7355733216
226403549836 7359328553
226503526442 7363325640
226603604729 7366385980
226703876837 7370005377
226803600812 7373294727
226903812230 7377141245
227003623341 7380265295
227103616314 7383826608
227203562336 7387331117
227303622613 7390863951
227403879440 7394514379
227503782182 7397910875
227603664823 7401470479
227703776283 7405368204
227803582719 7408598778
227903649526 7412140238
228003766327 7415517871
228103896713 7418664262
228203696401 7422077254
228303643335 7425518149
228403530015 7429245118
228503570297 7432670281
228603792041 7435720370
228703633075 7439010825
228803748134 7442993983
228903651873 7446153819
229003898914 7449681809
229103794382 7453074010
229203647167 7456666755
229303861771 7460682749
229403662812 7463741412
229503643721 7467282068
229603619759 7470701713
229703654741 7474373171
229803801082 7478111463
229903675566 7481436179
230003672749 7484688073
230103736083 7488035487
230203627024 7491668893
230303846795 7495411320
230403662841 7498753471
230503679721 7502314210
230603593854 7506292530
230703670133 7509447001
230803946532 7513018573
230903748099 7516442125
231003729484 7520090509
231103854678 7523945131
231203692039 7527091043
231303850053 7530384780
231403678807 7533726289
231503683744 7537294473
231603935001 7541327375
231703668982 7544454781
231803902981 7548010216
231903676190 7551415198
232003710750 7554917906
232103574533 7558308233
232203700038 7561936744
232303574983 7565063397
232403658377 7568552454
232503592326 7571684974
232603651353 7575321906
232703921644 7579029953
232803711658 7582326814
232903708374 7585887918
233003592509 7589637443
233103744745 7592690720
233203987399 7596445399
233303706022 7599698222
233403700149 7603244285
233503612760 7606899735
233603655693 7610398020
233703881426 7614043229
233803749053 7617448918
233903733538 7621024767
234003986325 7624899401
234103739231 7628174899
234203989565 7631676027
234303769182 7635087309
234403737806 7638312238
234503627493 7642175094
234603747513 7645451892
234704014770 7649050039
234803858386 7652452963
234903707167 7656074581
235003930406 7659841362
235103722916 7663163224
235203976159 7666778714
235303842805 7670170578
235403728134 7673773294
235504005899 7677585108
235603750836 7680895849
235703709201 7684116357
235803593188 7687527695
235903785337 7691199875
236003643304 7694929508
236103757315 7698275682
236203737213 7701841050
236304030383 7705922418
236403764909 7709004531
236504017184 7712616176
236603893975 7716013047
236703792795 7719570049
236803961489 7723483989
236903763659 7726710381
237003780207 7730252620
237103709565 7733941972
237203775966 7737060493
237303910207 7740811854
237403758145 7744152544
237503778545 7747714895
237604042118 7751768025
237703764908 7754867638
237804046140 7758571631
237903789847 7761774342
238004062834 7765284421
238103951144 7768675992
238204061014 7771855472
238303931916 7775224754
238404068109 7778658334
238503976885 7782017001
238603777528 7785562677
238703751949 7789214031
238803747800 7792642733
238903989513 7796277550
239003806093 7799372719
239103775666 7802851146
239203687417 7806347175
239303737128 7809970621
239404092041 7813665876
239503891049 7817039829
239603798391 7820605531
239704041840 7824563279
239803825500 7827758691
239903813075 7831300169
240003932826 7834683674
240103806589 7838287772
240203950130 7842029900
240303814025 7845144988
240403811265 7848700340
240503714202 7852269493
240603821982 7855825397
240704101436 7859474106
240803938751 7862843778
240903820245 7866292964
241003744249 7870128701
241103825208 7873451929
241204037608 7877118241
241303835927 7880341472
241403882722 7883619014
241503839979 7887038369
241603871903 7890699881
241703984463 7894451298
241803824450 7897783523
241903853481 7901336775
242004115910 7905432688
242103841065 7908489606
242203834007 7912030799
242303790659 7915453179
242403848845 7919048009
242504054691 7923018061
242603850110 7926180900
242704108753 7929496905
242803849352 7932749648
242903865234 7936293909
243003969217 7939706539
243103843732 7943307160
243204117656 7947084314
243303890692 7950412429
243403863067 7953946932
243503757683 7957706885
243603880670 7961062661
243703966240 7964674160
243803870434 7968012396
243903887684 7971242034
244003782950 7974852183
244103875409 7978362846
244204068432 7981991525
244303878128 7985339026
244403887369 7988881357
244503989708 7992201601
244603735122 7995876896
244704136295 7999646412
244803889541 8002883433
244903897025 8006415905
245004226868 8009578336
245103886401 8012907921
245203894590 8016324295
245303921019 8019887046
245403800958 8023726677
245503879929 8026948390
245604151400 8030531153
245703995568 8033941871
245803843271 8037579806
245904091171 8041326815
246003918633 8044353522
246104117479 8047887683
246203925339 8051280123
246303923981 8054692777
246403871645 8058148950
246503885189 8061793594
246604186323 8065525811
246704102534 8068881892
246803916544 8072431126
246903840316 8076087904
247003912697 8079097044
247104067404 8082848337
247203930470 8086182509
247304203340 8089641354
247404037240 8093039262
247503928846 8096448573
247603801857 8100086163
247703944644 8103594324
247804085923 8107238137
247903926772 8110637113
248003945306 8113791130
248103985965 8117168910
248203929700 8120753726
248304126556 8124540156
248403938746 8127846880
248504203718 8131299077
248603964527 8134710195
248704199799 8138051955
248804085359 8141195213
248903904596 8144742546
249004156216 8148691810
249103959035 8151893145
249203953621 8155435427
249303830961 8158966931
249403966405 8162542065
249504233218 8166219766
249604046586 8169598158
249703963541 8173155459
249804173082 8177108668
249903981970 8180303510
250003977189 8183849170
250103873034 8187355761
250203958971 8190940478
250304248736 8194628963
250403982278 8197721977
250503955273 8201281031
250603868279 8205272803
250703972749 8208439191
250804242241 8212005186
250904050046 8215422199
251003999930 8219070741
251104070610 8222808165
251203987052 8226158662
251303987792 8229650793
251403987779 8233045124
251503932390 8236618737
251603884042 8239802703
251704000233 8243356642
251804260906 8247016931
251904117626 8250412482
252004000209 8253966740
252104215553 8257886340
252203997142 8261107376
252304007728 8264641034
252404088785 8268007572
252504014253 8271435643
252603899637 8274921820
252703962401 8278211124
252804199967 8281961982
252904001199 8285311765
253004166390 8288807434
253104153416 8292193689
253203954727 8295732577
253304233345 8299654089
253404027887 8302854687
253504010704 8306383971
253603925760 8309898806
253704005493 8313465856
253804294738 8317138204
253904175296 8320494305
254004040063 8323728994
254104042597 8327091530
254204007289 8330731393
254304134476 8334464207
254404035438 8337788823
254504027118 8341331601
254603976129 8344708819
254704046008 8348316987
254804406175 8352041779
254904052449 8355349902
255004026170 8358890786
255103947934 8362934844
255204036688 8365996345
255303962529 8368838512
255404004790 8372428488
255504284461 8376148798
255604044425 8379477834
255704065256 8382968800
255804170852 8386326527
255904073290 8389911144
256004291563 8393779791
256104067029 8397014463
256204328967 8400321016
256304156263 8403688576
256404049039 8407303981
256504287955 8411052980
256604053691 8414387300
256704085237 8417936439
256803972304 8421711840
256904062339 8425047931
257004252545 8428670303
257104102240 8432052300
257204053835 8435625509
257304300146 8439489557
257404076592 8442733571
257504089091 8446269366
257603973565 8449862539
257704054343 8453373820
257803977006 8456534942
257904028988 8459963185
258004298172 8463603222
258104225156 8466990149
258204077361 8470539842
258303986849 8474278735
258404030092 8477568571
258504290577 8481190100
258604125229 8484566661
258704117738 8488138421
258803990959 8492035127
258904053401 8494896185
259004370472 8498570133
259104250545 8501925642
259204108622 8505484889
259304329251 8509521493
259404101815 8512599855
259504105573 8516146003
259604036952 8519553869
259704090177 8523217456
259804212865 8526957871
259904119259 8530282801
260004349650 8533998933
260104105690 8537329852
260204100385 8540570556
260304032430 8543987332
260404157482 8547665474
260504307133 8551506652
260604124377 8554658684
260704116187 8558189298
260804055198 8561658882
260904060085 8565291051
261004393526 8569034481
261104110067 8572373451
261204124509 8575938533
261304417741 8580017163
261404115251 8583079808
261504047776 8586619111
261604163334 8589838586
261704204869 8593428605
261804378047 8597314876
261904137473 8600558337
262004397501 8604081417
262104251043 8607490097
262204109746 8611111703
262304414147 8615104072
262404161634 8618169658
262504144613 8621716896
262604148726 8625136558
262704135484 8628329558
262804180296 8631711467
262904141805 8635412290
263004320765 8639178721
263104157384 8642499863
263204166479 8646067409
263304039536 8650101417
263404146248 8653204128
263504434978 8656796746
263604165264 8660139081
263704171150 8663711044
263804538978 8667783533
263904170903 8670856755
264004101732 8674400381
264104167274 8677582602
264204145872 8681154931
264304367923 8685086249
264404179956 8688291496
264504233107 8691844015
264604216364 8695232506
264704165347 8698818907
264804279080 8702099126
264904187008 8705665118
265004388123 8709660251
265104203275 8712550248
265204458154 8716163529
265304321874 8719566453
265404186605 8723186895
265504480297 8726994532
265604258321 8730324307
265704191965 8733896524
265804199346 8737673727
265904167867 8741038376
266004351497 8744688703
266104213259 8748083281
266204248354 8751657633
266304427102 8755611921
266404222949 8758811417
266504202558 8762360002
266604213869 8765698196
266704228193 8769073980
266804222444 8772595941
266904173166 8776253530
267004415186 8780136213
267104186311 8783272732
267204230387 8786830141
267304107196 8790248291
267404262975 8793933459
267504375035 8797860949
267604231106 8801019651
267704255024 8804454247
267804340871 8807752805
267904243591 8811365185
268004489823 8815183720
268104235635 8818487551
268204496659 8821987813
268304340911 8825397076
268404202978 8829025356
268504463766 8832804342
268604245185 8836137973
268704511618 8839665638
268804339262 8843060288
268904188299 8846681807
269004461104 8850445672
269104261682 8853491463
269204241917 8857037762
269304215064 8860425215
269404259161 8863987562
269504442498 8867957314
269604274134 8871102605
269704415696 8874676895
269804299447 8878066063
269904297594 8881653192
270004480295 8885569398
270104256686 8888787149
270204269380 8892344747
270304326407 8895635235
270404249135 8899071813
270504155207 8902500656
270604258212 8906048743
270704156508 8909782956
270804339156 8912973304
270904512299 8916581411
271004310107 8919953437
271104285348 8923545123
271204226084 8927519547
271304282485 8930310174
271404554779 8933994835
271504388847 8937351993
271604273126 8940914409
271704541497 8944948617
271804289569 8948030589
271904286355 8951575149
272004322217 8954978264
272104329373 8958642966
272204492545 8962405977
272304307365 8965728470
272404517594 8969281222
272504388177 8972681145
272604313833 8976306022
272704571778 8980114984
272804302413 8983097338
272904572582 8986656162
273004396537 8990064863
273104311640 8993597895
273204575229 8997657963
273304309990 9000703756
273404593762 9004300468
273504595494 9007642912
273604291722 9011156057
273704224583 9014756284
273804293073 9018259189
273904597404 9021960751
274004276298 9025017909
274104327712 9028593473
274204248511 9032368740
274304324436 9035706857
274404539650 9039357491
274504442543 9042716929
274604326790 9046290810
274704598148 9050323055
274804321386 9053426111
274904342050 9056987436
275004385990 9060386542
275104331072 9064038066
275204515854 9067802381
275304357429 9071108849
275404616503 9074594551
275504499243 9077767389
275604357491 9081315070
275704541619 9085308480
275804337205 9088428520
275904557158 9091990305
276004517987 9095363367
276104584903 9099089274
276204364614 9102465209
276304391033 9106025991
276404422236 9109976347
276504340083 9113122567
276604396519 9116589785
276704439416 9119863887
276804359370 9123467381
276904640103 9127323488
277004347913 9130571177
277104376426 9134120561
277204391402 9137468901
277304330649 9141072377
277404653284 9144904769
277504381768 9148176373
277604390322 9151733192
277704313211 9155313139
277804358216 9158825576
277904636006 9162538335
278004392371 9165861018
278104377107 9169155300
278204285623 9172884973
278304394683 9176254132
278404629253 9179908883
278504538481 9183290442
278604453477 9186999731
278704403666 9190329271
278804398795 9193906727
278904280620 9197799124
279004375000 9201030868
279104625139 9204668927
279204414898 9208043303
279304396425 9211358544
279404297871 9215425737
279504395666 9218491066
279604682926 9222096591
279704476074 9225485876
279804408072 9229011358
279904366550 9232401723
280004417046 9236023896
280104555620 9239798038
280204389512 9243096823
280304415310 9246682703
280404371062 9250630153
280504545921 9253818454
280604634413 9257441892
280704430165 9260553932
280804441858 9264137654
280904322959 9268238797
281004424766 9271252894
281104700379 9274852548
281204534429 9278229228
281304370468 9281832911
281404719139 9285718973
281504442567 9288930258
281604460346 9292485621
281704507756 9295873998
281804438195 9299652774
281904314712 9303140084
282004428004 9306397415
282104697487 9310223605
282204451280 9313511531
282304712406 9317071917
282404531275 9320463091
282504402300 9324069521
282604723203 9327924857
282704436350 9331177979
282804674988 9334757363
282904455402 9338049301
283004448453 9341618326
283104579581 9344699211
283204468632 9348312971
283304368771 9352146860
283404455076 9355382749
283504518201 9359054006
283604479050 9362368966
283704678496 9365832277
283804604514 9369335550
283904451041 9373059601
284004372420 9376098575
284104488403 9379692370
284204387474 9383323535
284304471903 9386789753
284404759334 9390496585
284504667174 9393833545
284604496493 9397413903
284704727556 9401534299
284804494924 9404547478
284904755744 9408152135
285004600066 9411549383
285104560199 9414793990
285204383789 9418475610
285304483606 9421916100
285404775043 9425612894
285504682366 9428959399
285604765186 9432439122
285704504233 9435771898
285804453794 9439350468
285904420630 9442857001
286004485303 9446018117
286104673544 9449804866
286204525879 9453120855
286304765888 9456640568
286404646855 9460034794
286504522169 9463672300
286604761278 9467503691
286704507098 9470792117
286804439370 9474358156
286904408819 9477976196
287004510470 9481472451
287104759878 9485199263
287204533139 9488525586
287304522762 9492108130
287404626174 9495130158
287504528314 9498668422
287604406241 9502793452
287704545068 9505808704
287804775558 9509470315
287904594598 9512783279
288004527930 9516366730
288104425302 9520400800
288204557592 9523499980
288304816490 9527134833
288404633343 9530513065
288504526549 9534115351
288604823222 9538035251
288704546033 9540915079
288804818130 9544534488
288904702770 9547921051
289004539307 9551440139
289104441347 9555549137
289204610902 9558596674
289304816102 9562209712
289404638382 9565597712
289504553812 9569229015
289604686255 9572423999
289704524711 9575646325
289804707967 9579006493
289904559510 9582642637
290004787948 9586493432
290104572266 9589769837
290204838039 9593319321
290304732030 9596703420
290404559001 9600332066
290504832572 9604180885
290604580569 9607456041
290704579449 9611026847
290804511455 9614589296
290904555393 9617741410
291004841254 9621586519
291104589336 9624872956
291204583627 9628445699
291304476939 9632030947
291404575144 9635556829
291504883907 9639297894
291604572287 9642548848
291704587095 9646124798
291804511177 9649641315
291904582619 9653214076
292004885120 9656986625
292104515709 9660291936
292204615262 9663875882
292304702816 9666896446
292404575389 9670516319
292504873883 9674393883
292604582001 9677639092
292704448096 9681200568
292804470465 9684735756
292904556433 9688294052
293004905120 9692050734
293104590945 9695360507
293204592918 9698936728
293304557006 9702977447
293404555920 9706075741
293504792540 9709700002
293604690603 9713079226
293704598945 9716680444
293804846006 9720613152
293904567651 9723514772
294004897676 9727132409
294104719564 9730517083
294204638706 9734136311
294304858586 9738018978
294404632582 9741262722
294504634141 9744831503
294604752757 9748187429
294704652456 9751634528
294804524220 9755124297
294904675895 9758734631
295004546168 9762300660
295104608684 9765413455
295204772613 9769074415
295304611379 9772375205
295404638293 9775963477
295504602927 9779294059
295604713186 9782979591
295704741009 9786749691
295804652343 9790053499
295904652001 9793624743
296004597092 9797446486
296104675423 9800750251
296204826434 9804409054
296304662736 9807472566
296404654567 9811046013
296504567264 9814908688
296604613185 9818175030
296704832695 9821813438
296804680587 9825187864
296904664152 9828696196
297004686105 9832087787
297104645867 9835763782
297204929260 9839736552
297304653152 9842835859
297404641521 9846391728
297504677607 9849191576
297604677356 9852671905
297704700912 9856076234
297804700788 9859753630
297904602454 9863257836
298004655785 9866683928
298104863681 9870364971
298204819430 9873714647
298304672835 9877295399
298404952076 9881401335
298504696609 9884450601
298604953293 9888031010
298704776661 9891141791
298804685336 9894722554
298904941828 9898795494
299004691890 9901873965
299104846621 9905692840
299204707507 9908991772
299304700726 9912514873
299404534557 9915905662
299504695724 9919587652
299604615362 9923356996
299704716232 9926680582
299804704974 9930259641
299904591034 9933987921
300004711607 9936950662
300104869099 9940737065
300204712398 9944055450
300304720177 9947644619
300404650639 9951331281
300504731373 9954769368
300604999832 9958465331
300704922677 9961816605
300804729858 9965404222
300904647311 9968988954
301004737924 9972450114
301104984644 9976139982
301204732081 9979435994
301305082813 9982724386
301404863036 9986080940
301504735507 9989717033
301604965095 9993558371
301704733684 9996827288
301804751104 10000401143
301904656841 10003969254
302004686186 10007503802
302104993228 10011246459
302204754073 10014559955
302304753224 10018141328
302404768822 10021441747
302504752522 10024653646
302604722429 10028111249
302704738858 10031729195
302804928668 10035508285
302904759513 10038800915
303004813425 10042374972
303104780184 10045652594
303204768433 10049236443
303304982543 10053205083
303404769629 10056351452
303504755069 10059003776
303604745985 10062656449
303704660338 10066047861
303804751212 10069550519
303904999596 10073276463
304004776761 10076583761
304104788713 10080155785
304204649349 10084211725
304304719343 10087278107
304405061639 10090887472
304504896915 10094262228
304604792841 10097473003
304704678991 10101465846
304804781596 10104576464
304904992269 10108321079
305004793389 10111427508
305104757771 10114975061
305204810491 10118365195
305304776669 10122015874
305404984026 10125772272
305504801222 10129068934
305604793557 10132627804
305704910603 10136016944
305804797719 10139178343
305904767439 10142652810
306004827952 10146233560
306104958793 10149981892
306204808541 10153263393
306304996782 10156753596
306404837377 10160112310
306504806991 10163680136
306604719934 10167252975
306704844785 10170659394
306805290434 10174334578
306904829645 10177288459
307004819960 10180850434
307104921457 10184172237
307204826248 10187681190
307304711962 10191752758
307404823195 10194778536
307505100084 10198372404
307604963637 10201745366
307704804876 10205334575
307805063415 10209216103
307904822831 10212417849
308005064338 10215731595
308104840744 10218925344
308205100331 10222556408
308304838769 10225834587
308404850390 10229381219
308504710434 10232916270
308604823449 10236444336
308705104935 10240234174
308804857419 10243447001
308904847221 10246998497
309004852341 10250277911
309104800517 10253554975
309204771763 10256869650
309304813644 10260524778
309404968055 10264270662
309504864536 10267556516
309604856282 10271115070
309704731907 10274846944
309804862386 10278196732
309905085102 10281842239
310004957220 10285194728
310104871177 10288747081
310205048105 10292809332
310304848075 10295833804
310405134006 10299407756
310504905770 10302462508
310604871012 10305942039
310704780500 10309450013
310804836116 10312996395
310905038927 10316737442
311004879464 10320023298
311104875286 10323589144
311204770079 10327509236
311304870771 10330682933
311405048484 10334309853
311504894571 10337668302
311604875425 10341237573
311705128190 10345227442
311804885108 10348330685
311904876952 10351876127
312005006118 10354939933
312104892983 10358503264
312204827310 10362011207
312304859472 10365493319
312405136936 10369200758
312504904924 10372460469
312604918311 10376019685
312705016378 10379358695
312804889157 10382951107
312905110632 10386878622
313004919242 10390054369
313105115308 10393727120
313204924918 10396894970
313305122710 10400444663
313404921199 10403804760
313504890536 10407373179
313605120628 10411360077
313704916656 10414474590
313805071636 10418008313
313904922379 10421313333
314004916766 10424872553
314104843004 10428520884
314204935405 10431482657
314304858327 10434809298
314404903874 10438367192
314505190330 10442148576
314604931539 10445340594
314704980235 10448922977
314804952251 10452222188
314905205672 10455663133
315004942545 10458658213
315105215824 10462250470
315205094442 10465630304
315304942797 10469239046
315405215529 10473090156
315504951954 10476330215
315605230882 10479881413
315704950141 10483242928
315805140708 10486460567
315904951914 10489565095
316005316266 10493340525
316104967930 10496333574
316205230987 10499917807
316305121934 10503293870
316404972635 10506882984
316505221843 10510738998
316604970462 10513964034
316705123552 10517154783
316804968294 10520441430
316904961413 10524006024
317004870515 10527843186
317104986350 10531090635
317205152056 10534718587
317304979674 10538019469
317404976851 10541582137
317505027683 10544891000
317604975851 10548421264
317705249726 10552519847
317804922726 10555070649
317905253971 10558804183
318004990688 10562034069
318105269892 10565578220
318204977935 10568940402
318304997506 10572530109
318405220020 10576459999
318505000077 10579634618
318605003380 10583187991
318704882899 10586555907
318804970908 10590241245
318905104864 10594001469
319005004774 10597294012
319104972781 10600470231
319204963177 10603860061
319305027369 10607524370
319405143730 10611282120
319505015998 10614580786
319605291779 10618105045
319705197929 10621431432
319805016217 10624995807
319905278373 10629104868
320005004104 10632098140
320105408728 10635693276
320205125354 10639064111
320305010256 10642691919
320405291788 10646520960
320505010310 10649377878
320604917044 10653094607
320705004827 10656167886
320805319165 10659778655
320905136316 10663154565
321005015191 10666732425
321104953331 10670670048
321205052364 10673831634
321305251700 10677448974
321405052173 10680808504
321505038913 10684028835
321604930848 10687935486
321705029099 10691132268
321805151779 10694764671
321905042649 10698059645
322005046716 10701635203
322104955587 10705463730
322205035659 10708725170
322305217240 10712366758
322405189144 10715729188
322505073829 10719299964
322605321472 10723309145
322705041986 10726400299
322805044929 10729955560
322905054125 10733345838
323005320732 10736466691
323105192700 10739853955
323205072968 10743481630
323305333587 10747291214
323405058674 10750566957
323505086802 10754125056
323604948346 10757646652
323705045779 10761186824
323805329819 10764953004
323905049092 10768153596
324005101667 10771714108
324105102902 10775003637
324205088135 10778267419
324304962166 10782162812
324405054322 10785365630
324505073828 10788336930
324605062489 10792004486
324705231896 10795764356
324805084594 10799068773
324905129086 10802637462
325005400944 10805687250
325105086321 10809209298
325205379650 10813260515
325305091156 10816321605
325405122643 10819880780
325505126738 10823281436
325605101918 10827024069
325704996337 10830945240
325805103461 10834125885
325905345541 10837762267
326005061274 10841118379
326105074721 10844700061
326205337409 10848655756
326305113530 10851806149
326405174305 10855267070
326505134550 10858456056
326605080420 10862030076
326704995502 10865844765
326805096543 10869053675
326905286944 10872686886
327005155166 10876047403
327105139794 10879634395
327205339778 10883575868
327305126262 10886734343
327405143377 10890281817
327505177545 10893633196
327605417732 10896834319
327705228443 10900202634
327805139566 10903648932
327905006773 10907138937
328005128051 10910696800
328105410306 10914418799
328205117391 10917714889
328305120280 10921306317
328405253173 10924679363
328505127409 10928349726
328605392497 10932274999
328705111794 10934989915
328805006040 10938625452
328905312571 10941996625
329005159133 10945556942
329105037462 10949165006
329205139154 10952669337
329305426760 10956379001
329405136446 10959687196
329505151456 10963172091
329605062566 10966681284
329705148743 10970232262
329805414471 10973984765
329905182772 10976816567
330005382080 10980440848
330105180756 10983797063
330205168564 10987380574
330305423004 10991336464
330405168553 10994468098
330505171998 10998025447
330605151647 11001399198
330705177725 11004906566
330805063531 11008362771
330905206425 11011953229
331005461227 11015896652
331105167358 11018612002
331205384273 11022220933
331305199713 11025515063
331405182855 11029067214
331505078665 11032682817
331605101390 11036123302
331705031982 11039380759
331805186672 11042510416
331905212585 11045899925
332005172975 11049543946
332105363093 11053307602
332205213278 11056602314
332305202199 11060156227
332405095547 11063735040
332505139153 11067221711
332605371490 11070966946
332705213658 11074243553
332805205249 11077822426
332905146273 11081136301
333005181460 11084792585
333105286855 11088549542
333205216240 11091834168
333305210041 11095049229
333405311807 11098428816
333505492712 11102125339
333605415534 11105447236
333705225779 11109016457
333805123168 11113078912
333905227003 11116120190
334005525036 11119748036
334105064584 11123094138
334205213198 11126695168
334305459291 11130671333
334405216065 11133796681
334505244828 11137303443
334605389671 11140392503
334705241247 11143965200
334805142648 11147560369
334905245238 11150968023
335005248744 11154442692
335105236696 11157968338
335205137057 11161730273
335305196956 11165060021
335405519482 11168738686
335505301648 11171710016
335605513918 11175233958
335705366490 11178609729
335805209782 11182219836
335905148136 11186142174
336005259912 11189246644
336105397247 11192888283
336205252165 11196164149
336305264903 11199744415
336405183821 11203532542
336505260174 11206831372
336605545087 11210506799
336705274471 11213468341
336805275214 11217029151
336905155401 11220649119
337005263244 11224125500
337105544860 11227865053
337205271999 11231097942
337305526491 11234667675
337405286196 11238016195
337505305121 11241603717
337605495553 11245597428
337705273046 11248692009
337805237579 11252252702
337905367632 11255643667
338005293893 11258902894
338105606607 11262991817
338205293226 11265988230
338305580606 11269590582
338405395089 11272960953
338505258617 11276562102
338605207067 11280459428
338705290363 11283570448
338805511718 11287206054
338905313370 11290552376
339005301952 11294069658
339105181934 11297794816
339205153593 11301128458
339305600371 11304809272
339405313842 11307759790
339505306846 11311325296
339605195408 11314902452
339705271667 11318387332
339805567189 11322120219
339905320881 11325329849
340005296533 11328874649
340105220134 11332288783
340205316938 11335923028
340305482335 11339681956
340405324910 11342958291
340505319900 11346436450
340605313827 11349820261
340705552557 11352925297
340805457692 11356399704
340905332978 11360000121
341005286747 11363255648
341105336769 11366897363
341205400610 11370649152
341305332063 11373933673
341405343003 11377505177
341505235602 11381295986
341605287860 11384192747
341705505990 11388097928
341805355837 11391176560
341905551433 11394745573
342005357963 11398040209
342105340542 11401602281
342205242977 11405157919
342305363897 11408659999
342405623893 11412391754
342505354715 11415680148
342605369630 11419244142
342705253181 11423197778
342805401363 11425949409
342905529041 11429695493
343005353703 11432974444
343105601238 11436987222
343205364788 11440179544
343305392743 11443733404
343405309317 11447129083
343505358176 11450777353
343605468016 11454531349
343705386814 11457816568
343805393848 11461381783
343905400041 11465113049
344005417960 11468463419
344105649000 11472129954
344205387378 11475107026
344305579149 11478599426
344405505021 11481975052
344505225744 11485474276
344605299700 11489521742
344705452585 11492596050
344805587266 11496332996
344905389905 11499442849
345005386458 11502994849
345105386886 11506373820
345205398528 11509616266
345305671926 11513689629
345405397925 11516708257
345505559763 11520441383
345605402289 11523717083
345705479614 11527206774
345805345875 11530604855
345905377551 11534259509
346005476347 11538009772
346105415415 11541296973
346205422298 11544864709
346305275210 11548586446
346405434264 11551942231
346505683003 11555621370
346605413857 11558609517
346705692343 11562116967
346805495178 11565507053
346905389026 11569135234
347005706714 11573153644
347105439940 11576150956
347205704654 11579741510
347305593730 11583112905
347405449951 11586710561
347505681222 11590585877
347605435747 11593800151
347705448776 11597365899
347805394585 11600812895
347905389699 11604058960
348005717963 11607957588
348105442532 11611160309
348205445397 11614747435
348305378924 11618215693
348405456685 11621805953
348505605931 11625553437
348605458028 11628832941
348705455636 11632402850
348805324331 11636266303
348905429565 11639492478
349005652762 11643133004
349105601881 11646489620
349205462562 11650052624
349305761254 11654069059
349405457976 11657147227
349505346228 11660695844
349605619368 11663723596
349620090573 11664134256
