100312712 1416187
200338814 1472398
300265161 1510539
400325615 1546945
500274955 1595560
600279105 1636987
700322681 1695108
800369794 1746182
900299069 1782141
1000556390 2191596
1100331329 2244775
1200325244 2304200
1300351649 2341482
1400368628 2376066
1500335305 2415304
1600332917 2462089
1700337083 2505835
1800298854 2543041
1900273791 2598629
2000292727 2646651
2100357187 2696744
2200368126 2745157
2300305224 2794334
2400386484 3217595
2500289136 3264090
2600375996 3301779
2700600570 3719763
2800351950 4148686
2900350725 4181307
3000389830 4591875
3100361447 5010698
3200366270 5061712
3300400309 5090892
3400383362 5512465
3500308047 5549143
3600326900 5597236
3700393477 6020802
3800380089 6437299
3900385349 6485095
4000361444 6535750
4100558740 6628508
4200261884 7184873
4300362506 7430119
4400641203 7847807
4500510490 8645223
4600433797 9054879
4700375297 9491327
4800391102 9912887
4900412993 10347050
5000584192 10795733
5100668039 11560804
5200354231 12355229
5300652250 12780801
5400619336 13192154
5500523347 13975281
5600390446 14397916
5700639885 14811405
5800381433 15597698
5900595613 16015074
6000588757 16806555
6100658925 17593878
6200399826 18380031
6300449250 18795312
6400520312 19587267
6500718968 19996048
6600300650 20618330
6700299692 21193830
6800560333 21612519
6900832249 22408604
7000652335 23195664
7100345176 23610438
7200443717 24407369
7300650375 25199181
7400734431 25996849
7500649192 26791468
7600598154 27208294
7700609847 27996660
7800680414 28787231
7900337933 29577253
8000743358 30368237
8100640453 31156551
8200691202 31945293
8300581031 33118425
8400581043 33906995
8500438581 35074824
8600431520 35857116
8700406107 35899026
8800416501 35934590
8900433359 35976360
9000441660 36043856
9100424817 36123905
9200590308 36204964
9300390591 36252522
9400488536 36303416
9500447046 36340875
9600372923 36371664
9700484313 36791439
9800396877 36837036
9900474882 36904521
10000444915 36973840
10100375105 37404587
10200461619 37448848
10300443486 37472803
10400478661 37877742
10500439742 37913967
10600691618 38354450
10700496160 38390024
10800523350 38408532
10900477387 38816276
11000506080 39245245
11100456483 39273411
11200444704 39675578
11300667377 39727705
11400540517 40148002
11500425061 40186345
11600491304 40585211
11700375584 40836832
11800713895 41043994
11900451294 41439463
12000553482 41488406
12100415824 41909328
12200485116 42305061
12300546377 42344605
12400542481 42749205
12500456871 43150051
12600739548 43207609
12700487727 43641795
12800598857 43664612
12900449420 44066981
13000324540 44396922
13100564614 44523677
13200607141 44920047
13300550592 45353698
13400587112 45372057
13500562553 45784305
13600572144 46187568
13700602246 46582781
13800509468 47001519
13900610410 47019954
14000588178 47809847
14100616392 47829048
14200649098 48613131
14300590497 48642061
14400709289 49097759
14500472328 49459083
14600629252 50243986
14700461503 50642620
14800638644 51065272
14900749666 51468340
15000589733 52240789
15100636404 52666447
15200418685 53296426
15300691415 53866275
15400737565 54655394
15500665207 55443039
15600420905 55957009
15700792221 56657729
15800467406 57448671
15901027215 58238479
16000433831 59230216
16100758134 60195275
16200518247 61354876
16300509902 61388166
16400341798 61434411
16500629966 61498666
16600510766 61538651
16700588476 61955558
16800645031 61995801
16900550404 62074925
17000661872 62509025
17100545388 62919844
17201073721 62971204
17300726836 63390866
17400548951 63800742
17500625202 64227280
17600593088 64640568
17700933064 64692606
17800720757 65478852
17900651879 65903027
18000551099 66320631
18100466876 66485978
18200561573 67165323
18300547206 67221732
18400533550 67648230
18500662126 68057661
18600789569 68479933
18700561098 68889099
18800647360 69687937
18900604223 70114325
19000520967 70908456
19100727276 71705983
19200563978 72496450
19300627202 73288484
19400781493 74459993
19500607642 75252619
19600579072 76420554
19700791966 77212980
19800665929 78385383
19900570571 79177968
20000567076 80346652
20100483052 81237035
20200849816 82307521
20300598695 83466709
20400587008 83504027
20500585239 83548282
20600632359 83621236
20700578125 83700736
20800596192 83788270
20900557937 83877279
21000578398 83971642
21100599953 84063762
21200625747 84149936
21300567778 84229502
21400582431 84321284
21500589023 84409915
21600602498 84483313
21700668107 84522929
21800588239 84611681
21900603522 84676955
22000603560 84746428
22100606428 84773392
22200630290 84802000
22300570689 85219336
22400652786 85259850
22500582589 85304236
22600613722 85376658
22700609913 85479166
22800616079 85576580
22900629362 85670513
23000671804 85752399
23100633402 85828991
23200590878 85912036
23300639574 85993585
23400628145 86061342
23500663975 86135704
23600657913 86202027
23700692120 86268359
23800624815 86342387
23900643261 86412138
24000818604 86492550
24100631589 86581491
24200726010 87007069
24300725040 87047604
24400791020 87056359
24500623924 87087581
24600637992 87495718
24700679556 87544201
24800675774 87630374
24900625054 87712058
25000761171 87793414
25100655264 88206916
25200682778 88250996
25300626655 88266001
25400852841 88294858
25500626722 88707148
25600858530 88747888
25700581455 88842467
25800596667 89276745
25900727638 89321740
26000710929 89331643
26100641980 89364719
26200679078 89775965
26300702760 89837474
26400816705 89896526
26500711074 89954430
26600849364 90368510
26700698138 90450739
26800764388 90504157
26900648976 90528034
27000669999 90554232
27100713691 90965981
27200691712 91016349
27300735465 91099164
27400671830 91193312
27500709007 91617053
27600706768 91666139
27700668791 91697086
27800723895 92107533
27900673714 92157848
28000678625 92605037
28100741382 92653557
28200801495 92679627
28300732547 93084672
28400591361 93131741
28500708920 93212428
28600706199 93291933
28700672384 93720405
28800653515 93753305
28900685538 93773007
29000748184 94182056
29100782966 94265647
29200709730 94688742
29300756730 94711885
29400872098 95117147
29500682845 95184713
29600816088 95257656
29700662417 95680193
29800774779 95705222
29900706704 96110572
30000659269 96170923
30100805378 96594499
30200768346 96609890
30300689134 97042808
30400886591 97462291
30500720573 97857130
30600807810 98280486
30700781486 98305358
30800924435 98710770
30900800798 98782255
31000789763 99206338
31100948848 99259229
31200861106 99655487
31300769958 100063829
31400799353 100465252
31500788511 100887709
31600730988 101279792
31700684977 101703232
31800813958 101731431
31900739049 102136165
32001031925 102577112
32100664895 102697335
32201037566 103387138
32300870052 103786075
32400860981 104224241
32500812978 104621449
32600908211 105042972
32700690603 105445042
32801005259 105866099
32900967943 106265201
33000859196 106707265
33100875641 107103605
33200926518 107538940
33300764523 107938531
33400830283 108370565
33500770486 108770516
33600729919 109201646
33700988000 109602909
33800718783 110022012
33900982160 110474815
34001007570 110829835
34100846209 111626587
34200809907 112026227
34300873919 112455453
34400987710 112900948
34500972582 113329597
34600899141 114041750
34700942970 114453099
34801039985 114850807
34901045797 115274005
35001012468 115677743
35100989701 116093376
35200911377 116500578
35300842396 116899512
35401060926 117302943
35501344153 117714044
35601083950 118110733
35700950171 118897628
35801078331 118910315
35900876722 119698395
36001103404 120096677
36100796332 120499765
36200756280 121282969
36300815718 122047441
36400786930 122081466
36500838589 122114369
36600832742 122146630
36700787885 122196624
36800800926 122276466
36900822524 122374953
37000857256 122478355
37100848760 122581121
37200830212 122677406
37300876428 122774203
37400812486 122850866
37500826135 122918572
37600805397 122981421
37700878143 123046009
37800795932 123104324
37900837450 123168131
38000928183 123235755
38100901625 123305091
38200870282 123366252
38300897185 123396681
38400859011 123429425
38500874448 123861332
38600839853 123893805
38700874707 123923968
38800890220 124012906
38900824010 124117973
39000896230 124220781
39100829656 124321479
39200844080 124386416
39300848379 124802481
39400856892 124829233
39500830798 125246445
39600898305 125273707
39701083589 125278822
39801062050 125280257
39901034584 125281539
40001054852 125282838
40101038085 125284012
40201038697 125285041
40300890298 125301059
40400857700 125370656
40500860089 125463916
40600869374 125560965
40700906349 125638250
40800885873 125719124
40900859990 126126113
41001095334 126129963
41101071709 126131075
41201027632 126132339
41301283628 126133537
41400998229 126134703
41501060739 126135701
41600888216 126153723
41700882308 126575820
41801052586 126595990
41901036940 126597469
42001115708 126598580
42100970402 126599985
42201024324 126601274
42300967577 126602254
42401095492 126603336
42500886243 126643645
42600905440 126701710
42700945983 126754078
42800974842 126812708
42900881899 126876525
43000927725 126934841
43100950706 126991646
43200847189 127417981
43301033436 127426688
43401112321 127427831
43501058630 127429022
43601068312 127430326
43701019769 127431687
43801066960 127432476
43901085934 127433662
44000988309 127464970
44101043242 127878508
44200947095 127909747
44301064539 127941201
44400935883 128015846
44500935717 128100913
44601063375 128514564
44701016416 128552682
44800860067 128970995
44900937139 128997150
45000979087 129045856
45100975131 129122059
45200976321 129546236
45300941169 129580885
45400986312 129993000
45501323796 130004298
45601153093 130025105
45700970963 130449958
45801194219 130466715
45900971435 130474302
46000980766 130886791
46101054812 130908951
46200952693 131332745
46301217325 131345830
46401071104 131753952
46501065950 131775394
46601073638 132192710
46700983367 132205317
46800994750 132260291
46900979139 132312452
47000985810 132356171
47100976319 132404960
47201042611 132456232
47301021627 132503395
47401002606 132548417
47501245506 132945989
47601031235 132981564
47701139411 133033827
47800835303 133379544
47901066516 133486504
48001097920 133900985
48101086348 133915096
48201243057 133918171
48301117200 133919662
48401032928 133974352
48500847521 134293887
48601145891 134411994
48701240269 134415085
48801068076 134416650
48901002553 134831594
49001194807 134841505
49101102831 134849481
49201035571 134853844
49301073717 134855841
49401087125 134857570
49501118992 135288580
49601086139 135295363
49701169657 135302115
49801157268 135305646
49901070997 135307400
50001055358 135309247
50101065732 135720663
50201038535 135744254
50300984533 136178577
50400982957 136198223
50501044411 136598234
50601074209 137025818
50701310127 137044403
50801042077 137455427
50901275688 137875632
51001183033 138279880
51101199251 138694114
51201296532 138710816
51301126593 139112705
51400970880 139522165
51501120726 139920482
51601244466 140331069
51701164655 140727293
51800975353 141144014
51901018976 141635471
52001232897 142325986
52100993386 142733235
52201308843 143522511
52301215540 143922453
52401183027 144705942
52501176572 145109796
52601252311 145897199
52701306869 146684353
52801196198 147470162
52901215095 148256326
53001099833 149042766
53101171747 149835572
53201283664 150626759
53301287416 151466091
53401248672 152580649
53501103571 153382385
53601347397 154539551
53701186627 155320363
53801094357 155351385
53901059437 155386640
54001103417 155418253
54101223843 155437153
54201229688 155438281
54301202939 155439105
54401257057 155440481
54501242713 155441511
54601209761 155442701
54701148096 155443484
54801140958 155464453
54901122777 155541107
55001135030 155628020
55101078048 155700534
55201220831 155763513
55301114411 155836001
55401083256 155929465
55501079085 156034872
55601132709 156111554
55701528732 156182330
55801111038 156281777
55901132621 156385517
56001232245 156468455
56101095146 156564044
56201250147 156651410
56301156371 156694700
56401262733 156705903
56501244639 156707056
56601300943 156708352
56701229137 156709282
56801302020 156710315
56901259840 156711357
57001260338 156712304
57101217941 156730194
57201156200 156774624
57301367770 156795351
57401406138 156798962
57501147900 156799673
57601279120 156800336
57701157059 156800774
57801222998 156801841
57901465776 156802528
58001205739 156803095
58101221352 156803979
58201283271 156806680
58301135607 156810969
58401302456 156814456
58501166909 156824957
58601443045 156830768
58701220162 156834862
58801297328 156836922
58901207648 156841239
59001232611 156849862
59101143360 156898385
59201162212 156945791
59301135228 156990994
59401156405 157029593
59501138436 157073232
59601199814 157113949
59701133142 157156501
59801318068 157575476
59901174367 157607942
60001304260 157623176
60101285472 157624062
60201260798 157624824
60301271329 157626148
60401351763 157627077
60501330147 157628162
60601338148 157628894
60701188474 157651099
60801168594 157704362
60901210103 157782923
61001127874 157867342
61101181874 157934434
61201200100 158000546
61301239651 158074794
61401199023 158164827
61501228758 158243115
61601214730 158332825
61701206162 158423565
61801393553 158482229
61901188611 158897182
62001238477 158923759
62101312373 158934833
62201418019 158935601
62301357882 158936487
62401332094 158937905
62501350887 158938930
62601319656 158939927
62701341647 158940908
62801276388 158964587
62901415643 158973508
63001294899 158974850
63101298301 158975353
63201457323 158975870
63301344378 158976369
63401289731 158977145
63501473763 158977696
63601496572 158978301
63701471543 158979626
63801231690 158981920
63901366986 158985736
64001462957 158989035
64101488403 158998096
64201470595 159002139
64301272884 159006290
64401291804 159007440
64501401314 159012136
64601247541 159029052
64701226148 159065604
64801261559 159479137
64901262639 159515006
65001284027 159552409
65101363476 159576923
65201215512 159617122
65301259002 159685848
65401258126 159758394
65501294791 160190381
65601282750 160219660
65701304085 160243413
65801294274 160278046
65901311488 160305078
66001264898 160324229
66101270599 160337805
66201269328 160360495
66301304754 160386778
66401246539 160404448
66501294737 160435187
66601553454 160841645
66701273404 161278573
66801494211 161371154
66901343855 162105582
67001295810 162132268
67101390195 162930054
67201296805 162953320
67301493353 163750819
67401506415 163824923
67501229274 164573102
67601411370 164983266
67701487371 165425631
67801465006 166181837
67901416831 166971801
68001312674 167764190
68101408792 168556779
68201437448 169351330
68301283299 170141188
68401217332 171309801
68501552416 172104532
68601435357 173275865
68701444791 174075682
68801280918 174844619
68901266978 174883599
69001276083 174945710
69101419084 174960927
69201378577 174992825
69301327208 175400925
69401381779 175435072
69501396093 175492272
69601380774 175895488
69701435162 175914075
69801388582 176320122
69901236052 176500711
70001522181 176775864
70101379962 176794537
70201412398 177195632
70301295457 177616162
70401330066 177654638
70501235006 177795110
70601359102 178077127
70701397925 178131272
70801769383 178540331
70901828233 178561639
71001442954 178983173
71101421612 179390142
71201461425 179436871
71301579136 179835794
71401523512 180262145
71501460354 180304567
71601684570 180699166
71701558431 181121337
71801604890 181150472
71901587581 181550470
72001463135 181951853
72101370035 182350583
72201584049 182399646
72301541465 182806045
72401286742 183199332
72501537439 183614681
72601589179 184010631
72701584725 184417734
72801380869 185193244
72901650885 185590582
73001549951 186000073
73101508823 186401995
73201341033 187175143
73301373552 187227426
73401392602 187311927
73501573280 187745928
73601392896 187788210
73701411017 188206508
73801353092 188250105
73901388122 189045914
74001398287 189469554
74101457676 189917077
74201508202 190350118
74301508874 191142669
74401514489 191942996
74501422207 192021150
74601357070 192810135
74701496313 193602736
74801449626 194044182
74901385576 194474079
75001585058 195265603
75101612229 196053996
75201577233 196493672
75301410792 196912748
75401605392 197714420
75501636465 198516331
75601543713 199307945
75701605511 199734788
75801361332 200548162
75901484881 200964219
76001436815 201755057
76101421978 201807836
76201665823 202237635
76301445580 202659702
76401371305 203450506
76501261737 204151476
76601641264 204668064
76701651337 205550258
76801689378 206639255
76901553894 207818684
77001351270 208990514
77101467087 210152637
77201424420 210184232
77301487663 210220339
77401466321 210229122
77501408493 210278852
77601435637 210363253
77701477378 210452004
77801483002 210551774
77901422587 210635992
78001403382 210724730
78101442806 210815095
78201393120 210912878
78301387634 211012213
78401410237 211113654
78501396664 211210730
78601444957 211307435
78701525713 211405162
78801445470 211514836
78901461975 211615835
79001475469 211703589
79101444812 211804517
79201440518 211906708
79301487430 212022669
79401507747 212131527
79501457873 212229898
79601448405 212322881
79701495892 212430158
79801508462 212523427
79901567792 212638799
80001517865 212690085
80101579337 212695987
80201534703 212696834
80301586132 212698089
80401579306 212698808
80501561115 212699260
80601555836 212699689
80701496663 212706601
80801581886 212708620
80901644596 212709212
81001609110 212709656
81101462980 212725757
81201533250 212755477
81301463754 212799957
81401433468 213224028
81501479907 213257030
81601563440 213286249
81701610848 213315384
81801551548 213406344
81901545892 213512981
82001546718 213607259
82101473722 213708154
82201480098 213770714
82301558722 213852673
82401467778 213959496
82501472515 214393062
82601571313 214430749
82701564171 214438961
82801522479 214466000
82901574583 214483214
83001621103 214484885
83101598076 214485525
83201728487 214486748
83301654859 214487218
83401580017 214487611
83501575458 214488079
83601635229 214493643
83701646719 214494199
83801626944 214494716
83901575158 214502390
84001503903 214533134
84101758891 214647499
84201603479 214972208
84301542907 214999215
84401572600 215401951
84501508454 215429671
84601541743 215841779
84701596630 215888286
84801507587 215984279
84901546278 216084692
85001534042 216185924
85101567845 216277584
85201542654 216391419
85301548263 216493469
85401559968 216573745
85501489079 216978880
85601553710 217403751
85701636244 217441845
85801552576 217541045
85901539374 217638734
86001586284 217726694
86101551617 217811801
86201579643 217901077
86301547947 218328880
86401571607 218367562
86501758578 218782002
86601572419 218855896
86701588033 218949982
86801533704 219050664
86901589364 219137894
87001645476 219224869
87101420122 219555770
87201577039 219726138
87301560340 220132467
87401592124 220217272
87501614422 220657911
87602011703 220761886
87701546389 221134530
87801592817 221227900
87901578243 221323540
88001531055 221416443
88101620055 221510054
88201593931 221601909
88301553713 221699413
88401625011 221802323
88501629201 222213285
88601629206 222625549
88701543417 222666050
88801652739 222756913
88901632614 222854484
89001626218 223295647
89101722532 223333121
89201627641 223743620
89301590351 223797031
89401683597 223893879
89501617012 223979200
89601611109 224054927
89701599974 224141704
89801834810 224599086
89901710776 224632005
90001594534 225041369
90101693192 225100471
90201602847 225528890
90301693623 225937113
90401772619 226356272
90501752783 226758771
90601590289 227178906
90701524389 227700740
90801721387 228378000
90901591407 228795887
91001804635 229593537
91101812336 230002476
91201753076 230793638
91301641324 231215905
91401897725 232006459
91501722182 232803146
91601801079 233595223
91701548599 234533555
91801719936 235558620
91901777027 236348514
92001603933 237517866
92101728008 238308234
92201750098 239479563
92301756615 240269760
92401879936 241438188
92501791663 242234019
92601873282 243409094
92701777915 244201053
92801636689 245370660
92901806766 246165818
93001651341 246942113
93101660995 246971327
93201726614 247003907
93301663128 247044608
93401725931 247086916
93501930635 247115559
93601650449 247179299
93701639619 247237039
93801649215 247293524
93901654723 247354038
94001737844 247432455
94101691925 247502249
94201642955 247538881
94301651648 247563157
94401726267 247595485
94501644063 247648244
94601695306 247702488
94701736611 247751402
94801636911 248162852
94901678880 248197984
95001729818 248248584
95101646186 248309714
95201700762 248363139
95301660236 248434889
95401768382 248491022
95501680680 248914961
95601676934 248948083
95701736497 248975146
95801751301 249385753
95902020137 249431445
96001687413 249466952
96101737313 249886475
96201667983 249939602
96301696224 250000673
96401747068 250050407
96501652518 250112207
96601684324 250163452
96701637339 250577287
96801710683 250617179
96901745190 251037247
97001755724 251074196
97101789728 251485705
97201821188 251917462
97301659430 251953950
97401703602 252356682
97501932969 252790093
97601683748 252815573
97702258885 253234823
97801777409 253645184
97901575773 254395099
98001574241 254706670
98101745881 255263444
98201717493 255672496
98301820473 256081983
98401922018 256877816
98501930513 257291977
98601873841 258075852
98701695204 258492040
98801798374 259282781
98901920155 260075499
99002075721 260485068
99101841476 261271801
99201967709 262060198
99301947225 262855288
99401725786 263647216
99501851839 264437560
99601976579 265227609
99701981164 266015896
99801968177 266827817
99901951304 267977211
100002137695 268768874
100101781118 269562600
100202045631 270733596
100301862755 271892053
100401740383 271924768
100501778184 272001246
100601757914 272086637
100701753850 272158404
100801733591 272204621
100901754577 272222562
101001801399 272312710
101101790234 272407331
101201758100 272504217
101301764076 272593785
101401761077 272651475
101501766418 272695051
101601779982 272739998
101701763482 273155972
101801803999 273192408
101901807289 273211912
102001864174 273226423
102101772004 273282291
102201796235 273354012
102301823603 273442080
102401938600 273886041
102501645761 274243130
102601850169 274367271
102701771105 274463817
102801859543 274547444
102901832031 274631751
103001815679 274729223
103101772778 274830057
103201857097 275260182
103301808336 275687886
103401803144 275737968
103502000194 276164197
103601847903 276583673
103701807034 276641064
103801833185 277073953
103901766567 277481660
104001795531 277912757
104101817737 278326648
104201982945 278745831
104301788833 279160159
104401810570 279573552
104501962200 280369680
104601777722 280783274
104701883031 281191156
104801936574 281988529
104902017074 282400996
105001799588 282813274
105101782611 283596936
105202020119 284383586
105301888537 284791023
105401778618 285589992
105502030291 286385749
105602133886 287177663
105702035423 287968553
105801765184 288961880
105902101481 289931870
106001936022 290723457
106102012235 291888836
106201962144 292678544
106302060291 293845872
106402043453 294634517
106501708408 295776888
106601844137 296599463
106701883505 297404397
106801871667 298563029
106901942408 298593659
107001857952 298628396
107101886021 298656140
107201883344 298694033
107301868361 298725003
107401884139 298791509
107501939780 298852361
107601894369 298874929
107701864811 298903775
107801893504 298940400
107901896507 298989449
108001904120 299035885
108101900465 299076929
108201910750 299125833
108301842446 299163444
108401897791 299193738
108501858172 299241344
108601832193 299277874
108701995593 299310950
108801818998 299347735
108901959185 299382824
109001804538 299797848
109101909782 299827849
109201935268 299858173
109301965358 299911212
109401891784 299959094
109501892073 300005930
109601926808 300067727
109702095532 300490527
109801969200 300524157
109901910581 300555466
110002119210 300580800
110101906821 300617414
110201970138 300645188
110301939388 300675229
110402458742 300702768
110501888519 301109107
110601946443 301137843
110701895300 301565131
110801986565 301595280
110901907297 301635345
111002235025 301665645
111101867792 301686892
111201968956 301714462
111301810203 302109046
111401923435 302144983
111502215512 302201407
111601959680 302242803
111701911465 302664175
111801955920 302698497
111901881375 302742092
112001952380 302785334
112101928068 302808892
112201922142 302831089
112301879551 302859399
112402105553 303264050
112501996796 303302990
112602063512 303727881
112702152780 303764874
112801940482 303779217
112902024529 304182813
113002210490 304609834
113101899999 304656675
113201949878 304670877
113301920751 305087581
113402149399 305508273
113502075963 305539452
113601941025 305928370
113701872005 306352203
113802042146 306375947
113901952699 306478516
114001904486 307194056
114102013229 307214754
114201960577 307607491
114301990799 308034480
114401912368 308056624
114502307895 308450305
114602480142 308869990
114702108921 308885880
114801989386 309287904
114902112332 309704160
115001990120 309712014
115102126440 310507352
115202236465 310526973
115302072567 310930600
115402069558 311340933
115502245025 311733228
115602044837 312153130
115701842397 312521902
115802152175 312959372
115902161525 312973121
116002060699 313771615
116101943658 313788950
116202037596 314581321
116302083351 314599577
116402004686 315385327
116502100231 315401943
116602206909 316194307
116701965776 316211119
116802331369 317005146
116902099831 317024166
117002342685 317816493
117102189843 317914984
117202259195 318627661
117302153295 319025147
117402230839 319442456
117502143996 319844042
117602277389 320247407
117702158244 321038648
117802081600 321435577
117902200995 321849759
118002236121 322619282
118102236667 322694758
118202042462 323440773
118302064086 323840961
118401982465 324241927
118502155290 325029431
118602179781 325806180
118702171421 326205239
118802227312 326610960
118902361683 327400648
119002298215 327798347
119102260161 328242934
119202257594 328985173
119302388929 329765201
119402257953 330196844
119502323972 330949825
119602144876 331734072
119702281005 332572879
119802061644 332921490
119902065759 332957166
120002231073 333037581
120102123535 333101676
120202081247 333514047
120302078631 333551185
120402242216 333595635
120502082561 333629894
120602141079 333632850
120702139388 333636173
120802138723 333637791
120902189336 333641350
121002126778 333658853
121102215443 333684447
121202191848 333686948
121302140950 333688559
121402187647 333689636
121502216262 333692260
121602066080 333704924
121702068818 333773287
121802104218 334206577
121902170706 334243320
122002172900 334280205
122102044228 334308542
122202174379 334723710
122302134757 335140520
122402210928 335181028
122501938362 335449508
122602212466 335619631
122702117512 336045781
122802035649 336076961
122902174040 336493784
123002155272 336909743
123102094573 337310513
123202330174 337718733
123302320465 338178487
123402309102 338584008
123502377256 339330201
123602346225 339734807
123701990131 340363220
123802125078 340928285
123902191095 341712865
124002623200 342117384
124102178429 342901067
124202317626 343307978
124302229400 344107350
124402189335 344897997
124502086049 345310984
124602220064 346098629
124702316459 346893343
124802094032 347680502
124902083501 348849063
125002047987 349801555
125102355372 350805801
125202160530 352338753
125302120865 352375196
125402143980 352426038
125502117306 352510186
125602147026 352618768
125702248575 352702552
125802120983 352774490
125902120288 352853845
126002145609 352945512
126102118332 353042417
126202138261 353152408
126302165268 353239066
126402121032 353335778
126502150220 353434695
126602198822 353547204
126702092328 353664030
126802207870 353790601
126902140813 353914892
127002198571 354054305
127102182649 354520354
127202155568 354600419
127302139959 354702040
127402174690 354819127
127502178253 354905057
127602162570 355005044
127702144490 355139739
127802191050 355272029
127902140081 355374284
128002191331 355468794
128102146328 355575690
128202141456 355658702
128302176270 355733280
128402177440 355823752
128502183506 355931261
128602199096 356033575
128702201533 356130581
128802212385 356558875
128902181723 356611686
129002192670 356660851
129102193269 357067876
129202162040 357119531
129302204207 357207430
129402185482 357300560
129502168150 357388273
129602185765 357468656
129702170714 357558538
129802197165 357644565
129902283506 358100526
130002234566 358147669
130102209482 358574189
130202132290 359934375
130302261786 362458594
130402250191 365156270
130502175149 368196558
130602293815 368244026
130702267141 368271321
130802292773 368276410
130902218014 368279687
131002292853 368282617
131102301551 368294878
131202331817 368303838
131302302224 368314102
131402286640 368316662
131502237907 368317649
131602259164 368318196
131702320915 368318601
131802230069 368319017
131902238720 368319511
132002329902 368319883
132102344736 368320274
132202243659 368320654
132302322378 368321028
132402257242 368326236
132502272611 368340816
132602343773 368341996
132702327089 368342605
132802279915 368343126
132902318727 368343543
133002326713 368343927
133102296448 368344315
133202319220 368344686
133302285102 368345045
133402356322 368345455
133502289523 368345845
133602289093 368349564
133702357659 368350174
133802335501 368350651
133902381498 368351042
134002366221 368351596
134102308300 368352004
134202290310 368352509
134302268615 368372807
134402293279 368415383
134502311832 368836520
134602286940 368871564
134702529992 368899824
134802127350 369237031
134902347795 369438909
135002275892 369783768
135102434803 370581282
135202481964 370996749
135302320983 371419334
135402302089 372214593
135502329895 372627865
135602183203 373050773
135702413206 373847723
135802400359 374639392
135902506648 375437656
136002530441 376296407
136102332018 377027031
136202316049 378199632
136302556089 378991951
136402446074 380159444
136502218288 381154719
136602475914 382132110
136702511967 383312561
136802481515 384456112
136902478762 385625340
137002475306 386796523
137102520117 387964208
137202230975 389133769
137302446985 390300973
137402160440 391444119
137502384522 392261148
137602474489 393431754
137702489139 394600721
137802338266 395748144
137902373420 395816093
138002403350 396656529
138102294053 397865791
138202321956 399072248
138302546973 400716548
138402326528 402186427
138502347080 402241670
138602343589 402333076
138702332121 402389519
138802395424 402413147
138902481000 402444175
139002348152 402856783
139102319315 402909781
139202349642 403019115
139302333190 403122921
139402450321 403549525
139502310595 403945700
139602386848 404003937
139702348514 404444940
139802258462 404676756
139902355260 404894554
140002609126 405324264
140102441747 405361209
140202355449 405771059
140302361134 405822462
140402397552 405889875
140502549435 406321249
140602448800 406338487
140702341379 406750385
140802358300 406802521
140902368995 406870594
141002281590 406919491
141102350147 406974538
141202359758 407041888
141302364685 407120755
141402498248 407208931
141502354841 407631188
141602401906 407664328
141702373179 408063423
141802382848 408099270
141902383394 408129070
142002389385 408185805
142102356752 408251371
142202637423 408319031
142302331174 408398220
142402401469 408478269
142502562129 408902444
142602535465 408929042
142702380441 408952491
142802398459 409360392
142902433908 409386536
143002508588 409442105
143102426902 409516125
143202510979 409938739
143302587004 409968391
143402510849 410066978
143502506772 410396252
143602415005 410418763
143702321893 410624169
143802427375 410884914
143902559392 410907836
144002413826 411309579
144102477344 411328491
144202434929 411773293
144302682701 411793521
144402416933 411813817
144502451583 412216195
144602528810 412249729
144702549248 412662393
144802656888 412682555
144902428326 413084267
145002436287 413119348
145102702972 413521429
145202473811 413540365
145302562039 413941103
145402613015 414361325
145502549329 414380642
145602459769 414774573
145702585392 414804363
145802591010 415208366
145902537698 415603458
146002591410 416021998
146102438502 416417655
146202535484 416834978
146302624516 417229274
146402652184 417634374
146502562068 418418490
146602544833 418817104
146702668905 419224397
146802645576 420004600
146902673995 420403081
147002665654 420812529
147102682522 421599319
147202493637 422004069
147302663080 422463058
147402753405 423212267
147502646131 423996978
147602480157 424779216
147702605257 425553967
147802434916 425583321
147902599494 425629485
148002450167 425659844
148102512147 425681547
148202460399 426095186
148302686184 426130922
148402564148 426555962
148502488837 426967850
148602384353 427599417
148702648286 427792571
148802479169 428203478
148902702820 428608272
149002506183 429020490
149102668381 429811539
149202792364 430221810
149302586148 431009899
149402707603 431505274
149502463664 432311093
149602343899 433299149
149702666452 434186490
149802729661 434976895
149902645152 435783385
150002830129 436936790
150102414457 437850040
150202889891 438898646
150302351724 440007900
150402840847 440858437
150502810760 442028304
150602635977 442818593
150702503097 443975341
150802555308 444008788
150902547463 444045164
151002530319 444075697
151102525555 444126313
151202557774 444173734
151302500929 444214311
151402527738 444266972
151502444610 444319250
151602512974 444733683
151702874545 444777433
151802509414 444832514
151902578255 444879362
152002714734 445295455
152102564005 445711954
152202505223 445741813
152302534073 445774734
152402529475 445811501
152502504885 445857464
152602568340 445895758
152702527958 445933197
152802574952 445983547
152902551059 446386067
153002523128 446426215
153102551316 446474812
153202643450 446494123
153302577268 446496308
153402731469 446497684
153502585670 446895100
153602901946 446930576
153702545933 446973337
153802558475 447009998
153902563612 447040635
154002584309 447458466
154102683884 447508732
154202563989 447923891
154302567061 447968256
154402759848 448392185
154502565761 448811279
154602604421 448850438
154702638409 448914041
154802758604 449331541
154902591604 449747757
155002888137 450168232
155102814334 450959572
155202970051 451372528
155302877515 452160017
155402834077 452577334
155502589958 453366979
155602956070 453778759
155702936274 454570606
155802813242 455044175
155902873031 455783400
156002800888 456574538
156102868704 457368190
156202684675 458155435
156302660527 458942802
156402885810 459729629
156502521282 460275409
156602833253 461006397
156702518124 461867813
156802511900 462700779
156902809741 463384685
157002599938 464466931
157102758293 464502256
157202605653 464557168
157302659542 464584416
157402701087 464608198
157502732190 464626993
157602769186 464638282
157702771518 464642023
157802603261 464655357
157902628913 464707815
158002659507 464752020
158102634826 465169585
158202640030 465204089
158302589424 465220165
158402686516 465242949
158502721842 465245691
158602722744 465246429
158702705438 465246934
158802733630 465247364
158902697432 465247842
159002727655 465248214
159102742503 465248582
159202725064 465249066
159302852814 465252322
159402687161 465252990
159502757585 465253381
159602711853 465253799
159702750987 465254249
159802763700 465254998
159902901653 465276732
160002754496 465280141
160102714337 465281074
160202737854 465281645
160302715388 465282127
160402758932 465282536
160502695209 465282926
160602727883 465283367
160702768931 465283787
160802760595 465284179
160902895825 465299370
161002772836 465305147
161102746530 465306070
161202775984 465306863
161302804350 465307599
161402762223 465307993
161502778194 465308632
161602746477 465323065
161702715863 465336548
161802763128 465347999
161902749344 465348759
162002699687 465351885
162102741309 465373797
162202785510 465375187
162302744969 465375808
162402717530 465396240
162502686175 465442155
162602739906 465866564
162702732702 465892318
162802847776 465894309
162902839616 465894990
163002792505 465895467
163102828303 465895920
163202844398 465896323
163302865839 465896773
163402814938 465897656
163502817342 465898506
163602847328 465899345
163702859939 465899999
163802767716 465900466
163902824596 465900876
164002864924 465901514
164102763323 465901906
164202775881 465902334
164302759660 465902769
164402896869 465903258
164502809982 465903655
164602765732 465907465
164703003751 465911757
164802741115 465918802
164902798973 465937047
165002859310 465942858
165102787237 465944629
165202865637 465946990
165302782337 465949115
165402874132 465950585
165502830808 465952437
165602765873 465954687
165702843569 465956963
165802793943 465960876
165902901768 465976998
166002866872 465981438
166102817098 465985294
166202783478 465986869
166302796694 465988799
166402820487 465990830
166502804875 465992182
166602808188 465993207
166702784138 465996167
166802888577 465999258
166902973183 466002884
167002822919 466003491
167102901172 466004004
167202929868 466004446
167302937342 466004830
167402880300 466005207
167502898324 466005964
167602922848 466006693
167702911165 466007411
167802885388 466008236
167902905181 466008710
168002792504 466009155
168102924020 466009675
168202895395 466010046
168302854781 466010468
168402951685 466010945
168502968674 466011333
168602917716 466011903
168702854970 466012637
168803027737 466016242
168902874085 466034292
169002881047 466036347
169102836619 466037983
169202902326 466039497
169302888070 466040441
169402962079 466041475
169502898071 466043408
169602883059 466044648
169702917119 466045716
169802957307 466051915
169902852791 466056677
170003084762 466060200
170102952099 466065422
170202835712 466068151
170302830486 466074701
170402861744 466077683
170502899901 466079057
170602855985 466080618
170702841580 466082835
170802925935 466084848
170902946089 466085753
171002938400 466086436
171102917476 466087134
171202976078 466087835
171303076149 466090198
171402588941 466098510
171502904168 466109913
171602897069 466112959
171702997002 466115190
171802974833 466116893
171903004712 466118728
172002967433 466120236
172102933877 466121341
172202945083 466122447
172302888716 466124050
172402999680 466125523
172502927832 466126254
172602977280 466126829
172702950251 466127446
172802967477 466128192
172903137142 466137030
173002944111 466139513
173102988349 466141336
173202956054 466143271
173303005537 466144728
173402909782 466146297
173503008697 466147682
173603004996 466149280
173702881873 466172799
173802924119 466190118
173902915536 466211376
174003015526 466216741
174102889933 466222047
174202888181 466254871
174303028828 466676015
174402867430 467088194
174502902269 467503914
174602989296 468292920
174702870987 468706718
174803099894 469187774
174902901746 469914961
175002973831 469932797
175103090806 470335034
175202899266 470741587
175302903808 471532128
175402986592 472319356
175502987437 472735825
175602999256 473522960
175702908162 474313174
175802905287 474719790
175903123147 475192364
176002877534 476299479
176102943758 477088477
176202959338 478254364
176302884145 479045049
176402798911 480209851
176502917071 480999122
176602900206 482166418
176702816634 483159908
176802871306 484121198
176903034741 485287619
177003106852 486152845
177102865093 487243365
177202893928 488408767
177302828439 489570004
177403123616 490397206
177503220169 491533174
177602928062 492302692
177702984390 492332193
177803167545 492364393
177903097430 492397331
178002928444 492467965
178103001183 492518573
178202909686 492562172
178302916077 492618022
178402990257 493027539
178502966327 493056252
178603023296 493104847
178702922609 493140793
178803012203 493169572
178902940275 493221944
179002998300 493267358
179102942926 493310005
179202934153 493349683
179302875136 493765883
179402992251 493797198
179502855954 493969156
179603093924 494227489
179702975719 494264883
179802938526 494322960
179903052392 494367180
180003048408 494770191
180103196323 494818489
180202935115 495228578
180302942121 495273305
180403024946 495683705
180502996606 495734575
180603071433 496145370
180703160756 496563634
180803117579 496978417
180903157302 497399419
181003145952 497813353
181103185966 498232179
181203050365 499028249
181303194523 499435753
181402918643 499851770
181503011288 500639198
181603195003 501054763
181703032124 501839876
181803149380 502259148
181903079866 503048838
182002913669 503457600
182103212851 504245180
182202929446 504665098
182303282103 505456398
182403201213 505885815
182503204550 506653451
182603177335 507440418
182703251992 508230532
182803066859 509017764
182902840084 509691992
183003018760 510305922
183103204717 511040724
183203212200 511831976
183303056255 512667195
183403158012 513378637
183503043844 514153795
183603001064 514199313
183703017223 514258584
183803006173 514311557
183902979070 514319222
184003321473 514332436
184103063685 514752864
184202974664 514796826
184303016212 514829566
184403046782 515243705
184503057248 515660914
184602994274 516086350
184702995732 516143280
184802988041 516202580
184903281212 516626247
185003033262 516681676
185103002220 517105728
185203034011 517525181
185303038136 517944621
185403339561 518360942
185503101363 519150427
185603043562 519563127
185703043750 520360388
185803260699 521153937
185903124644 521943559
186003228433 522732359
186103029440 523527167
186203398939 524316306
186303327089 525104966
186403142265 525894106
186503161382 526770222
186603241216 527860587
186703365968 528648471
186803094678 529813063
186903311288 530601478
187002962627 531584378
187103155495 532553226
187203102330 533710018
187303035256 533748724
187403093506 533770397
187503116644 533774002
187603115146 533780333
187703125104 533852015
187803088554 533921427
187903056417 533993487
188003068553 534050079
188103063343 534103766
188203093487 534177645
188303031710 534225835
188403063121 534274020
188503091497 534331552
188603131434 534392303
188703082161 534450623
188803080025 534506693
188903074475 534563070
189003058860 534660472
189103124750 534756431
189203126521 534859291
189303089734 534951325
189403085479 535035505
189503198898 535131677
189603364119 535162698
189703163110 535168811
189803185668 535171941
189903160901 535178238
190003128278 535183149
190103246306 535189893
190203180375 535195187
190303197362 535199657
190403213158 535202583
190503153169 535209858
190603229987 535218291
190703177865 535223885
190803216555 535227877
190903156379 535236451
191003101480 535240414
191103082011 535279614
191203231621 535698944
191303155589 535713756
191403096866 535716995
191503197955 535733685
191603165590 535804530
191703171775 535879480
191803171084 535950062
191903124411 536019759
192003112082 536096748
192103122236 536172884
192203164796 536220509
192303126799 536270918
192403131237 536338708
192503173075 536769120
192603126124 536781106
192703351273 536783997
192803242713 536804325
192903205511 537207685
193003183599 537225322
193103193463 537228363
193203129686 537269272
193303219739 537333666
193403173771 537403275
193503245645 537452353
193603128316 537858726
193703219755 537861884
193803364591 537873344
193903174293 537914288
194003197351 538315457
194103239628 538319406
194203188509 538323073
194303160796 538401412
194403147544 538491577
194503202276 538591283
194603220585 538685798
194703164699 538783922
194803151978 538885432
194903168414 538997347
195003206667 539091002
195103194228 539202213
195203172553 539312286
195303154852 539420284
195403225853 539529478
195503218305 539636556
195603185203 539745304
195703208556 539847479
195803246354 539941770
195903221884 540032078
196003162343 540125772
196103193864 540527706
196203271345 540531093
196303254017 540534574
196403121457 540621526
196503241697 540721921
196603182389 540826360
196703236147 540930101
196803211065 541020421
196903285070 541118965
197003207437 541225842
197103148656 541330971
197203163159 541429526
197303197784 541532305
197403214585 541623856
197503191812 541715270
197603236043 541803973
197703195888 541903688
197803254981 542002893
197903227702 542095088
198003203147 542177390
198103218023 542584534
198203279224 542601843
198303284235 542672259
198403208115 542758167
198503430951 542862691
198603206556 542958747
198703213689 543064907
198803299550 543161187
198903215866 543266703
199003221433 543383704
199103288372 543800739
199203274039 543823587
199303209250 544233095
199403274447 544252160
199503237674 544300210
199603264262 544388053
199703258082 544458723
199803213833 544536362
199903295472 544618642
200003266199 544698800
200103263909 544787882
200203225078 544860028
200303271555 544939807
200403369826 545026379
200503293952 545472913
200603285415 545480008
200703257387 545516795
200803290072 545923694
200903368643 545925899
201003272400 545956469
201103255385 546023744
201203323140 546103146
201303277165 546539019
201403310228 546541973
201503258151 546547993
201603502093 546636049
201703352728 546971362
201803301611 546974333
201903190405 547395518
202003334953 547407414
202103280508 547411187
202203293368 547433618
202303352721 547840306
202403279378 547915939
202503247039 547972282
202603301359 548055383
202703315424 548142709
202803260548 548219366
202903266581 548296533
203003241363 548368230
203103301578 548451777
203203264238 548539232
203303288819 548614168
203403331253 548706405
203503327254 548809170
203603328355 548899551
203703315830 548999971
203803312987 549097186
203903271554 549204625
204003357874 549302247
204103337491 549409210
204203418510 549508209
204303328810 549603849
204403378040 549704794
204503303660 549782533
204603330736 549867708
204703294012 549966971
204803345528 550063681
204903328759 550471812
205003342377 550873726
205103364042 550949711
205203356192 551014365
205303331318 551100214
205403345663 551186288
205503321261 551268350
205603907578 551347896
205703312401 551754175
205803352271 552158981
205903314446 552199188
206003326336 552265309
206103100752 552694242
206203280056 553094263
206303356692 553135604
206403357985 553188224
206503415035 553263254
206603345685 553348587
206703388615 553428342
206803262964 553524126
206903352041 553959247
207003430301 554351439
207103319518 554412500
207203324112 554475226
207303416763 554906104
207403428297 554924217
207503387510 555356923
207603406989 555409949
207703397043 555822791
207803910751 556238405
207903528439 556638248
208003421848 557438950
208103396005 557835651
208203364042 557898390
208303389734 558328334
208403387730 558730953
208503575591 559165532
208603541106 559560307
208703472534 559989503
208803367129 560385840
208903339394 560805266
209003224938 561583556
209103545578 561999420
209203482892 562413403
209303665666 563198616
209403522309 563609365
209503300414 564146347
209603361782 564815848
209703554813 565606542
209803556293 566012027
209903983690 566415903
210003477967 567217237
210103562696 568008401
210203606604 568418626
210303546740 569205027
210403564107 569611011
210503495333 570401841
210603577906 570803079
210703505489 571584071
210803490645 572002154
210903594573 572795275
211003451522 573584968
211103610708 573998262
211203518382 574785030
211303659083 575197866
211403600197 575991483
211503569613 576786329
211603585978 577579299
211703690588 578371791
211803554988 579537833
211903455982 580337460
212003340716 580770088
212103432984 581562047
212203408705 582341592
212303375622 582377032
212403433870 582419856
212503454653 582458964
212603430329 582489016
212703437293 582516137
212803599365 582523824
212903456748 582531885
213003460328 582542536
213103574152 582545505
213203496982 582551258
213303391384 582608105
213403430025 582692336
213503458987 582774670
213603484054 582858221
213703472810 582940146
213803450732 583005270
213903448995 583094972
214003416006 583177542
214103441047 583254748
214203439655 583350761
214303463925 583432690
214403412406 583535069
214503441810 583630088
214603442263 583726604
214703459447 583746440
214803511330 583761186
214903687920 583764213
215003523789 583767963
215103488605 583795493
215203496118 583799095
215303438495 583856483
215403448815 583899008
215503505073 584321077
215603458985 584365317
215703484815 584393406
215803484978 584419954
215903502662 584427256
216003473682 584434492
216103505697 584444782
216203499234 584447959
216303488269 584453392
216403475668 584491203
216503462867 584566339
216603474278 584660186
216703538124 584761624
216803438908 584841345
216903501319 584938689
217003465167 585032139
217103476533 585128121
217203496410 585227409
217303513931 585327837
217403476523 585409042
217503486069 585849667
217603696800 585894483
217703478179 585916883
217803577435 585939215
217903507979 585946631
218003499486 585954454
218103541582 585964091
218203486358 585966685
218303524469 585972395
218403588331 586011742
218503542397 586044595
218603478913 586463563
218703528755 586500576
218803630077 586526254
218903570041 586534692
219003594824 586543018
219103545100 586548685
219203496423 586617828
219303516911 587050424
219403538233 587090665
219503567537 587108114
219603580124 587114317
219703566225 587123046
219803549682 587131976
219903522754 587178842
220003550262 587211065
220103598255 587627768
220203616759 587633185
220303587683 587636204
220403594977 587638590
220503626544 587705595
220603599494 587784523
220703523668 587861209
220803553833 587937590
220903473656 588028311
221003593756 588442260
221103516121 588445591
221203594496 588447879
221303534543 588451058
221403589824 588506220
221503563734 588550325
221603667735 588979069
221703587942 589007863
221803630777 589011164
221903654426 589013072
222003568309 589020688
222103549246 589100190
222203603352 589193504
222303569413 589638240
222403577468 589647864
222503611344 589651102
222603653875 589653240
222703551512 589683296
222803503384 589718626
222903587548 590135318
223003559411 590181579
223103642987 590186538
223203589164 590189736
223303600279 590192001
223403562821 590239458
223503554173 590308118
223603619361 590399972
223703593419 590831211
223803650312 590835056
223903672164 590837954
224003609402 590840545
224103635295 590879735
224203514553 591045858
224303582901 591320746
224403700122 591332224
224503638807 591337605
224603625500 591339700
224703601492 591361620
224803695080 591417639
224903644522 591450579
225003592273 591496388
225103665066 591926137
225203606436 591929974
225303641372 591932579
225403684582 591935086
225503619178 591966667
225603650347 591989012
225703615639 592402417
225803621286 592417788
225903718828 592421383
226003689551 592424783
226103731307 592444794
226203706008 592866114
226303711773 592870559
226403630854 592873740
226503686298 592877704
226603657928 592907900
226703600569 593308135
226803858229 593337608
226903695129 593341794
227003648098 593346272
227103667938 593348635
227203624816 593372559
227303575203 593439930
227403890023 593886643
227503700954 593893235
227603683633 593897321
227703776118 593900416
227803679537 593904938
227903685697 593934903
228003625341 593962589
228103641237 594404188
228203754522 594446096
228303689538 594467085
228403645749 594471645
228503699258 594475259
228603732044 594478361
228703665365 594508462
228803665845 594576391
228903686207 594665663
229003737013 594752864
229103681446 594839896
229203660065 594928065
229303645583 594996357
229403688692 595077460
229503647728 595175098
229603681054 595262595
229703737466 595350477
229803586561 595552491
229903691645 595864861
230003702124 595869095
230103691673 595873273
230203704237 595875638
230303890925 595891410
230403665039 595921330
230503692653 595960137
230603789126 596385886
230703757068 596412596
230803689388 596416653
230903726084 596421158
231003721817 596423433
231103856021 596434840
231203702124 596495823
231303686361 596574152
231403705967 596637669
231503745552 596719221
231603773490 597140935
231703779595 597145010
231803785157 597149914
231903710332 597151757
232003697101 597160301
232103809816 597195605
232203736604 597216724
232303764192 597638689
232403762915 597645111
232503729390 597649384
232603735818 597652898
232703715337 597656937
232804040405 597718300
232903751599 598113674
233003696762 598117512
233103803025 598120713
233203747723 598123636
233303791902 598148779
233403742813 598166954
233503719001 598570117
233603763511 598578277
233703751696 598581938
233803816351 598585203
233903820077 598589147
234003669579 598773048
234103816890 599038039
234203826137 599041980
234303786787 599045023
234403767023 599048132
234503733419 599074795
234603762353 599090420
234703816809 599496948
234803808844 599504948
234903819797 599511684
235003736827 599516305
235103908957 599521834
235203787716 599952730
235303873100 599966109
235403876994 599971745
235503871993 599975630
235603790133 599979501
235703746307 600008493
235803836997 600025994
235903848717 600432039
236003809359 600435889
236103809076 600440225
236203781840 600441873
236303890981 600456844
236403855916 600856903
236503843040 600860752
236603806639 600863270
236703769975 600866089
236803763878 600891069
236903814302 600905956
237003872356 601307063
237103817721 601310747
237203844061 601313562
237303797009 601315966
237403851249 601720614
237503851598 601730949
237603835118 601734833
237703837712 601737942
237803809314 601741852
237903768863 601769353
238003761153 602166369
238103908204 602184207
238203848201 602187562
238303874793 602189972
238403725268 602342126
238503900440 602603341
238603833923 602606512
238703847375 602608775
238803831605 602630848
238903796700 602644626
239003845983 603048712
239103829926 603053693
239203843240 603056173
239303813416 603086826
239403877163 603488887
239503839730 603492801
239603883066 603494835
239703829840 603520155
239803683676 603874843
239903851504 603929676
240003832821 603930358
240103896743 603930776
240203833413 603931371
240303911916 603932178
240403919309 603933561
240503954050 603936931
240603833117 603937866
240703900997 603938830
240803843118 603940177
240903907010 603940867
241003912409 603941832
241103902853 603942895
241203904102 603950219
241303971601 603952861
241403881692 603953446
241503881243 603954056
241603866828 603954508
241703905718 603954958
241803876033 603955440
241903888055 603956113
242003863280 603956687
242103944377 603957119
242203894104 603957637
242303900987 603958162
242403890772 603958596
242503851941 604389608
242603919287 604391110
242703950454 604391607
242803922508 604392105
242903985676 604393004
243003896984 604393669
243103903014 604396399
243203945978 604398659
243303986126 604399869
243403918398 604400529
243503969215 604401719
243603919089 604402312
243703990749 604403387
243803915990 604404272
243903954020 604409369
244003912522 604410103
244103927550 604410651
244203925114 604411149
244303913004 604411587
244403911035 604412007
244503933537 604412600
244603933082 604413175
244703984605 604413587
244803902060 604413982
244903961453 604414473
245003913227 604414943
245103960726 604429121
245204043690 604444909
245303908055 604847118
245403973941 605293279
245503891562 605318435
245603954371 605714708
245703836546 605945671
245803942790 606168686
245904011900 606563372
246004018716 606585727
246103959004 606633615
246203923720 606694226
246303925758 607123137
246403988998 607141048
246503917555 607157254
246603907638 607570738
246703954579 607989203
246804026752 608000053
246904038138 608422266
247003951571 608840829
247104081941 609232285
247203770117 609519699
247304049552 609688463
247404023808 610086477
247504024614 610515039
247603989184 610532848
247704027380 610957028
247804046278 611360085
247904005674 611754845
248004081138 612177826
248103898835 612569902
248203979654 612994843
248303920616 613013005
248403993631 613408038
248504007622 613834595
248604069818 613850978
248703982602 614245422
248804078557 614281329
248904007231 614733549
249003978978 614754562
249103983098 615148864
249203999665 615185012
249303997012 615610619
249404029155 615633156
249504206494 616030976
249603998183 616443230
249703931990 616453631
249803988068 616860534
249904195792 617294998
250004170991 617318230
250104142909 617713301
250204256730 618116226
250304043640 618131344
250403999080 618527212
250503955044 618934458
250603906564 619103232
250703983638 619729319
250804206776 619748470
250904220673 620142909
251004179509 620543655
251104059994 620558517
251203996939 620955727
251304046653 621375859
251404052241 621390369
251504023678 621803673
251604092493 622228166
251703967941 622236002
251803849798 622892187
251904093154 623051201
252004045022 623444045
252104132052 623858809
252204117509 623873341
252304131752 624271719
252404208320 624693254
252504072672 624702391
252604263237 625113759
252704025672 625521877
252804226434 625907162
252904627401 625937793
253004181316 626335099
253104207881 626725153
253204138433 627128464
253304217458 627140970
253403948483 627533377
253503988140 627935837
253604159932 628325849
253704226265 628738946
253804218910 628751642
253904087448 629546880
254004045733 629936886
254104237480 630361793
254204004168 630371902
254304541606 630804550
254404057539 631204832
254504075229 631606345
254604179370 632019715
254704132143 632408175
254804175913 632831120
254904191721 633214863
255004260451 633638250
255104120416 634022479
255203967722 634446288
255304272113 634493231
255404023038 635249758
255504272578 635635245
255604020484 636051138
255704168502 636446942
255804037609 636852157
255904286300 637641164
256004116976 638036607
256104312565 638439949
256204170317 639221878
256304216752 639618850
256404034196 640019549
256504369449 640806736
256604198559 641200889
256704295506 641613997
256804121142 642392735
256903995016 642954466
257004090384 643187600
257104086480 643212979
257204097408 643245901
257304131308 643282884
257404073650 643328889
257504149915 643368433
257604099130 643409762
257704138557 643456164
257804068419 643505222
257904113360 643540152
258004110337 643567416
258104132597 643601822
258204145935 643640161
258304114261 643678891
258404110755 643709291
258504099693 643743027
258604146170 643779757
258704133383 643824995
258804090196 643873918
258904095210 643923368
259004140272 643969958
259104137608 644043744
259204158625 644114150
259304148105 644176128
259404080362 644234244
259504155832 644294606
259604091062 644356773
259704164980 644428459
259804141770 644501215
259904103602 645205465
260004113912 645263447
260104138435 645338802
260204114161 645398819
260304114891 645462252
260404083353 645528745
260504093350 645586465
260604206095 645657205
260704127701 645709881
260804171919 645779924
260904140384 645830978
261004127624 645904263
261104158924 645957740
261204128146 646035380
261304317757 646072115
261404123234 646103583
261504158443 646142048
261604190875 646178236
261704152621 646218670
261804195359 646263109
261904120133 646310805
262004270152 646364388
262104174548 646401449
262204194005 646442825
262304140058 646502283
262404162735 646558719
262504271939 646966496
262604166157 646991891
262704173360 647024630
262804255503 647061559
262904280465 647089918
263004192127 647116801
263104208429 647150919
263204160305 647194396
263304184955 647238052
263404210417 647278547
263504145047 647328563
263604190488 647382102
263704196448 647410172
263804201805 647443765
263904201504 647480452
264004188635 647518449
264104212845 647547681
264204222419 647583704
264304184130 647625511
264404213819 647668434
264504160039 647722964
264604169226 647772440
264704165743 647850456
264804217954 647918679
264904198208 647986091
265004243660 648049490
265104225971 648107351
265204255645 648176718
265304227530 648237701
265404313256 648936599
265504251954 648976805
265604293527 649008691
265704241383 649069561
265804214547 649147049
265904259069 649219679
266004260614 649290613
266104255236 649345169
266204238979 649403246
266304194655 649474541
266404190463 649553258
266504266256 649617896
266604191614 649687253
266704184807 649768532
266804250602 649830284
266904251185 649884035
267004230191 649931010
267104226329 649992316
267204226238 650071996
267304387483 650138086
267404193539 650207940
267504479156 650277083
267604250882 650687917
267704270505 650718958
267804259858 650752888
267904232881 650790558
268004312075 650825319
268104239557 650862383
268204293514 650908542
268304208100 650953238
268404253259 651015046
268504205442 651081282
268604312353 651158513
268704271996 651186811
268804295791 651220718
268904279885 651249217
269004288276 651283859
269104257069 651322390
269204359106 651368299
269304291504 651416012
269404240021 651469529
269504354578 651525355
269604255637 651581679
269704236470 651634926
269804261812 652070060
269904357258 652097710
270004300685 652131969
270104258045 652166593
270204284710 652210476
270304256968 652246603
270404296114 652301184
270504274293 652361946
270604312423 652418577
270704366666 652466379
270804295422 652523715
270904310063 652584295
271004299456 652652620
271104281834 652715980
271204311543 652776260
271304267072 652835467
271404337078 652902594
271504330972 652970997
271604341857 653041779
271704287618 653110040
271804280950 653177010
271904605416 653235205
272004266459 653672239
272104346636 653699958
272204383717 653728468
272304351126 653765387
272404375671 653802671
272504317511 653841072
272604316407 653881343
272704351430 653926706
272804364888 653962520
272904293071 653999617
273004344663 654047845
273104252624 654085641
273204305556 654151536
273304301082 654212277
273404395885 654264576
273504428955 654293546
273604283277 654338046
273704324955 654392169
273804314513 654440693
273904314098 654485746
274004414072 654551772
274104301826 654603419
274204313776 654662357
274304367450 654708449
274404356406 655133708
274504366336 655161038
274604473837 655191515
274704314755 655223632
274804431435 655262876
274904400439 655299247
275004329908 655362201
275104318593 655418503
275204347884 655481465
275304371239 655537766
275404374152 655596040
275504347569 655653333
275604417269 655709092
275704376778 655769978
275804329541 655822225
275904382445 655884512
276004356245 655934102
276104393028 655997003
276204545601 656047540
276304445901 656111562
276404436945 656160401
276504373314 656230697
276604425927 656292035
276704465696 656345262
276804739481 656414562
276904368524 656823638
277004384537 656857222
277104414721 656902117
277204351882 656942347
277304492479 656969409
277404400348 657004490
277504397282 657047367
277604419927 657089773
277704341491 657501497
277804453502 657532604
277904389527 657571933
278004592084 657611635
278104430096 658028384
278204562337 658059455
278304454241 658102495
278404383020 658139249
278504547305 658174777
278604402773 658212172
278704350553 658240165
278804454126 658648978
278904445263 658678827
279004578559 658718898
279104392964 658765583
279204436211 658825290
279304535276 658866885
279404425199 658899944
279504423587 658934907
279604506557 658978131
279704426298 659044249
279804519033 659466592
279904422744 659504041
280004420284 659529759
280104457123 659935844
280204456305 659972901
280304504620 660017170
280404408897 660432096
280504507041 660471007
280604766158 660495476
280704613233 660903295
280804392741 660946958
280904432331 660991652
281004475293 661038892
281104478470 661093117
281204432515 661147514
281304436585 661201130
281404296554 661613878
281504449495 661662046
281604491050 661695955
281704477801 661720987
281804475956 662125788
281904495217 662152511
282004456613 662189824
282104388883 662241698
282204471302 662309262
282304444931 662725531
282404552503 662757715
282504487510 662792160
282604683562 663190096
282704475353 663231957
282804470724 663649765
282904573763 663683769
283004593542 664085186
283104448902 664129388
283204451477 664182024
283304530173 664620486
283404815950 664650399
283504483753 665048522
283604488816 665097091
283704765868 665520944
283804480340 665545957
283904466715 665954595
284004527434 666377471
284104699181 666399176
284204616389 666796744
284304736193 667218101
284404451099 667230069
284504491869 667645983
284604661646 668086452
284704831085 668114397
284804451715 668218607
284904676323 668928487
285004588204 668953426
285104663591 669349226
285204706637 669765942
285304648189 669778405
285404565449 670574562
285504571032 670594372
285604712126 670999926
285704512456 671410112
285804601122 671803410
285904864312 672219803
286004774154 672612045
286104705853 673030780
286204586794 673422593
286304541489 673849455
286404620608 674241206
286504453666 674661239
286604637932 675054890
286704814442 675474312
286804633083 675866802
286904753604 676286096
287004721576 676686319
287104787850 677097351
287204778289 677879530
287304681648 677900599
287404749381 678699631
287504465394 679096075
287604608975 679515605
287704369995 680266173
287804440845 680532024
287904699536 681099341
288004397351 681766940
288104485732 682281555
288204897019 682690685
288304843115 683481774
288404790442 683881668
288504780665 684288054
288604701918 685077949
288704899964 685864794
288804392911 686270606
288904707195 687053865
289004967207 687461765
289104856448 688248367
289204585839 689035344
289304926165 689820486
289404525144 690600801
289504841476 691385609
289604862796 692171925
289704823384 692965888
289804811282 693753133
289904565346 694531157
290004562092 694578120
290104641900 694648856
290204696667 695068144
290304587917 695114224
290404598357 695549814
290504622979 695963356
290604696749 696029373
290704634721 696818874
290804897040 697238701
290904814969 697652424
291004442586 698391598
291104658868 698866854
291204702860 699657067
291304756805 700450668
291404720556 701243302
291504469285 701892734
291604742339 702464817
291704448024 703138554
291804575462 703673470
291904923498 704463064
292004819756 704954518
292104762497 705670871
292204815698 706459833
292304848192 707287183
292404962870 708415308
292504565704 709581697
292604796158 710374337
292705281929 711541824
292804836584 712396264
292904584800 713109150
293004589578 713151453
293104671244 713192467
293204660121 713235695
293304588712 713289596
293404577389 713354079
293504619953 713412776
293604595706 713487893
293704624726 713554608
293804660468 713587386
293904612732 713631095
294004632886 713689573
294104590351 713740749
294204630419 713782908
294304618027 714213161
294404622119 714248336
294504786940 714284217
294604648051 714328920
294704669770 714374026
294804584137 714454914
294904613123 714512920
295004660372 714932648
295104619573 714961532
295204599524 714997728
295304613631 715023537
295404671003 715435415
295504679326 715476464
295604877875 715520871
295704630593 715562392
295804633412 715627104
295904675711 715680924
296004682980 716094220
296104716255 716141499
296204663188 716182615
296304622285 716212280
296404686462 716620016
296504693629 716659703
296604662530 716696641
296704688884 716753954
296804672308 717189379
296904737147 717213734
297004689808 717255858
297104712780 717289271
297204672527 717327370
297304668335 717743998
297404695883 717787445
297504677863 717842191
297604781788 718248917
297704689745 718287789
297804894167 718311896
297904698080 718726787
298004635738 718765756
298104973591 719195532
298204692618 719222527
298304671439 719256211
298404811104 719663190
298504887420 719705657
298604792256 720118846
298704795816 720157958
298804715058 720561160
298904985896 720623112
299004637249 721041692
299104871636 721078197
299204956807 721480513
299304869903 721900414
299404771681 721923973
299504738355 722327259
299604762421 722389011
299704772542 722805965
299804624349 723020881
299904954469 723628149
300004759314 723667978
300104713282 724068692
300204733938 724505040
300304745605 724533641
300405031409 724949220
300504797743 725368950
300604806508 725765255
300704845012 726193986
300804817078 726215040
300904780492 726637025
301004744778 727067788
301104736564 727089268
301204760094 727887094
301304824133 727917078
301404996718 728322163
301504684486 728751083
301604744202 728769516
301705051741 729569291
301804656501 729793979
301904870065 730377594
302004977925 730771552
302104944727 731200806
302204667681 731323327
302304703443 732012723
302404689205 732207946
302504914077 732832228
302605224628 733228050
302704709891 733653777
302804796111 734056173
302904713747 734465698
303005027932 735263500
303104868974 735666528
303204891813 736084493
303304977904 736886177
303404794288 737297923
303504722027 737712090
303605009160 738509289
303705089242 738913968
303804993217 739332625
303904896840 739823206
304004702647 740273706
304105007703 740941975
304204921824 741348027
304305403865 741749058
304404969185 742547541
304504698401 743172297
304604724680 743736920
304704750494 744151942
304805081378 744943165
304905074879 745351901
305005052622 746135055
305104956423 746550085
305204787165 747321615
305304760119 747364135
305404826431 747417899
305504847449 747465858
305604802572 747509514
305704797761 747560407
305804775793 747602270
305904934371 748020214
306004933201 748059720
306104791793 748119210
306204979958 748546756
306304869704 748961657
306404755774 749374932
306504851136 749791580
306604850195 750210864
306705073140 750620484
306804889742 751035470
306905002567 751457363
307004810189 751874963
307104836441 752300138
307204870758 752350683
307305186178 752771128
307404812547 753192093
307504988427 753243271
307604837748 754035497
307704887250 754084840
307804812271 754139652
307904810005 754578143
308004855191 754990929
308104765211 755039539
308204946472 755469449
308304854713 755876302
308404924678 755916730
308504902136 756349443
308604902963 756756261
308704998441 757180429
308804866399 757590625
308904926960 758375466
309005085820 758790842
309104872113 759199336
309204878977 759245061
309304932451 759657962
309404900830 760074676
309505297227 760499014
309604945796 760909685
309705064221 761331503
309804820711 761741057
309904957901 762163817
310004899132 762569886
310105244488 762986797
310204887651 763403252
310305102690 763807096
310405065693 764598957
310505027001 765001843
310604997883 765420634
310704872896 766020259
310804829677 766613523
310905045807 767030703
311005175209 767820096
311105158501 768224144
311205149066 769005188
311304887551 769412407
311405161424 770197916
311505226153 770985860
311605149864 771768455
311705513669 772551611
311753150251 772566407
