#PERF_COUNT_HW_INSTRUCTIONS #PERF_COUNT_HW_CACHE_LL_ACCESS_R #PERF_COUNT_HW_CACHE_LL_MISS_R 
100020386 43887 22974 
200013631 112601 63905 
300014323 114848 64974 
400016968 117658 66549 
500017930 120584 68131 
600015517 126580 71975 
700015893 128994 73406 
800015056 131600 74826 
900013856 134099 76098 
1000012890 136705 77575 
1100017272 150387 86049 
1200015968 167494 93386 
1300014858 170429 94818 
1400022916 173231 96284 
1500023176 175928 97735 
1600023319 182884 102508 
1700023555 186314 104624 
1800021306 189000 106117 
1900020330 191626 107541 
2000024213 194197 108963 
2100022521 201736 114291 
2200024081 204801 116104 
2300019410 207564 117712 
2400022198 210763 119620 
2500022473 218120 125051 
2600021647 221399 127100 
2700019264 224129 128713 
2800023240 226576 130080 
2900022146 230482 132681 
3000020625 236984 137380 
3100006146 240867 139960 
3200022145 243044 141148 
3300022703 245622 142662 
3400009469 329114 214708 
3500009735 368016 241613 
3600011101 410059 272013 
3700011903 933794 720772 
3800009980 1220809 972317 
3900024005 1348457 1091815 
4000011316 1382589 1117496 
4100022017 1425324 1148283 
4200004691 1766581 1432830 
4300003698 2138185 1751995 
4400009953 2511009 2096487 
4500024241 2587242 2169857 
4600143817 2625114 2198737 
4700009690 2670486 2232419 
4800020213 3233064 2714859 
4900021817 3562529 3010674 
5000023498 3633563 3078925 
5100019594 3672406 3107088 
5200019362 3716701 3139491 
5300016400 4154573 3497675 
5400003378 4582032 3897247 
5500019396 4822484 4116852 
5600022418 4890520 4182261 
5700018837 4943599 4221898 
5800002917 5086043 4351292 
5900009904 5605704 4791992 
6000022282 5884390 5037856 
6100019626 5960010 5084413 
6200022208 6032554 5139682 
6300015192 6076897 5170876 
6400018764 6123426 5204947 
6500007182 6461520 5494709 
6600027167 6862866 5837419 
6700011549 7242380 6186693 
6800021226 7321318 6262603 
6900011986 7367100 6297728 
7000010527 7415079 6332995 
7100015544 8014477 6844847 
7200019499 8345987 7143522 
7300025052 8506339 7270274 
7400026155 8659258 7371815 
7500012349 8843253 7527119 
7600009876 9116798 7757084 
7700008124 9524273 8120443 
7800006825 10004957 8552679 
7900020231 10217507 8739788 
8000011727 10371982 8877649 
8100020308 10765826 9237052 
8200019408 11327823 9755648 
8300003019 12034446 10424295 
8400012153 12846632 11145220 
8500017368 13177033 11445894 
8600012157 13487128 11720848 
8700002272 13918071 12103203 
8800008838 14444519 12577603 
8900025472 14697375 12785299 
9000003077 14973447 13038698 
9100001765 15351759 13382285 
9200023884 16190456 14158893 
9300007691 16935914 14809331 
9400018940 17251042 15090847 
9500021190 17457643 15265489 
9600007639 18012804 15761157 
9700007892 18493441 16196330 
9800013800 18864404 16514517 
9900030714 19007841 16644734 
10000013363 19451944 17051737 
10100020000 20382183 17908466 
10200008825 21015917 18468600 
10300011759 21426864 18824999 
10400013156 21639861 19017197 
10500010941 22187515 19508061 
10600007004 22767829 20024295 
10700010095 23294057 20484812 
10800025248 23414534 20592808 
10900009217 23620277 20780934 
11000016197 24023195 21151872 
11100001701 24658600 21735519 
11200008665 25449066 22481431 
11300009363 26149549 23095393 
11400011549 26496494 23413970 
11500008051 26887090 23763625 
11600009784 27510385 24300694 
11700011538 28018546 24750038 
11800022274 28163268 24881873 
11900019174 28566346 25247213 
12000004495 28987106 25627956 
12100002905 29769810 26361327 
12200008837 30460569 26958937 
12300011600 30841796 27304953 
12400009422 31239508 27657302 
12500012245 31775867 28134370 
12600009551 32253557 28554163 
12700021017 32780762 29015854 
12800012684 32908292 29127618 
12900019062 33334138 29516312 
13000038283 33642634 29797597 
13100019983 34610442 30711480 
13200006714 35263023 31299762 
13300028899 35724203 31699712 
13400020964 36014695 31971366 
13500019739 36568569 32460047 
13600017542 37154032 32974821 
13700020839 37604203 33370108 
13800015354 37741661 33495556 
13900009699 38120331 33837688 
14000002539 38801185 34453640 
14100004259 39646488 35227395 
14200005935 40135963 35646301 
14300020732 40381998 35880036 
14400011711 40809596 36299786 
14500014667 41157424 36642160 
14600009335 41413349 36893307 
14700013012 42671408 38096380 
14800012627 42735149 38143007 
14900008969 42806015 38193350 
15000026538 42917434 38245569 
15100022906 43162328 38362077 
15200012466 43473129 38501160 
15300023496 43706636 38606952 
15400020932 43761565 38644357 
15500022376 43853123 38684300 
15600013019 44054457 38769690 
15700008831 44308351 38866936 
15800019106 44478693 38932903 
15900021757 44564498 38982453 
16000004505 44760523 39071191 
16100013140 45013692 39218525 
16200010456 45281525 39373797 
16300021023 45483136 39491137 
16400013309 45715718 39621809 
16500024369 45752104 39648823 
16600007348 45811081 39677766 
16700022629 45874207 39707974 
16800011471 45983882 39742158 
16900007846 46052990 39774594 
17000013784 46147721 39804867 
17100025924 46225873 39846594 
17200024600 46327146 39879081 
17300003901 46383347 39910707 
17400016782 46438590 39928579 
17500009861 46499386 39957506 
17600011177 46566126 39988160 
17700015926 46621692 40011475 
17800025175 46765653 40066536 
17900019839 46974449 40179165 
18000014034 47211087 40304684 
18100017685 47416111 40413617 
18200010006 47519654 40469952 
18300010042 47593731 40510883 
18400018626 47645431 40533301 
18500009604 47747663 40573664 
18600023676 47894664 40620643 
18700006712 47974479 40657949 
18800003527 48113217 40722581 
18900023415 48337691 40830961 
19000019434 48516485 40914393 
19100014368 48578345 40948400 
19200024907 48724766 41011419 
19300016245 48908288 41092787 
19400011670 49008864 41135325 
19500022761 49064801 41165258 
19600003575 49187384 41252735 
19700004973 49495863 41538752 
19800012133 49911383 41919630 
19900021352 50300474 42275533 
20000021809 50826720 42744660 
20100051790 51185273 43086758 
20200003711 51579446 43427196 
20300003302 52065618 43891949 
20400023674 52604165 44394794 
20500019285 52801469 44570509 
20600024319 52874436 44642494 
20700024140 52953063 44720445 
20800003132 53483437 45188106 
20900025889 53931602 45462718 
21000022966 54123218 45545540 
21100027031 54262908 45591974 
21200028570 54385607 45627780 
21300023925 54504579 45663140 
21400024389 54623846 45698728 
21500027238 54741532 45733950 
21600028947 54859375 45769501 
21700031819 54977056 45804533 
21800027602 55092127 45839311 
21900028450 55206139 45873319 
22000016316 55385450 46005061 
22100015831 55715621 46301541 
22200023607 56217436 46769503 
22300018091 56821612 47331118 
22400018309 56856571 47364168 
22500010784 56882371 47388376 
22600007190 57286279 47753576 
22700002100 57755377 48138486 
22800005946 58472902 48764015 
22900012842 58697811 48968956 
23000006055 59345582 49571758 
23100004965 59979351 50162737 
23200009402 60636792 50765824 
23300013798 61262672 51325534 
23400007623 61987717 51990746 
23500010972 62362566 52338922 
23600034207 63148740 53050419 
23700005705 63442003 53302752 
23800007518 64213634 54019463 
23900006815 64788734 54581316 
24000033137 65676179 55388992 
24100004071 66556866 56185289 
24200009015 67540040 57016553 
24300012230 67902552 57361791 
24400010992 68527131 57937352 
24500024524 68855038 58238883 
24600005412 69039133 58407530 
24700005990 69577348 58875569 
24800008433 69661036 58936380 
24900022650 69743818 59018306 
25000016143 69846584 59118019 
25100024937 70732340 59899562 
25200025756 71113973 60133236 
25300027905 71308749 60210495 
25400026337 71458561 60256614 
25500026466 71600307 60298714 
25600022422 71737092 60339003 
25700028677 71873365 60379103 
25800025478 72008298 60418605 
25900026029 72140542 60456800 
26000012442 72435503 60704875 
26100005389 73030643 61201344 
26200005847 73703094 61645316 
26300003545 74556496 62336270 
26400015189 74694547 62465429 
26500015252 74759391 62528206 
26600006896 75340221 63054123 
26700004451 76119617 63738310 
26800020795 76743688 64317164 
26900001557 77446577 64953205 
27000003819 78465466 65884994 
27100011380 79143801 66491982 
27200012376 79869347 67171393 
27300014979 80241212 67527374 
27400018664 81226042 68403457 
27500007477 81448229 68606840 
27600011830 81566092 68719544 
27700007276 81689159 68838067 
27800015789 81936930 69046043 
27900022984 82158940 69106685 
28000015687 82368125 69154610 
28100010313 82773360 69211191 
28200010978 83482798 69285353 
28300014917 85024141 69448841 
28400010365 86513657 69820829 
28500019302 86732847 70027405 
28600008664 87151435 70426558 
28700022058 87818443 71059055 
28800019238 87852717 71091934 
28900017813 87888918 71126714 
29000004059 88184740 71407384 
29100024327 88370471 71581576 
29200023758 88393394 71603590 
29300016029 88423856 71632219 
29400014535 88498109 71699482 
29500021027 88564176 71764975 
29600006528 89014183 72192402 
29700011694 89833138 72964406 
29800006857 90531217 73651140 
29900015154 91345560 74430146 
30000024415 91511120 74589871 
30100023965 91532675 74610633 
30200021625 91550642 74628086 
30300018617 91571301 74648142 
30400024653 91588471 74664832 
30500027107 91607405 74683160 
30600020686 91624114 74699293 
30700018884 91646341 74720793 
30800005664 92030185 75081283 
30900006289 93148361 76108738 
31000007002 93865508 76786591 
31100014514 94093626 77005559 
31200004593 94784436 77679439 
31300016092 95411776 78293362 
31400001282 96058210 78905844 
31500009917 97006841 79796859 
31600003447 97817266 80585563 
31700015541 99144322 81815938 
31800005332 99870740 82483766 
31900002970 100939968 83506958 
32000005156 102450865 84939420 
32100003413 103740743 86157509 
32200003035 104980731 87324161 
32300003050 106247762 88499305 
32400028608 106701686 88918958 
32500024844 106753164 88969395 
32600010599 107494188 89619430 
32700021355 107684812 89802537 
32800021418 107717384 89833992 
32900021491 107746548 89862357 
33000024607 107770949 89886031 
33100016020 107801525 89915669 
33200014279 107867759 89979048 
33300006666 108333208 90416406 
33400007221 109602536 91596115 
33500013890 110535314 92471022 
33600014177 110876460 92804265 
33700008143 111153850 93078842 
33800001965 111418396 93336394 
33900011249 112166628 94032343 
34000004705 112729799 94561661 
34100008515 113712834 95518660 
34200003300 114814922 96574215 
34300012307 115287409 96984297 
34400020797 115396933 97086221 
34500013411 115515120 97197007 
34600019415 115650832 97330428 
34700005226 116593967 98234689 
34800007216 117340253 98945010 
34900005030 118527909 100063422 
35000018266 119203701 100727304 
35100018635 119301004 100822405 
35200024998 119328707 100849487 
35300025114 119349449 100869800 
35400017146 119390936 100910604 
35500022637 119412552 100931739 
35600023661 119440738 100959495 
35700021478 119471703 100989767 
35800020122 119496007 101013513 
35900025219 119511368 101028467 
36000019915 119533464 101050147 
36100007392 119842436 101350354 
36200013717 121078228 102475886 
36300004238 122013406 103380477 
36400004230 123071621 104377305 
36500009395 123832398 105126525 
36600012177 124421620 105694635 
36700003912 125479574 106688808 
36800009932 126871948 107991780 
36900005791 127703781 108804016 
37000003341 128456567 109541355 
37100005177 129223928 110247853 
37200008702 130673753 111599775 
37300017718 131374457 112283139 
37400017534 131446541 112353428 
37500017971 131517631 112423548 
37600017876 131579188 112480659 
37700015809 131651936 112552181 
37800018610 131734354 112632478 
37900011671 132169233 113056806 
38000006119 132717811 113599961 
38100008027 133414498 114221048 
38200003419 134824082 115115703 
38300012476 134971897 115258760 
38400013079 135039284 115325538 
38500008555 135099101 115384314 
38600011081 135166482 115449573 
38700013949 135244293 115524801 
38800003820 135467508 115710054 
38900021622 135938072 116174080 
39000019126 135967241 116202106 
39100015458 136242131 116471588 
39200017816 136311524 116539760 
39300016279 136643953 116865477 
39400023533 137083790 117277080 
39500025864 137139719 117331607 
39600011096 137408879 117578954 
39700019441 137469804 117637881 
39800009733 137511596 117678404 
39900009569 137983711 118126318 
40000004840 139539374 119586765 
40100018410 140014477 120032979 
40200019124 140067930 120084174 
40300021907 140122482 120133242 
40400018355 140408683 120397554 
40500015273 140529635 120510491 
40600019780 140588877 120561925 
40700008463 140852779 120805502 
40800003569 141295479 121230643 
40900025892 141769933 121660798 
41000021879 141825185 121714753 
41100004828 143061531 122868457 
41200010366 143969317 123726553 
41300011654 144264636 124017962 
41400008594 144540178 124290114 
41500010980 145154470 124859960 
41600003420 146728153 126306143 
41700008958 147520936 127080857 
41800004627 149135239 128572916 
41900007660 149967891 129379361 
42000003813 150817600 130166297 
42100008300 151915158 131204247 
42200013778 153310004 132523867 
42300013494 153421423 132629203 
42400004007 153679935 132875081 
42500005388 154631100 133789345 
42600017310 154891229 134029416 
42700005011 155201492 134308171 
42800059278 156348650 135220488 
42900004643 157694801 136447063 
43000004720 158909679 137573524 
43100003382 160764488 139308806 
43200002517 162115429 140614333 
43300002057 165026784 143371776 
43400004788 166623163 144865221 
43500004532 166803716 144944336 
43600004802 166985916 145025350 
43700003236 167155386 145098133 
43800002126 167328812 145169143 
43900003902 167510363 145247252 
44000006019 167692127 145323917 
44100005881 167877933 145405208 
44200005350 168068288 145487672 
44300005207 168254637 145567683 
44400005600 168438320 145640902 
44500003419 168627102 145722470 
44600002554 168811323 145806485 
44700002746 169000676 145889838 
44800004628 169189948 145970959 
44900003797 169374932 146054584 
45000005225 169559760 146137094 
45100004035 169753740 146223834 
45200007919 169949443 146309105 
45300004032 170136206 146389885 
45400005370 170326397 146474788 
45500003545 170518490 146562816 
45600004080 170704063 146640056 
45700009711 170895067 146719333 
45800003397 171091319 146805956 
45900005387 171280930 146892006 
46000005481 171470083 146971110 
46100010405 171655945 147053625 
46200004031 171845749 147132398 
46300004179 172050759 147231163 
46400002334 172253592 147327490 
46500010845 172460685 147434352 
46600005399 172669795 147544205 
46700007533 172877527 147659108 
46800005660 173087682 147778001 
46900003724 173295013 147898720 
47000003725 173503796 148016090 
47100002663 173711659 148132549 
47200002900 173905903 148236325 
47300002419 174105561 148344270 
47400003761 174307610 148458115 
47500004744 174509818 148568168 
47600004274 174719579 148686010 
47700003544 174920290 148794717 
47800005219 175116364 148904981 
47900005203 175315924 149013422 
48000005642 175512251 149121554 
48100004258 175705329 149224492 
48200004340 175904362 149334340 
48300003890 176105469 149439927 
48400005987 176303240 149538389 
48500035842 176505212 149633382 
48600003714 176700031 149734267 
48700008438 176898037 149834073 
48800004051 177104046 149935626 
48900004581 177298721 150030440 
49000010305 177500442 150131646 
49100004215 177708292 150242318 
49200003898 177905936 150336648 
49300005761 178104871 150440186 
49400003375 178308949 150539747 
49500005667 178509344 150637869 
49600004061 178703043 150732626 
49700004606 178897995 150827233 
49800009383 179094790 150922776 
49900005750 179290024 151017172 
50000003624 179484014 151109932 
50100004442 179679879 151207304 
50200005216 179878452 151301415 
50300004199 180078006 151399557 
50400006972 180270732 151489251 
50500004771 180457434 151577219 
50600004614 180650595 151670132 
50700003217 180840929 151755496 
50800005248 181027873 151845739 
50900010082 181220441 151935949 
51000001922 181408955 152031569 
51100005350 181588697 152115135 
51200004672 181771137 152197542 
51300003807 181953418 152282508 
51400004045 182134897 152366448 
51500004216 182318670 152449162 
51600005713 182501714 152535493 
51700003451 182686322 152620958 
51800004251 182873644 152710666 
51900009994 183056994 152796860 
52000003971 183241579 152882324 
52100004964 183426856 152972819 
52200005354 183611589 153058328 
52300001553 183794422 153144558 
52400003533 183981757 153238861 
52500003785 184173141 153333208 
52600003282 184360373 153422738 
52700005492 184547342 153510349 
52800005293 184742683 153611712 
52900010578 184934802 153705003 
53000004218 185120138 153791812 
53100006654 185303222 153877244 
53200005717 185493365 153969114 
53300005287 185689473 154063807 
53400005068 185889352 154161914 
53500010082 186081007 154256418 
53600027498 186263706 154343458 
53700004289 186449382 154432974 
53800012676 186624418 154513550 
53900005307 186810568 154602849 
54000003511 187000266 154695527 
54100004806 187191203 154787569 
54200003388 187374254 154873765 
54300010866 187565926 154974731 
54400003411 187763183 155071023 
54500005396 187955658 155162278 
54600004095 188152306 155262753 
54700004069 188343303 155355679 
54800003423 188530950 155448369 
54900004895 188721149 155540188 
55000007544 188910902 155631655 
55100004378 189102977 155728911 
55200004719 189292895 155821077 
55300004322 189483187 155913899 
55400004490 189680295 156009799 
55500003202 189872157 156105418 
55600004986 190059563 156194076 
55700004338 190247352 156280561 
55800004614 190438194 156377234 
55900001704 190628575 156471841 
56000005065 190811237 156554462 
56100004540 191923361 157473326 
56200000309 192610624 158115697 
56300003592 194324095 159632986 
56400015284 194830741 160103617 
56500009766 195486213 160706181 
56600010945 196916217 162017369 
56700011711 197089338 162172992 
56800015714 197264147 162326752 
56900014335 197449176 162487305 
57000015913 198418230 163375202 
57100006584 198691046 163625422 
57200008519 199126618 164002485 
57300009982 199705942 164511122 
57400006022 200028080 164813846 
57500006917 200434863 165179854 
57600013267 200873273 165591738 
57700010058 201442884 166103614 
57800016509 201529269 166182238 
57900018322 201634962 166285142 
58000019873 202320973 166826140 
58100029095 202593651 166948374 
58200005437 202728694 166982326 
58300002769 202827159 166999471 
58400028925 202927504 167017220 
58500028069 203028867 167035297 
58600028354 203128977 167053021 
58700027866 203227623 167069805 
58800023041 203326997 167086651 
58900010215 203625488 167352779 
59000012314 204242760 167815974 
59100021586 204792806 168339279 
59200012049 205130040 168637799 
59300014082 205189025 168693791 
59400004532 205303384 168803541 
59500003352 205924492 169348741 
59600005449 206417789 169794462 
59700008187 207059297 170389886 
59800002306 207835545 171094340 
59900009658 208443843 171631554 
60000010582 208995006 172135080 
60100002696 209342633 172458599 
60200010948 209958455 172994231 
60300007115 210577875 173549854 
60400007751 211062120 174009989 
60500004772 211705871 174598588 
60600005754 212635009 175403166 
60700009004 213423546 176076122 
60800009409 213807497 176423357 
60900018885 214423511 176995995 
61000027657 214459890 177029709 
61100015594 215008949 177512627 
61200020443 215091479 177590602 
61300020612 215207193 177703717 
61400020452 216002072 178336090 
61500024837 216356406 178495924 
61600024610 216605529 178593206 
61700028441 216729926 178618577 
61800031848 216840964 178637865 
61900029165 216946727 178655521 
62000030252 217052543 178673262 
62100034212 217156399 178690121 
62200007808 217438978 178931283 
62300006001 218130496 179443858 
62400005190 218814584 179871155 
62500013982 219713172 180493337 
62600018510 220045241 180785798 
62700016017 220114016 180852334 
62800023215 220651064 181318359 
62900017787 221472565 182041522 
63000017331 222054339 182555923 
63100004904 223072725 183476499 
63200003251 223756397 184088138 
63300009592 224299720 184593129 
63400003980 224706674 184976199 
63500010049 225513697 185664258 
63600010888 225626312 185771197 
63700011980 225740320 185879760 
63800028574 225902422 186031134 
63900028703 225961432 186061341 
64000028760 226124379 186103748 
64100031649 226622310 186195200 
64200013432 227566721 186333328 
64300023570 227965260 186604122 
64400020080 228099235 186728365 
64500021832 228719132 187310696 
64600020189 228745948 187336104 
64700018026 228775942 187364473 
64800144871 229123172 187686767 
64900006203 229151357 187713321 
65000023076 229168403 187729038 
65100027582 229212231 187766300 
65200026369 229257310 187810118 
65300009334 229691368 188217648 
65400012947 230294405 188771260 
65500008470 231023295 189482842 
65600021475 231506165 189933605 
65700019426 231524534 189950786 
65800026304 231542736 189968505 
65900024613 231559063 189984388 
66000023696 231572551 189997398 
66100024541 231586881 190011224 
66200015475 231604232 190028067 
66300002345 231871615 190274780 
66400002743 232841917 191157136 
66500013836 233373626 191654987 
66600002948 233711130 191969788 
66700013694 234619754 192859882 
66800007726 234993113 193212503 
66900006347 235908300 194067027 
67000011576 236691051 194820924 
67100007886 237854490 195857074 
67200006466 238600253 196570554 
67300005687 240016967 197913077 
67400004403 241233773 199050071 
67500005659 242493154 200213671 
67600007244 243680893 201295303 
67700028334 243749552 201360398 
67800012171 243977196 201556516 
67900022419 244468206 201984409 
68000023498 244492951 202007727 
68100021078 244516006 202029983 
68200017816 244538184 202051372 
68300023601 244562448 202074786 
68400021744 244740626 202244912 
68500003602 245565692 202995999 
68600012504 246667450 204015251 
68700007769 246953509 204293099 
68800013246 247212411 204548426 
68900003147 247639815 204942304 
69000013129 248174923 205443743 
69100006810 249086179 206305723 
69200010503 250056676 207237883 
69300014054 250489148 207628820 
69400020449 250599778 207731153 
69500011134 250752997 207875472 
69600003044 251039657 208154635 
69700011563 251929855 208986026 
69800007151 252971855 209959640 
69900014916 253576980 210551001 
70000016597 253636362 210608731 
70100022119 253659318 210631169 
70200022195 253686405 210657659 
70300018603 253707261 210678131 
70400024810 253728303 210698647 
70500021691 253752050 210721751 
70600011856 253775613 210744716 
70700019627 253804753 210770295 
70800023022 253824018 210787071 
70900004144 254676221 211562424 
71000007022 255491361 212332206 
71100007003 256640548 213406502 
71200016230 257395105 214148504 
71300009466 257842704 214572722 
71400004827 259094573 215728307 
71500004480 260166514 216739620 
71600009439 260809581 217366752 
71700004943 261537195 218036201 
71800008183 262895021 219290185 
71900019291 263372493 219753229 
72000013733 263430842 219810599 
72100024243 263495046 219872541 
72200017184 263555769 219930690 
72300017814 263617922 219991089 
72400008310 264002350 220366014 
72500009602 264539949 220897839 
72600004263 265583675 221676459 
72700013993 266074627 221984187 
72800136616 266138213 222046681 
72900013124 266200920 222107763 
73000011975 266280868 222185400 
73100014988 266469248 222346293 
73200015031 266868802 222734589 
73300020842 266898219 222762900 
73400016159 267129011 222988277 
73500007251 267240035 223097130 
73600025973 267702466 223532725 
73700022372 267751568 223580332 
73800011223 267985156 223795450 
73900017304 268036425 223844907 
74000017097 268074096 223881231 
74100004900 268834287 224589800 
74200017522 270061020 225728810 
74300017509 270186035 225822497 
74400017711 270215331 225850637 
74500021756 270440288 226046682 
74600020498 270570120 226144847 
74700024640 270598456 226171891 
74800018579 270973300 226516539 
74900024065 271416914 226917467 
75000016520 271465990 226964985 
75100004636 272457297 227876890 
75200007070 273212059 228580305 
75300008101 273500287 228864357 
75400013713 273726884 229087712 
75500006036 274907674 230148664 
75600007360 275852302 231037314 
75700001495 277269045 232333137 
75800007418 278033608 233069317 
75900005476 279041511 233993577 
76000003976 280098430 234995992 
76100008240 280778638 235623449 
76200006662 280883282 235721485 
76300056086 281683559 236480988 
76400015621 281914648 236691453 
76500016292 282286609 237018369 
76600007977 283299357 237812442 
76700002911 284772655 239135336 
76800002518 286399906 240653557 
76900002580 287716483 241900183 
77000001709 290529133 244558490 
77100008299 291790905 245719329 
77200006123 291950855 245788902 
77300004399 292111306 245862644 
77400005349 292268128 245937173 
77500013842 292425261 246007571 
77600005469 292588455 246080477 
77700003585 292751432 246149579 
77800005021 292915181 246223470 
77900003596 293076136 246300044 
78000004485 293238705 246378354 
78100003336 293403701 246456331 
78200004426 293571936 246532981 
78300002903 293738218 246608112 
78400006537 293905604 246682095 
78500003552 294072596 246760974 
78600008465 294237232 246839510 
78700004393 294399160 246915177 
78800004628 294561789 246995498 
78900009948 294722504 247075060 
79000006398 294887000 247158216 
79100005741 295049409 247237358 
79200004874 295212217 247316586 
79300005876 295376367 247393483 
79400005393 295538647 247467831 
79500005288 295698950 247543356 
79600007778 295864455 247620289 
79700003480 296041693 247714637 
79800011469 296219177 247813831 
79900003515 296398442 247911275 
80000006424 296571318 248012289 
80100003618 296747998 248119594 
80200005059 296926390 248228630 
80300005343 297100102 248332064 
80400005480 297272778 248432812 
80500005914 297446982 248530337 
80600010433 297628652 248627939 
80700005359 297804966 248716997 
80800006235 297980935 248807337 
80900003737 298161695 248903417 
81000005026 298335815 248992262 
81100002742 298510434 249077281 
81200004877 298687154 249168346 
81300009407 298868529 249259225 
81400005084 299051602 249345637 
81500004219 299232752 249428839 
81600006284 299418181 249520298 
81700005380 299598109 249612179 
81800004569 299782310 249702712 
81900005535 299969973 249787680 
82000003637 300155910 249876694 
82100003711 300334641 249966626 
82200005440 300515733 250059185 
82300005489 300699191 250146188 
82400003409 300884593 250237354 
82500005276 301064766 250327723 
82600004559 301252051 250416986 
82700003343 301433002 250508605 
82800004980 301619011 250598118 
82900004674 301804404 250683967 
83000005581 301982529 250766168 
83100004564 302159761 250847016 
83200004229 302339266 250930411 
83300007901 302516323 251010591 
83400005976 302689381 251087030 
83500005551 302866682 251166066 
83600004796 303046069 251249315 
83700009025 303226854 251332455 
83800006182 303406654 251418448 
83900005655 303582008 251499038 
84000011134 303760135 251580395 
84100006437 303935208 251659600 
84200003962 304118712 251744069 
84300005259 304295647 251821959 
84400005233 304471548 251904698 
84500004397 304646250 251981732 
84600005838 304826902 252070491 
84700007171 305004150 252150152 
84800004856 305178419 252229419 
84900004763 305363611 252318690 
85000005461 305545328 252408450 
85100003199 305717882 252491503 
85200005043 305891074 252579869 
85300009761 306062357 252665999 
85400004192 306239060 252761099 
85500005502 306413051 252852714 
85600005576 306599867 252942048 
85700004967 306779305 253024072 
85800005584 306952753 253109966 
85900004248 307126107 253194487 
86000001652 307301144 253275049 
86100004894 307473077 253360747 
86200005315 307654139 253454950 
86300005490 307831828 253539676 
86400006323 308004045 253619118 
86500003713 308178216 253702592 
86600009044 308357429 253789223 
86700005462 308534101 253875001 
86800004828 308706296 253953871 
86900006733 308881954 254040855 
87000006539 309933340 254906687 
87100008454 310982838 255829472 
87200015735 312172922 256902390 
87300009565 312685285 257368574 
87400013792 313931092 258500024 
87500013921 314106858 258658540 
87600016604 314290858 258818221 
87700003100 314553671 259050335 
87800008901 315195433 259593635 
87900012684 315413406 259721644 
88000008006 315651499 259865587 
88100022954 315827634 259970311 
88200022438 315964037 260047692 
88300024738 316041671 260090998 
88400026775 316206327 260188328 
88500007588 316453110 260336287 
88600026714 316634577 260447988 
88700022210 316871129 260585044 
88800022123 316900940 260606230 
88900008478 317204051 260876843 
89000015752 317635226 261261180 
89100020650 318069665 261651355 
89200022131 318451371 261980180 
89300007463 318804284 262308800 
89400005597 319325135 262779701 
89500015695 319939825 263355355 
89600010717 320156407 263541824 
89700024219 320251310 263633765 
89800010092 320588912 263952802 
89900021893 321148653 264308699 
90000028697 321325820 264370025 
90100032939 321436412 264395370 
90200022223 321535454 264415860 
90300031460 321632945 264435953 
90400029424 321730291 264455603 
90500028050 321829746 264475668 
90600027813 321927765 264495394 
90700015291 322113979 264626909 
90800007891 322573554 264992797 
90900023471 323169695 265500252 
91000014583 323558802 265861519 
91100014214 323797598 266076650 
91200016344 323844181 266121094 
91300007549 324281822 266513838 
91400009815 324898126 267066033 
91500015583 325433154 267552783 
91600009880 326071867 268141072 
91700018285 326592173 268614830 
91800003439 327355888 269283793 
91900006862 327773669 269678320 
92000013840 328254174 270116282 
92100012684 328709487 270508777 
92200005599 329387079 271120327 
92300007689 329942437 271665026 
92400003638 330889422 272498859 
92500013775 331862053 273308334 
92600019318 332208378 273639550 
92700006116 332773716 274150619 
92800021119 333073174 274424095 
92900023991 333567874 274863215 
93000014931 333686467 274965857 
93100019288 333788637 275065218 
93200001681 334297588 275534728 
93300005896 334823750 275844655 
93400018909 335144300 275994252 
93500026175 335306843 276043355 
93600029553 335410924 276065276 
93700033030 335513210 276086696 
93800025009 335612833 276107153 
93900033158 335710819 276126832 
94000012976 335864482 276206781 
94100025539 336356491 276647008 
94200006650 337054192 277098594 
94300004891 337777747 277555921 
94400015422 338610071 278208500 
94500014937 338692392 278288307 
94600003430 338777396 278370154 
94700008047 339679869 279155578 
94800021346 340311342 279722411 
94900000729 341357469 280662781 
95000015550 342081211 281293263 
95100021270 342591093 281767863 
95200023146 342994644 282147900 
95300008390 343897164 282941197 
95400015827 344196397 283205115 
95500008463 344311264 283315068 
95600005834 344426320 283424417 
95700023968 344579246 283544640 
95800026547 344659126 283576384 
95900017487 344913971 283628736 
96000015522 345878773 283775439 
96100010690 346951361 284027806 
96200022712 347115052 284181435 
96300007077 347467969 284514214 
96400023502 347860728 284882115 
96500016565 347887333 284907291 
96600023198 348044320 285051542 
96700017086 348259293 285253912 
96800022344 348285327 285278762 
96900025821 348304880 285297095 
97000027486 348366198 285351892 
97100027897 348408860 285393339 
97200003691 349185178 286109956 
97300007944 349717725 286617195 
97400023968 350572109 287433031 
97500021009 350678112 287534925 
97600013730 350696709 287552910 
97700025572 350714575 287570179 
97800019099 350727172 287582393 
97900021554 350742167 287596848 
98000024260 350757968 287612174 
98100024257 350773964 287627658 
98200004380 351457227 288246165 
98300010712 352454929 289168930 
98400009900 352622857 289331961 
98500004720 353358641 290036627 
98600004415 353909950 290575555 
98700003119 354719696 291333558 
98800008591 355344963 291924852 
98900007794 356573485 293071930 
99000006608 357408697 293823461 
99100003780 358403920 294772760 
99200004694 359830225 296107550 
99300003734 361104287 297303336 
99400005154 362315214 298413541 
99500024362 362981797 299017998 
99600022633 363028850 299063664 
99700014150 363634783 299579883 
99800016271 363742255 299681387 
99900023966 363768272 299706427 
100000026237 363788616 299725847 
100100019572 363811081 299747461 
100200018680 363857878 299791625 
100300011587 364194946 300104502 
100400002939 365415117 301226590 
100500011728 366072111 301837899 
100600014134 366353486 302115013 
100700010688 366604076 302359957 
100800006233 367239567 302941227 
100900005347 367827202 303488670 
101000000583 368822975 304454865 
101100019418 369749165 305305028 
101200015066 369839355 305391431 
101300009636 369990587 305531956 
101400013991 370135125 305671175 
101500003592 371004709 306492650 
101600005019 371694853 307150748 
101700009516 372565988 307956506 
101800018690 372978240 308364312 
101900019141 373019645 308404604 
102000017920 373037450 308422072 
102100019725 373069498 308453506 
102200017980 373085939 308469543 
102300106131 373106774 308489913 
102400023568 373137354 308519730 
102500023713 373160459 308541169 
102600016234 373183658 308560715 
102700008511 373409057 308776230 
102800003024 374471298 309736425 
102900005141 375413215 310633818 
103000007017 376358268 311530386 
103100014216 376917253 312078832 
103200003181 377712523 312819343 
103300003177 379102061 314100318 
103400012972 379944431 314919609 
103500026358 380474192 315436051 
103600035475 381603446 316464225 
103700004665 382678036 317474117 
103800013575 382848400 317640706 
103900015909 382903878 317695189 
104000013477 382958301 317746010 
104100020484 383020750 317807204 
104200002581 383077888 317860750 
104300008994 383677536 318450088 
104400020336 384398061 319094340 
104500025958 385447512 319762988 
104600014733 385573115 319884944 
104700013800 385634815 319945739 
104800015122 385709622 320018315 
104900005253 385793740 320099902 
105000018097 386334293 320599873 
105100019169 386363217 320627536 
105200009266 386440963 320703689 
105300017147 386637919 320895677 
105400025414 386887978 321140502 
105500018510 387218878 321445793 
105600020999 387264586 321489995 
105700017909 387509964 321714745 
105800015841 387552412 321755401 
105900003095 387706998 321900324 
106000005165 389094660 323200139 
106100021583 389655757 323698600 
106200020411 389713891 323744227 
106300013411 389836485 323848011 
106400019058 390039026 324019325 
106500020371 390099094 324066358 
106600011428 390265859 324212453 
106700005844 390616991 324551682 
106800026628 390956179 324850236 
106900001458 391081731 324963774 
107000008485 392589858 326359004 
107100007994 392878719 326640748 
107200011754 393146933 326905549 
107300010047 393672508 327388630 
107400015047 395006156 328595587 
107500003057 395918378 329464122 
107600001227 397254626 330699017 
107700016866 397963824 331376615 
107800006779 399017674 332330644 
107900015784 400339663 333576670 
108000018042 400433033 333663832 
108100006003 400748634 333961925 
108200016485 401485151 334652215 
108300020172 401587251 334750028 
108400003723 402535193 335475203 
108500004177 403729648 336533079 
108600002289 404972399 337682119 
108700016293 406840983 339417538 
108800003747 408815461 341306997 
108900005641 411385785 343729509 
109000004698 411550087 343799793 
109100016648 411715792 343868073 
109200004944 411879061 343939941 
109300011456 412040023 344008888 
109400005186 412201682 344081178 
109500006067 412366891 344146368 
109600003533 412533491 344214835 
109700008185 412703309 344283988 
109800015208 412868115 344356579 
109900005240 413032781 344430168 
110000046988 413199820 344500949 
110100004823 413373104 344575434 
110200006955 413542459 344647232 
110300004912 413712260 344723328 
110400003965 413883718 344802158 
110500004735 414049469 344878734 
110600009140 414217231 344954102 
110700005703 414385358 345033236 
110800004370 414559870 345115762 
110900006535 414733607 345194817 
111000000703 414903722 345274184 
111100005479 415076073 345349218 
111200009796 415247128 345422336 
111300005072 415415414 345495171 
111400004099 415590876 345567607 
111500003346 415776553 345653929 
111600012844 415961210 345742261 
111700001783 416142514 345834577 
111800019425 416321524 345929280 
111900004969 416501698 346035159 
112000005147 416687359 346140153 
112100009413 416865516 346239744 
112200014725 417050071 346337536 
112300009062 417228911 346423825 
112400006106 417414528 346520306 
112500005077 417596389 346610717 
112600004981 417772532 346697179 
112700003406 417955043 346789771 
112800005931 418135557 346880294 
112900005419 418316700 346967321 
113000004475 418497735 347052833 
113100004826 418680475 347138299 
113200003644 418862007 347222819 
113300004043 419044335 347303796 
113400007806 419231617 347390327 
113500003869 419417388 347478286 
113600003424 419608382 347566992 
113700005863 419792572 347648522 
113800019590 419985382 347736746 
113900004603 420168617 347821070 
114000005065 420351743 347905336 
114100011240 420532165 347993113 
114200005371 420716104 348075234 
114300003744 420898221 348164962 
114400004336 421087382 348251546 
114500005428 421273610 348333638 
114600003329 421463380 348417794 
114700011306 421652290 348499661 
114800005023 421833177 348575794 
114900005017 422009590 348651014 
115000004221 422188195 348726535 
115100004812 422368659 348806008 
115200005889 422541407 348874514 
115300005177 422718190 348950106 
115400011908 422897527 349025382 
115500004561 423074874 349099923 
115600038799 423251290 349175137 
115700014385 423426759 349246220 
115800003161 423603543 349318297 
115900004515 423780698 349392219 
116000003692 423962854 349470963 
116100001744 424135267 349542841 
116200009458 424313567 349623732 
116300005978 424491109 349701912 
116400005671 424676132 349787983 
116500005908 424856940 349864388 
116600013269 425033014 349940249 
116700005443 425213351 350023359 
116800005703 425396674 350113714 
116900005083 425576267 350196897 
117000004103 425755667 350277399 
117100003859 425931910 350360085 
117200004836 426115507 350445749 
117300005893 426292732 350531662 
117400005194 426485915 350626603 
117500005023 426667492 350711238 
117600005417 426845067 350793194 
117700012777 427021083 350875543 
117800002178 427204747 350952189 
117900005051 427380328 351033071 
118000021764 427564145 351117894 
118100004511 427751046 351204947 
118200005226 427929935 351282877 
118300005843 428106153 351363706 
118400005730 428287969 351449490 
118500008955 428468558 351533100 
118600005375 428647446 351616453 
118700004087 428825219 351694076 
118800003856 429003168 351774859 
118900008038 429449052 352128634 
119000006872 430768495 353241996 
119100011002 432295312 354601927 
119200015235 432444834 354739103 
119300002117 433431143 355641264 
119400014989 434218493 356347913 
119500012893 434392521 356500081 
119600013715 434577730 356660455 
119700016156 435504573 357496388 
119800010493 435767120 357743010 
119900007812 436211907 358139182 
120000011507 436700950 358579953 
120100020914 437106005 358945151 
120200011071 437517858 359333358 
120300016610 437991129 359760265 
120400012714 438426447 360183263 
120500007526 439079025 360784833 
120600019992 439184364 360877191 
120700023163 439272239 360962669 
120800013294 439373034 361060729 
120900029407 440161561 361689006 
121000027335 440450304 361849679 
121100020553 440617805 361912856 
121200024934 440758044 361954001 
121300025880 440891265 361991493 
121400032696 441025230 362029589 
121500026926 441156560 362066631 
121600021439 441287247 362104118 
121700025840 441418144 362142448 
121800026823 441546246 362178365 
121900025498 441673385 362214269 
122000032442 441798957 362250093 
122100013435 442022622 362454831 
122200016492 442528803 362896438 
122300008503 443196772 363531741 
122400009828 443489294 363798423 
122500014235 443540015 363847049 
122600011362 443584348 363889685 
122700015770 444283057 364519767 
122800002731 444835727 364951104 
122900011910 445319244 365398033 
123000003431 445631229 365685695 
123100003238 446281270 366294640 
123200022362 447157674 367093844 
123300010390 447818092 367700192 
123400019140 448437653 368248674 
123500009458 448882216 368665969 
123600004042 449431055 369175368 
123700008295 449910472 369596995 
123800009541 450553772 370183648 
123900007979 451039789 370645581 
124000004608 451738884 371305373 
124100008544 452622701 372102614 
124200010765 453789522 373073126 
124300008177 454161189 373430113 
124400000134 454555512 373784625 
124500016495 455307689 374481278 
124600020402 455337050 374508419 
124700021824 455951142 375066864 
124800027457 456062618 375165643 
124900013706 456145278 375246075 
125000033004 456237553 375336548 
125100009141 456653867 375717622 
125200004746 457419959 376349953 
125300018565 457680084 376482423 
125400024460 457859664 376548583 
125500024232 458013596 376594231 
125600025388 458162221 376637565 
125700028297 458309478 376680296 
125800025094 458455033 376722710 
125900023954 458597769 376763455 
126000005704 458761166 376825598 
126100005399 459150052 377190690 
126200004415 459818325 377693814 
126300026303 460530549 378158956 
126400014980 461202961 378753024 
126500012159 461275881 378824373 
126600016483 461352261 378898659 
126700003578 462190296 379647445 
126800017174 463069294 380435292 
126900012172 463553263 380872446 
127000003393 464795495 382010509 
127100003486 465445617 382579669 
127200009199 466013070 383102693 
127300013702 466605574 383666775 
127400003723 467238063 384243146 
127500004649 468039156 384939446 
127600014675 468179175 385071687 
127700008632 468296422 385184530 
127800010289 468411490 385294532 
127900011973 468655707 385453771 
128000022277 468862805 385500621 
128100015885 469242290 385574201 
128200021268 470243563 385714186 
128300004330 471903231 385932113 
128400008821 474351904 386300475 
128500103543 474917628 386653419 
128600018662 474953153 386686203 
128700001736 475616401 387312927 
128800024012 475856204 387540649 
128900024161 475882715 387565783 
129000018211 475911731 387593616 
129100018707 476305078 387963350 
129200022594 476328938 387985864 
129300022442 476349983 388005762 
129400026736 476367891 388022496 
129500025926 476438496 388085816 
129600024211 476482449 388128716 
129700005595 477208091 388807894 
129800007317 477894570 389461309 
129900006211 478729631 390280160 
130000017131 479298251 390816943 
130100024997 479355644 390871825 
130200021264 479373411 390889062 
130300019690 479388464 390903628 
130400023578 479403734 390918414 
130500022176 479419175 390933292 
130600024553 479433638 390947263 
130700022290 479451107 390964085 
130800025750 479467203 390979603 
130900003791 480211413 391659431 
131000003048 481443214 392805409 
131100016221 481721795 393075851 
131200006922 481985713 393325658 
131300007316 482963143 394288661 
131400012876 483483891 394781804 
131500003800 484360503 395607807 
131600005178 484982319 396200896 
131700001635 486192501 397355794 
131800017362 487150321 398211493 
131900006743 487880269 398922549 
132000003444 489550151 400506929 
132100007690 490608901 401509613 
132200005822 492083535 402895834 
132300061060 493480284 404190003 
132400021421 494456468 405097556 
132500022191 494504866 405144746 
132600004012 494755014 405368133 
132700011960 495306368 405856799 
132800010779 495390332 405935464 
132900010106 495417110 405961286 
133000020211 495441913 405985157 
133100015085 495466510 406008860 
133200020190 495492427 406033869 
133300005833 495620974 406156792 
133400001616 496172083 406666422 
133500004354 497595536 407992891 
133600014773 498243558 408603538 
133700009234 498531546 408887360 
133800013601 498806573 409157235 
133900010668 499308607 409622361 
134000006615 499935347 410217318 
134100007851 500812866 411047556 
134200022423 501735695 411946730 
134300019255 502738044 412858615 
134400010520 502834626 412951272 
134500013080 502950173 413058592 
134600017897 503102817 413204945 
134700017737 503228389 413328108 
134800008203 504448722 414480365 
134900008316 505300752 415304923 
135000013300 506233258 416179476 
135100024612 506708078 416649708 
135200015708 506756574 416696705 
135300016118 506778805 416718497 
135400022788 506807538 416746669 
135500023005 506833977 416772539 
135600023307 506853576 416791547 
135700016833 506877009 416814372 
135800024130 506905018 416841740 
135900023226 506918541 416854965 
136000019855 506939148 416875135 
136100017431 506960786 416896189 
136200028617 507771990 417647750 
136300006089 508760970 418574446 
136400006776 509921745 419676444 
136500006488 510814895 420537964 
136600015219 511419535 421132714 
136700010065 511908169 421600095 
136800005694 513435168 423022538 
136900005754 514557118 424086110 
137000005556 515193449 424709452 
137100003130 515730661 425234184 
137200004179 517144082 426536616 
137300006263 518275479 427603323 
137400009782 518575738 427897384 
137500014663 518629637 427950355 
137600029319 518695754 428014184 
137700017137 518753813 428069728 
137800018707 518808668 428123665 
137900002217 518969089 428278554 
138000010698 519532235 428833397 
138100005927 520215270 429483200 
138200010072 521565232 430380741 
138300013609 521943532 430651929 
138400011851 522013829 430720274 
138500013551 522071277 430777198 
138600014575 522139264 430842948 
138700014406 522210671 430911999 
138800013000 522319991 431017963 
138900022634 522900746 431555617 
139000022177 522929715 431583246 
139100008580 522972949 431624969 
139200016100 523254540 431901939 
139300012010 523387475 432031997 
139400012830 523872152 432491287 
139500027878 523980242 432593460 
139600011703 524051810 432662679 
139700021851 524299374 432890528 
139800019518 524344933 432934285 
139900018607 524391837 432979751 
140000003869 525607767 434107687 
140100021576 526801858 435240287 
140200022177 526908873 435342963 
140300019148 526955480 435384605 
140400015202 527116747 435527960 
140500019345 527278085 435680905 
140600020855 527324051 435724254 
140700026862 527375621 435768614 
140800008133 527817898 436180381 
140900025585 528351139 436669011 
141000026682 528403036 436719405 
141100004079 528868735 437153690 
141200006814 530398438 438580354 
141300008594 530693733 438867809 
141400013317 530979209 439150025 
141500003756 531245708 439412184 
141600004285 532470925 440533403 
141700010461 533579099 441566113 
141800003852 534808563 442729659 
141900005993 536111524 443954573 
142000009453 536873562 444694792 
142100012837 538105696 445815914 
142200007223 539154766 446829908 
142300005002 539864810 447489462 
142400007995 539963672 447582236 
142500003095 540558363 448159637 
142600019027 541237266 448795726 
142700015351 541327122 448882451 
142800005129 542249383 449605566 
142900001020 543019094 450298039 
143000005535 544615613 451762982 
143100004037 546165459 453211729 
143200007719 547755182 454706325 
143300001777 550002356 456857492 
143400004488 552874710 459585228 
143500004609 553062109 459671842 
143600003787 553247642 459751925 
143700005214 553422218 459827699 
143800005542 553599893 459900024 
143900004133 553783456 459977454 
144000013909 553966300 460053873 
144100005030 554152670 460136221 
144200005704 554337083 460219656 
144300005209 554530977 460311092 
144400003687 554718388 460394901 
144500004898 554900140 460475184 
144600025254 555093526 460564394 
144700003889 555279502 460653405 
144800006892 555468906 460745642 
144900006205 555661035 460833618 
145000005691 555843868 460922511 
145100004194 556028565 461007675 
145200007668 556223272 461099693 
145300002569 556416147 461189703 
145400005492 556603503 461274928 
145500004741 556798843 461366681 
145600001990 556990767 461456885 
145700005157 557180555 461536747 
145800005395 557372252 461625567 
145900003732 557559907 461716579 
146000004980 557751192 461805359 
146100005649 557938756 461887585 
146200006084 558125142 461973468 
146300004930 558316280 462059143 
146400002212 558518938 462156303 
146500005790 558724078 462258380 
146600005945 558932915 462366460 
146700007032 559141920 462483302 
146800003702 559354179 462604147 
146900005190 559559566 462723509 
147000004072 559761800 462841426 
147100003523 559968265 462958981 
147200005962 560169216 463070525 
147300005917 560363925 463167664 
147400003960 560559710 463272165 
147500005188 560757421 463376446 
147600008968 560957781 463485259 
147700004265 561156430 463591370 
147800002170 561344128 463691316 
147900005354 561536373 463795485 
148000004658 561722603 463895144 
148100004231 561907811 463989885 
148200009185 562097451 464087308 
148300006758 562283994 464183323 
148400011653 562487370 464281373 
148500003780 562683506 464374835 
148600005447 562885687 464473893 
148700005437 563075393 464565067 
148800004187 563277147 464663539 
148900004670 563472938 464759804 
149000006552 563668589 464860013 
149100004148 563865071 464958349 
149200028169 564064258 465055494 
149300004963 564257138 465142176 
149400004816 564470871 465246061 
149500003564 564662294 465341368 
149600004007 564861204 465435080 
149700003901 565053352 465524496 
149800005569 565250155 465614646 
149900005685 565435786 465695861 
150000003832 565633939 465789234 
150100003044 565828208 465882478 
150200004431 566022029 465971142 
150300003764 566211982 466058331 
150400005193 566407461 466142460 
150500005108 566592384 466227278 
150600004743 566782755 466314118 
150700003752 566979787 466407876 
150800010221 567160558 466488628 
150900005859 567350428 466575881 
151000003554 567540542 466666636 
151100004108 567724511 466755075 
151200003545 567907281 466840354 
151300001889 568087935 466922722 
151400005030 568265082 467002894 
151500002981 568445607 467082529 
151600002149 568623535 467162531 
151700006605 568804531 467251021 
151800005953 568986177 467338497 
151900003844 569167496 467420767 
152000005203 569348745 467502115 
152100003469 569529379 467584699 
152200013181 569714920 467671012 
152300004970 569894048 467753036 
152400003885 570072903 467830549 
152500002170 570258358 467921248 
152600004166 570446682 468009846 
152700003813 570629595 468093981 
152800004198 570819382 468184850 
152900003391 571005455 468272564 
153000005119 571194715 468356934 
153100004529 571373751 468434846 
153200003595 571554249 468517140 
153300003680 571741309 468601690 
153400005305 571938736 468699715 
153500005245 572128379 468790162 
153600010537 572312147 468877081 
153700004302 572494319 468961108 
153800004383 572672914 469042366 
153900005705 572853251 469123267 
154000004321 573040448 469211606 
154100005057 573226670 469297626 
154200004127 573410175 469380026 
154300004463 573591185 469470261 
154400005418 573782623 469570039 
154500004431 573965868 469663863 
154600006132 574152283 469761206 
154700005795 574334037 469854357 
154800010657 574513446 469943867 
154900003635 574690885 470032197 
155000003840 574872699 470121826 
155100004159 575054396 470214162 
155200004226 575236509 470302279 
155300004265 575419168 470380397 
155400003919 575606445 470472985 
155500003982 575798221 470564340 
155600005849 575984708 470653850 
155700004200 576168369 470732713 
155800004285 576355695 470815938 
155900009291 576540368 470897097 
156000002192 576727256 470986484 
156100004440 576912960 471073156 
156200005169 577094624 471149775 
156300004801 577282164 471238051 
156400010033 578678285 472487695 
156500011115 579873592 473524839 
156600013139 580981015 474554479 
156700007863 581555840 475080469 
156800003663 582637421 476072854 
156900014715 583158753 476545289 
157000013089 583331570 476696620 
157100015406 583530517 476867758 
157200026733 584404307 477666692 
157300009939 584753822 477983038 
157400009850 585166075 478345487 
157500005973 585690863 478815932 
157600010755 586002664 479087525 
157700011546 586349143 479406524 
157800007153 586956587 479967722 
157900012164 587470631 480445630 
158000021688 587673535 480616015 
158100020496 587774243 480714142 
158200021990 588358149 481209390 
158300026384 588723968 481399221 
158400033640 588871899 481441810 
158500035954 588973246 481462216 
158600029477 589072108 481481427 
158700029134 589170898 481500558 
158800030241 589271729 481520052 
158900032368 589369584 481538751 
159000027063 589467304 481557436 
159100007486 589675929 481732751 
159200026649 590253910 482159625 
159300017285 590730938 482597589 
159400003882 591193274 483023113 
159500014330 591342341 483157774 
159600014839 591393614 483206774 
159700007989 591990197 483732889 
159800007128 592533791 484229442 
159900026719 593114057 484768217 
160000025410 593921372 485497769 
160100010599 594499447 486018385 
160200001947 595008060 486464196 
160300009696 595445039 486875089 
160400016573 596064515 487414899 
160500019396 596616877 487917791 
160600008030 597125987 488386416 
160700012768 597846927 489068356 
160800005368 598641227 489764039 
160900011210 599581243 490548384 
161000005368 599946271 490880322 
161100018724 600664603 491543887 
161200020130 600695765 491572000 
161300016798 601258143 492069211 
161400017918 601340812 492145368 
161500016163 601464782 492266288 
161600030488 602167886 492870572 
161700027002 602566976 493053963 
161800028014 602854396 493182115 
161900029633 602996802 493217211 
162000027121 603107502 493238417 
162100024836 603213463 493258011 
162200031955 603321119 493277863 
162300031260 603425155 493296263 
162400013312 603670583 493482155 
162500004870 604257317 493951998 
162600005684 604983180 494403085 
162700005078 605695688 494845860 
162800017760 606340239 495390772 
162900011094 606418472 495467103 
163000004531 606884616 495884239 
163100014164 607661304 496550957 
163200003989 608203179 497037611 
163300023450 609280760 498004149 
163400003266 609952108 498595880 
163500013761 610535234 499139441 
163600017783 610899505 499480203 
163700010062 611744262 500217797 
163800012737 611950923 500410992 
163900010651 612066291 500521493 
164000020881 612225645 500674366 
164100034322 612319726 500726393 
164200029105 612478190 500772753 
164300022976 612902145 500832791 
164400012527 613954616 500991831 
164500025241 614801301 501344886 
164600023753 614847340 501387477 
164700018541 615407201 501912124 
164800019916 615597164 502091453 
164900021191 615627492 502120022 
165000004080 615941649 502413721 
165100020779 616002843 502468965 
165200017362 616027830 502492549 
165300007363 616055563 502518297 
165400022537 616119381 502576525 
165500008159 616412627 502847009 
165600011212 617114260 503487046 
165700004956 617809544 504167471 
165800014186 618404068 504724501 
165900019635 618463740 504781223 
166000023981 618483819 504800672 
166100020545 618500963 504817314 
166200020159 618514626 504830518 
166300020508 618530689 504846085 
166400019022 618548964 504863777 
166500004364 618649270 504956171 
166600014199 619661312 505872225 
166700009699 620353748 506521114 
166800030332 620569681 506725900 
166900011604 621493738 507617947 
167000020321 621975924 508069241 
167100016100 622887236 508916933 
167200008181 623559826 509569688 
167300007910 624745188 510648390 
167400008093 625519255 511367717 
167500002591 627005383 512773383 
167600005029 628104396 513805027 
167700000027 629457239 515052652 
167800002464 630742533 516228167 
167900023348 630988422 516453855 
168000018405 631106828 516562395 
168100010897 631687815 517059999 
168200022414 631752846 517120535 
168300022110 631779516 517146222 
168400020379 631799060 517165039 
168500024149 631823665 517188809 
168600020053 631894055 517254827 
168700002846 632541353 517850837 
168800007328 633881180 519083273 
168900011039 634224284 519414527 
169000013896 634493519 519680538 
169100003909 634734456 519917540 
169200008852 635494692 520619120 
169300006924 636324288 521393260 
169400003296 637067873 522109393 
169500022579 637931238 522907921 
169600010314 638050557 523018909 
169700008369 638196468 523155615 
169800018008 638329463 523285585 
169900003199 639349187 524241566 
170000004754 640204045 525054873 
170100020299 641143332 525950164 
170200025914 641215315 526020351 
170300014556 641242056 526046688 
170400014088 641266528 526070704 
170500021886 641292822 526096523 
170600015729 641314031 526117231 
170700014383 641338796 526141417 
170800014215 641366486 526168476 
170900020300 641395736 526194108 
171000018270 641414538 526209971 
171100021494 641912904 526659935 
171200003246 642929564 527609576 
171300000897 644130598 528735286 
171400007313 645027397 529611213 
171500000680 645588923 530148647 
171600004223 646724692 531199043 
171700005739 647817376 532222011 
171800007507 648509489 532897918 
171900008771 649061823 533425605 
172000002760 650585065 534812524 
172100023625 651288872 535494927 
172200018664 651349117 535553938 
172300024268 651415124 535617385 
172400016447 651469521 535668822 
172500016324 651527592 535725844 
172600015167 651830603 536019487 
172700006283 652371970 536554692 
172800008417 653094849 537183081 
172900094694 654014283 537741446 
173000013658 654087884 537812450 
173100013923 654150839 537873993 
173200015597 654227705 537948572 
173300004524 654348101 538065543 
173400018319 654835194 538514561 
173500020213 654862429 538540618 
173600019576 655090548 538763724 
173700022126 655151458 538823528 
173800006097 655601685 539250587 
173900021341 655723709 539366083 
174000018843 655961959 539582886 
174100023195 656029469 539648014 
174200014678 656069197 539686100 
174300010776 656569092 540158582 
174400013914 658062618 541538098 
174500022678 658234919 541674181 
174600024707 658260781 541698918 
174700009939 658445691 541863194 
174800019278 658617725 541994708 
174900023286 658645083 542020991 
175000006820 658853773 542208675 
175100022352 659450509 542756117 
175200022441 659503648 542807633 
175300001862 660200715 543443267 
175400011115 661287681 544457092 
175500013814 661551783 544717412 
175600016385 661815665 544977607 
175700003032 662709574 545783165 
175800009108 663816762 546801974 
175900004221 665018061 547916618 
176000006625 666142820 548969719 
176100007470 666960963 549724478 
176200005725 667972922 550675954 
176300012159 669055189 551687828 
176400011205 669153182 551779627 
176500007062 669770498 552375340 
176600015319 670228551 552795411 
176700004392 670504282 553039406 
176800008140 671542964 553851928 
176900004224 672893853 555082082 
177000003629 674380487 556453165 
177100007839 675860221 557839574 
177200003267 678543979 560362867 
177300004072 680209562 561929086 
177400005390 680376301 562000812 
177500003598 680543292 562076349 
177600005060 680709261 562153605 
177700013716 680872163 562226026 
177800004983 681033750 562300797 
177900004981 681195887 562369288 
178000005576 681363388 562442606 
178100004139 681532795 562516747 
178200002404 681699378 562593182 
178300005265 681859546 562671845 
178400004681 682024587 562750351 
178500008141 682188873 562827292 
178600003295 682357934 562903271 
178700006097 682521062 562984100 
178800004326 682684883 563061192 
178900004822 682851015 563138191 
179000009770 683023553 563216638 
179100011546 683190879 563297467 
179200009650 683361499 563373960 
179300010507 683528784 563448249 
179400004063 683697426 563523072 
179500005199 683865301 563596597 
179600005758 684029779 563671057 
179700006059 684198360 563745526 
179800001311 684374135 563831060 
179900003711 684555132 563919547 
180000006121 684735146 564013025 
180100005080 684914099 564102373 
180200005353 685084800 564203595 
180300004641 685260393 564309334 
180400010945 685428304 564407623 
180500004601 685596006 564502477 
180600019259 685763173 564589624 
180700004321 685934413 564685522 
180800004356 686105028 564779902 
180900003694 686275764 564873768 
181000017811 686447016 564973807 
181100005157 686618582 565064998 
181200004636 686792708 565152517 
181300004751 686973921 565242688 
181400043555 687152139 565328462 
181500004577 687327634 565408341 
181600005241 687503684 565491434 
181700005955 687682336 565580484 
181800004636 687861437 565671964 
181900005429 688041029 565757732 
182000005135 688223997 565843969 
182100005751 688398748 565925172 
182200003944 688577065 566016566 
182300005162 688752701 566107407 
182400010081 688936470 566195942 
182500005930 689113910 566285469 
182600004392 689296556 566375696 
182700005190 689477179 566460592 
182800003676 689655378 566547107 
182900005056 689838357 566633127 
183000005625 690018991 566714290 
183100004553 690195683 566793539 
183200006178 690372659 566876362 
183300005766 690549164 566959031 
183400004239 690724293 567034272 
183500010329 690898978 567113488 
183600009660 691069891 567191529 
183700005016 691244778 567275239 
183800005174 691419236 567358264 
183900004291 691593064 567439389 
184000007997 691766376 567518753 
184100015483 691937188 567597826 
184200016521 692115283 567681484 
184300004510 692284309 567759094 
184400005908 692458539 567840438 
184500010206 692632031 567924993 
184600002063 692806075 568006753 
184700002239 692979678 568089141 
184800015827 693150617 568168465 
184900003945 693326086 568250804 
185000005271 693508936 568340250 
185100005844 693690496 568430915 
185200004748 693863495 568512219 
185300005146 694041379 568604966 
185400004877 694218011 568693270 
185500005272 694397628 568788166 
185600005576 694581636 568883138 
185700005350 694763633 568973091 
185800006154 694943003 569058056 
185900004941 695118433 569145956 
186000003801 695302207 569227706 
186100005836 695477415 569312451 
186200004981 695654970 569401736 
186300007661 695836994 569494146 
186400005022 696012566 569577219 
186500005322 696187725 569663779 
186600010472 696368192 569753286 
186700004036 696543494 569840362 
186800004810 696717403 569923572 
186900004895 696888688 570001992 
187000005866 697064743 570086595 
187100008665 697472470 570405326 
187200005671 698768598 571499509 
187300015022 700291642 572854935 
187400012995 700441339 572991762 
187500002726 701441072 573903937 
187600012166 702218570 574600100 
187700012251 702397717 574755308 
187800013655 702589927 574919619 
187900025606 703538871 575772374 
188000009280 703800181 576017696 
188100010242 704242131 576410887 
188200011051 704732077 576853790 
188300018491 705137789 577216082 
188400009092 705551106 577604857 
188500009189 706027472 578031569 
188600012113 706471395 578464182 
188700004249 707130010 579069413 
188800019486 707240296 579166285 
188900020572 707333085 579256514 
189000021617 707436166 579356989 
189100025667 708229921 579988812 
189200023584 708521550 580150579 
189300026495 708691132 580214866 
189400028976 708832217 580257548 
189500031095 708966103 580295958 
189600026485 709099799 580334706 
189700027167 709231232 580372470 
189800020018 709361981 580410246 
189900029656 709492860 580448554 
190000022517 709621002 580485418 
190100024076 709746818 580521633 
190200028389 709872075 580557337 
190300011527 710097637 580764026 
190400018656 710603388 581205986 
190500001840 711234888 581808263 
190600018325 711554758 582098769 
190700016262 711609062 582150929 
190800012394 711656592 582196609 
190900016191 712361537 582833769 
191000005772 712900144 583251502 
191100012432 713397697 583710729 
191200003945 713707921 583995812 
191300007223 714366791 584614948 
191400023833 715242548 585413706 
191500008921 715894192 586012882 
191600018127 716519767 586566265 
191700010494 716958309 586978704 
191800004661 717502349 587484757 
191900013474 717992988 587915175 
192000010931 718634057 588498672 
192100005134 719123111 588961330 
192200006377 719846153 589642396 
192300011782 720738149 590445762 
192400007955 721911262 591420122 
192500009481 722284646 591779044 
192600007826 722680814 592138194 
192700021582 723433381 592836949 
192800014914 723463312 592864443 
192900025281 724075977 593422253 
193000023339 724196432 593528651 
193100024784 724288117 593617794 
193200027349 724382631 593710215 
193300005059 724791308 594084150 
193400013009 725560503 594717867 
193500025991 725825627 594855136 
193600028647 726005441 594922700 
193700027266 726159341 594968724 
193800022028 726307475 595011703 
193900027174 726454498 595054207 
194000024003 726600003 595096303 
194100028306 726742755 595136853 
194200009656 726905476 595198598 
194300005463 727299835 595569263 
194400006840 727970203 596075022 
194500026983 728691303 596543542 
194600017169 729365261 597138733 
194700015073 729442022 597213799 
194800017765 729522997 597292475 
194900003609 730358307 598043807 
195000018269 731236150 598831435 
195100010840 731716729 599267072 
195200001622 732964247 600414084 
195300004226 733614939 600990098 
195400007959 734180675 601511933 
195500017680 734770601 602074816 
195600004696 735399600 602650192 
195700004395 736209123 603374434 
195800009311 736341364 603499708 
195900011489 736460214 603614036 
196000005011 736578029 603726500 
196100014216 736858090 603884562 
196200035062 737191844 603955197 
196300026723 737605527 604037211 
196400010020 738788286 604211079 
196500013177 740675563 604535192 
196600007652 743216812 605047708 
196700022735 743758551 605410105 
196800022841 743796738 605445605 
196900020362 744483333 606093651 
197000018763 744713221 606312253 
197100024025 744742051 606339797 
197200178996 744773536 606370111 
197300023951 745170584 606745565 
197400023263 745195604 606769305 
197500018780 745218018 606790427 
197600022910 745243134 606814042 
197700021372 745313559 606876928 
197800026969 745358149 606920254 
197900005202 746173908 607677761 
198000008175 746825153 608291812 
198100006273 747684586 609130759 
198200008720 748244999 609659078 
198300026467 748285372 609697626 
198400020347 748303686 609715394 
198500024814 748320833 609732011 
198600025684 748335650 609746358 
198700026116 748352374 609762579 
198800021809 748367219 609776945 
198900025926 748385502 609794645 
199000023709 748402689 609811089 
199100003965 749239994 610578689 
199200006861 750539781 611793652 
199300024411 750721094 611970531 
199400008022 751007224 612241860 
199500004099 752014678 613235225 
199600011504 752511275 613703538 
199700002941 753480893 614618619 
199800010127 754055708 615169930 
199900004285 755362380 616415414 
200000008074 756286138 617237028 
200100002351 757002937 617934565 
200200003133 758704580 619546998 
200300006143 759774051 620559468 
200400008534 761261387 621958177 
200500004163 762692070 623287496 
200600024504 763641845 624169589 
200700025610 763689500 624216007 
200800021835 763954601 624452030 
200900012747 764519456 624952594 
201000017753 764592184 625020456 
201100015613 764618764 625045962 
201200025922 764640614 625067052 
201300020090 764664277 625089809 
201400019844 764689108 625113623 
201500013150 764891142 625306971 
201600033950 765471377 625843600 
201700003682 766938637 627213889 
201800012712 767510275 627756181 
201900007554 767811246 628053215 
202000008146 768085801 628322565 
202100002899 768699175 628882886 
202200015126 769223508 629390079 
202300006943 770154897 630275781 
202400016369 771021765 631117547 
202500012762 772036759 632039690 
202600010361 772126269 632124769 
202700013658 772249086 632239409 
202800009374 772403729 632387790 
202900002900 772672129 632650731 
203000008151 773797125 633710077 
203100004925 774693063 634574656 
203200003072 775700105 635525841 
203300015058 776069471 635891610 
203400011635 776114665 635935586 
203500021997 776135742 635956336 
203600018385 776165850 635985943 
203700024042 776190044 636009651 
203800024810 776209490 636028713 
203900017116 776233227 636051976 
204000011070 776260897 636079078 
204100017752 776275853 636093678 
204200018305 776297203 636114477 
204300022835 776319868 636136544 
204400004892 777294198 637035405 
204500007229 778218428 637911396 
204600000022 779517300 639135472 
204700005069 780310298 639910456 
204800014806 780883919 640474335 
204900006810 781480507 641042793 
205000004526 783012584 642466881 
205100006112 784117694 643521604 
205200008917 784740684 644131877 
205300017460 785340433 644714287 
205400005592 786757416 646020893 
205500005616 787904103 647111564 
205600021201 788151603 647354207 
205700016344 788206884 647408577 
205800023360 788267453 647466704 
205900021509 788329692 647525949 
206000019100 788386355 647581691 
206100008928 788602111 647789931 
206200005201 789158230 648338839 
206300005723 789940554 649050254 
206400012383 791277122 649904799 
206500014452 791552150 650142144 
206600014618 791623354 650211552 
206700014880 791681994 650269562 
206800008910 791754058 650339281 
206900014225 791826251 650408961 
207000005134 791951844 650531124 
207100021245 792512194 651049758 
207200023130 792542144 651078247 
207300007433 792607234 651141577 
207400013392 792869663 651399666 
207500004211 793029009 651555698 
207600019207 793542405 652040525 
207700021836 793593687 652090356 
207800001823 793730857 652221283 
207900010564 793920526 652392542 
208000015058 793956748 652427436 
208100027279 794003157 652472461 
208200005041 795408459 653784123 
208300019140 796443523 654760296 
208400024577 796549679 654862124 
208500016553 796599300 654906405 
208600009820 796770084 655057790 
208700016313 796920500 655200017 
208800019100 796966669 655243307 
208900005145 797078531 655333726 
209000012646 797465036 655704368 
209100026289 797989525 656184043 
209200020872 798039750 656233015 
209300004274 798614746 656769736 
209400006514 800112733 658171531 
209500012870 800391009 658443269 
209600013674 800676891 658726185 
209700005353 801154087 659176123 
209800005644 802336252 660258454 
209900010015 803355340 661218103 
210000005391 804696646 662477900 
210100006466 805947120 663651238 
210200003903 806709989 664396224 
210300013987 807902142 665482188 
210400006446 809028087 666568307 
210500013624 809679010 667171620 
210600018545 809775943 667262263 
210700005642 810454082 667920432 
210800016115 811050743 668476488 
210900021992 811143513 668565890 
211000003997 812126944 669347535 
211100001642 812909388 670038880 
211200003961 814479652 671480787 
211300000819 816102029 673006207 
211400006683 817656751 674464405 
211500004467 820037406 676729683 
211600004595 822745951 679300758 
211700005770 822917430 679382223 
211800004580 823094696 679462615 
211900003937 823263234 679539386 
212000025042 823435154 679615598 
212100005213 823614642 679697325 
212200004813 823791206 679773078 
212300005152 823972537 679854231 
212400004605 824152435 679938858 
212500027814 824333300 680021733 
212600001733 824509913 680101527 
212700003817 824684961 680177435 
212800003613 824865563 680259603 
212900003627 825041629 680341822 
213000005340 825216943 680423680 
213100004788 825392094 680511958 
213200014635 825565641 680594553 
213300006098 825732833 680675772 
213400003005 825907784 680755547 
213500005267 826085414 680840411 
213600005990 826258376 680921353 
213700002178 826436049 681008134 
213800006752 826612847 681090420 
213900012878 826784318 681166455 
214000005212 826959114 681245792 
214100005176 827132862 681327479 
214200004953 827304589 681411282 
214300005254 827478268 681490869 
214400011051 827648096 681569549 
214500032122 827822171 681648216 
214600002463 828004937 681736210 
214700005126 828195620 681828497 
214800003739 828390032 681932205 
214900004280 828587962 682037902 
215000002494 828789183 682150904 
215100015254 828990101 682267659 
215200005432 829187423 682380818 
215300004417 829384477 682494382 
215400004331 829583591 682606748 
215500004894 829779370 682715273 
215600004920 829969478 682815099 
215700020420 830163708 682925129 
215800010707 830363623 683035543 
215900004240 830561263 683147347 
216000005526 830759285 683254792 
216100005026 830946702 683357324 
216200005491 831138541 683464827 
216300030051 831325484 683567742 
216400005302 831506847 683664047 
216500003684 831693213 683767196 
216600005336 831879859 683869706 
216700005309 832079090 683969956 
216800004191 832270092 684066311 
216900004846 832462307 684165859 
217000002421 832647434 684257928 
217100004501 832844770 684357724 
217200002247 833037423 684452858 
217300004130 833233234 684552882 
217400005280 833427628 684655291 
217500003605 833619830 684753465 
217600003995 833803740 684841012 
217700016922 834008950 684943022 
217800003015 834190913 685041085 
217900003702 834378273 685135585 
218000005993 834561795 685228455 
218100004639 834747669 685321515 
218200005641 834930282 685409617 
218300004920 835121453 685502805 
218400004858 835312188 685597595 
218500003804 835499155 685689358 
218600005982 835682429 685776895 
218700003243 835867917 685864049 
218800004676 836047123 685950241 
218900006214 836231682 686037197 
219000010617 836422697 686131755 
219100004353 836603348 686216212 
219200004741 836792641 686302852 
219300004821 836978624 686391880 
219400003428 837161895 686477544 
219500005410 837344277 686562893 
219600005126 837523920 686644127 
219700003365 837699924 686723793 
219800004612 837879363 686801310 
219900004730 838056303 686882877 
220000003998 838233885 686967869 
220100001480 838413029 687055820 
220200005050 838592827 687139477 
220300004436 838770773 687220588 
220400005171 838948321 687307783 
220500004949 839128337 687396202 
220600003308 839307019 687480706 
220700003808 839489133 687566273 
220800005699 839673550 687658027 
220900007059 839857871 687746867 
221000005726 840037752 687828901 
221100004673 840223011 687918494 
221200001657 840406606 688008510 
221300004855 840587744 688089454 
221400004466 840764839 688173674 
221500015020 840943340 688259010 
221600010907 841125015 688345696 
221700004129 841319574 688446909 
221800004176 841505330 688539090 
221900003169 841684258 688628024 
222000008699 841867931 688719475 
222100005523 842047506 688804525 
222200004751 842228814 688891896 
222300004234 842414355 688985028 
222400005928 842601246 689075146 
222500005238 842784857 689164715 
222600004686 842966381 689260637 
222700003977 843160195 689360950 
222800004831 843351008 689453019 
222900005508 843538567 689546584 
223000004892 843724623 689642326 
223100004758 843907633 689730310 
223200005126 844098007 689823873 
223300005174 844284485 689917518 
223400005474 844475307 690012592 
223500004627 844660973 690104553 
223600005830 844843446 690190535 
223700005484 845033172 690286658 
223800005196 845222539 690381084 
223900004700 845413418 690463685 
224000099843 845604751 690555777 
224100005236 845793766 690649253 
224200005573 845981123 690742124 
224300003640 846170203 690832992 
224400004586 846357862 690924782 
224500006319 847734430 692151014 
224600009253 848943486 693204441 
224700013938 850052736 694236867 
224800012945 850620584 694758340 
224900002826 851613845 695669582 
225000017900 852212176 696213788 
225100017953 852380749 696362255 
225200014253 852580410 696532989 
225300017356 853473684 697348566 
225400027779 853823866 697665728 
225500009577 854197836 697996474 
225600007908 854696364 698435938 
225700008784 855066226 698762586 
225800014184 855410364 699079692 
225900005925 856000955 699623279 
226000016833 856523859 700109218 
226100027094 856747550 700299482 
226200020693 856846976 700396661 
226300021259 857396415 700872732 
226400029011 857788464 701081917 
226500016640 857934880 701126751 
226600027066 858038372 701149217 
226700031065 858138248 701169992 
226800031179 858238705 701190452 
226900032874 858338503 701211077 
227000033430 858437669 701230851 
227100030600 858534343 701250805 
227200012271 858739042 701419298 
227300017899 859325792 701855054 
227400017054 859798833 702290418 
227500021352 860259203 702713063 
227600017975 860416878 702855084 
227700016286 860467755 702903943 
227800002576 861065508 703431671 
227900008415 861593984 703915770 
228000024006 862187681 704464768 
228100020435 862993108 705192562 
228200006870 863536574 705687659 
228300027204 864070418 706150729 
228400011311 864507249 706563103 
228500006715 865122861 707097285 
228600002940 865648877 707578809 
228700007582 866175968 708064149 
228800002679 866836425 708693330 
228900019523 867698435 709450925 
229000008003 868633389 710227959 
229100006293 868999376 710566393 
229200015277 869730046 711239017 
229300019392 869765705 711271333 
229400010769 870323740 711763000 
229500012818 870401930 711834760 
229600018471 870528649 711955432 
229700007558 871221288 712559782 
229800024299 871638740 712752702 
229900028711 871927776 712884628 
230000029220 872071083 712924094 
230100029915 872183042 712948719 
230200027786 872289773 712971377 
230300030809 872397083 712994117 
230400033536 872501026 713015677 
230500012403 872731075 713186174 
230600005668 873294434 713648120 
230700005152 874018766 714106074 
230800005042 874728105 714552051 
230900010841 875401846 715111071 
231000013603 875479492 715186865 
231100001441 875911914 715571739 
231200015506 876719613 716263832 
231300008341 877250821 716743767 
231400024811 878333732 717716584 
231500005569 878980106 718286125 
231600017477 879584621 718851091 
231700013555 879947443 719194092 
231800005580 880796338 719937878 
231900011524 881150622 720227988 
232000009866 881264316 720336834 
232100025273 881432840 720499759 
232200035110 881522266 720551730 
232300022176 881686721 720610319 
232400022505 882016674 720684966 
232500012543 882625982 720786703 
232600024086 883220124 720986175 
232700017411 883356595 721114398 
232800018866 883911703 721633254 
232900020292 884101445 721812982 
233000019883 884128997 721838886 
233100016408 884364006 722058857 
233200021715 884499985 722183211 
233300015869 884521597 722203477 
233400021108 884546630 722226555 
233500021437 884611260 722285294 
233600005476 884814515 722473232 
233700021288 885585044 723182295 
233800034127 886269679 723853589 
233900016153 886905403 724450271 
234000022143 886979211 724520638 
234100023319 886999439 724540233 
234200024646 887019674 724559900 
234300020548 887032872 724572601 
234400021602 887049289 724588526 
234500027358 887069478 724608060 
234600021330 887086907 724624703 
234700009252 888131836 725568688 
234800009369 888883638 726272904 
234900009875 889099211 726477432 
235000010376 889984270 727327053 
235100008833 890523005 727834945 
235200018028 891453865 728700591 
235300003680 892067917 729297772 
235400006760 893306979 730433192 
235500005164 894051847 731113409 
235600002762 895382434 732366838 
235700001337 896564887 733484007 
235800005552 897959481 734775902 
235900002555 899247430 735961051 
236000021809 899647783 736323073 
236100010976 899698108 736371475 
236200015243 900335549 736914011 
236300020822 900418300 736991642 
236400021898 900445841 737018080 
236500021659 900466791 737038240 
236600017024 900490762 737061257 
236700017726 900557665 737124043 
236800002699 901067905 737591724 
236900003366 902507242 738917234 
237000007738 902896760 739292159 
237100033237 903179056 739570548 
237200008850 903419399 739807782 
237300006395 904175290 740506385 
237400007383 904981192 741251038 
237500019465 905790454 742026253 
237600014910 906668776 742841797 
237700009633 906785852 742951889 
237800012326 906934733 743090366 
237900018872 907072568 743224519 
238000017723 908067681 744158609 
238100004588 908871815 744928498 
238200018892 909938712 745939471 
238300017696 910017006 746015678 
238400021592 910044404 746042570 
238500016770 910067293 746065041 
238600026263 910095938 746093137 
238700019274 910115939 746112530 
238800023653 910139083 746135163 
238900021404 910169025 746164239 
239000024093 910194901 746187370 
239100020919 910215367 746204644 
239200003988 910617351 746570700 
239300006704 911665194 747535961 
239400009159 912869293 748664775 
239500008072 913691855 749465738 
239600017058 914296325 750046802 
239700001538 915285336 750958013 
239800005596 916515957 752105098 
239900015907 917254393 752826140 
240000003828 917818644 753373643 
240100002503 919216321 754645135 
240200008935 920110784 755498005 
240300013331 920177897 755562978 
240400015808 920241981 755625294 
240500015736 920300564 755680906 
240600023170 920359672 755738912 
240700010771 920617963 755988622 
240800008140 921157948 756523521 
240900007282 921851335 757133609 
241000012443 922911795 757821435 
241100014983 922988974 757895682 
241200012496 923053645 757958880 
241300013926 923130125 758033023 
241400017035 923238903 758138757 
241500020219 923749220 758611154 
241600019108 923776232 758636975 
241700018687 924004204 758858703 
241800017773 924065404 758918903 
241900012422 924476086 759314789 
242000026751 924653398 759476906 
242100004320 924752296 759571278 
242200020490 924965048 759764099 
242300013041 924996674 759794126 
242400006558 925413553 760186935 
242500014427 926985724 761641999 
242600016057 927180323 761799568 
242700018884 927205805 761823966 
242800013194 927371314 761969855 
242900020218 927567708 762123913 
243000020392 927597701 762152469 
243100008896 927786940 762320976 
243200009581 928296446 762791842 
243300025065 928459650 762940367 
243400004598 928973448 763412955 
243500016011 930257012 764601979 
243600014054 930505062 764846005 
243700014106 930770808 765107973 
243800005224 931527263 765789978 
243900007069 932730844 766891032 
244000005942 933920554 767999063 
244100009759 935086198 769088911 
244200025804 935833218 769780227 
244300009460 936888389 770763683 
244400014644 938073736 771870793 
244500014447 938173355 771963748 
244600006077 938681349 772452417 
244700017367 939245883 772975480 
244800012998 939455046 773160891 
244900006710 940516566 773987426 
245000004741 941816466 775162101 
245100007469 943246321 776480662 
245200002782 944787156 777917333 
245300001658 947148471 780143318 
245400004806 949245360 782107419 
245500005603 949408298 782177154 
245600001702 949568275 782248029 
245700003758 949726531 782321038 
245800006058 949884432 782389901 
245900004842 950046497 782458017 
246000004835 950211766 782529151 
246100005060 950378877 782601497 
246200005875 950541642 782675249 
246300003453 950701973 782746988 
246400004704 950870066 782819501 
246500013340 951039952 782893760 
246600005641 951211314 782966044 
246700001364 951380945 783042755 
246800001458 951548475 783115888 
246900003391 951720694 783191368 
247000005864 951897219 783270518 
247100005636 952067182 783347090 
247200004051 952239505 783424127 
247300004978 952408464 783499883 
247400002975 952581876 783578098 
247500005784 952752420 783651491 
247600003901 952920609 783727914 
247700005689 953093712 783801849 
247800004092 953268605 783884872 
247900003955 953450649 783975554 
248000005233 953633047 784071699 
248100005842 953813839 784158838 
248200005546 953997716 784262829 
248300014545 954177622 784365861 
248400004440 954352250 784466182 
248500030489 954530521 784565786 
248600004298 954703397 784654173 
248700004508 954878418 784749128 
248800003740 955051373 784842775 
248900001384 955226718 784936202 
249000007222 955405932 785032019 
249100012937 955585356 785124503 
249200004876 955762847 785213218 
249300000680 955944803 785306359 
249400004466 956125251 785398219 
249500007831 956302755 785482319 
249600005423 956484944 785572529 
249700005368 956662014 785656858 
249800006451 956843747 785742174 
249900004099 957024362 785823435 
250000010133 957203987 785904716 
250100004808 957379159 785991682 
250200004834 957556377 786078170 
250300003123 957735333 786164307 
250400003795 957916602 786251647 
250500005938 958096303 786338273 
250600005306 958283295 786422875 
250700004724 958461668 786509433 
250800005458 958642738 786594897 
250900005204 958822590 786675089 
251000004734 958993738 786752833 
251100002984 959168127 786830654 
251200004022 959344145 786907456 
251300005565 959523932 786984594 
251400006175 959697387 787061277 
251500005945 959873666 787136961 
251600004612 960048564 787213941 
251700003820 960225348 787291712 
251800004968 960401595 787371114 
251900004997 960578491 787447111 
252000005297 960757479 787527212 
252100004162 960930280 787602993 
252200006113 961110071 787681940 
252300003844 961286593 787757319 
252400004510 961463699 787838941 
252500002246 961641313 787916175 
252600005194 961821120 788001393 
252700004423 961997976 788081489 
252800003516 962173554 788163496 
252900005273 962357065 788251702 
253000004977 962541765 788342602 
253100005148 962720461 788430889 
253200005422 962900695 788519100 
253300004329 963076894 788607153 
253400004476 963258260 788700752 
253500005161 963438276 788793955 
253600004566 963627774 788888918 
253700004474 963806466 788975029 
253800004977 963980651 789060514 
253900011828 964158082 789145133 
254000013422 964340505 789227932 
254100004990 964518035 789317135 
254200011163 964702093 789409379 
254300010423 964881521 789495144 
254400004870 965058604 789581956 
254500007265 965239123 789666479 
254600005650 965417825 789752948 
254700005548 965598600 789839473 
254800006135 965775021 789922019 
254900004222 965951630 790010943 
255000004200 966895784 790762045 
255100000953 967870764 791618394 
255200016464 969177102 792790853 
255300000698 969477744 793064534 
255400025253 970932225 794383474 
255500139259 971108304 794543537 
255600012094 971287058 794700440 
255700017309 971492373 794883410 
255722712865 972115970 795445681 
