100528333 178798
200716033 246177
300664571 313454
400665711 381887
500146479 3935776
600140274 11242948
700117587 18699060
800119631 26424303
900115818 34371239
1000117433 42235977
1100112411 50227339
1200103833 58293238
1300125804 65894587
1400100910 73466051
1500127117 81035966
1600072934 88526356
1700112902 96016528
1800100452 103618486
1900136246 111329449
2000114584 118986346
2100048378 126700398
2200129729 134173716
2300063653 141732485
2400052930 149192243
2500128743 156695392
2600130389 164281807
2700057416 171982171
2800118400 179715240
2900133687 187664971
3000122865 195586742
3100118973 203715076
3200119432 211544457
3300076056 219117233
3400129938 226936171
3500068548 234426158
3600142639 241768272
3700108031 248906008
3800127152 256372193
3900135712 264052046
4000149819 271782907
4100143325 279852802
4200080254 287863336
4300122187 296185487
4400126754 304623302
4500083944 313226692
4600142469 322629623
4700282958 329298745
4800189692 332656318
4900188305 341166964
5000162167 355984660
5100172283 373314343
5200168029 390020054
5300138667 406258208
5400186802 422436046
5500185531 438884825
5600185368 455121337
5700171639 471156380
5800166070 486947512
5900170089 502666379
6000219020 518291306
6100209133 534277366
6200154732 550136067
6300150153 565895410
6400172597 581368012
6500204166 596895174
6600182781 612295804
6700185595 627671901
6800245670 634204008
6900237803 639841592
7000226582 646247360
7100243556 652430974
7200243227 658439069
7300246769 664520582
7400526643 670934536
7500455435 673726390
7600274022 676277165
7700488925 678969571
7800514427 682085624
7900387676 684767710
8000528253 687422874
8100276715 690901934
8200252805 693978829
8300201865 697214306
8400258982 700708441
8500575156 703536439
8600406558 706744092
8700491988 709164190
8800567555 711358980
8900641551 713525728
9000605563 715605339
9100626733 717696137
9200519226 720474174
9301096367 722886694
9400486785 725059507
9500331624 727528844
9600653262 729711466
9700361934 733491424
9800273402 736468050
9900533225 740219856
10000521103 743005094
10100282747 745736415
10200497944 748400802
10300649267 752325496
10400510017 755759861
10500303818 759746402
10600518261 763418032
10700544477 767762695
10800299199 771198589
10900393002 775576805
11000297459 779828718
11100291880 785478439
11200502418 789601071
11300291737 794198958
11400532146 799600275
11500373050 804588727
11600297840 809839519
11700297054 815519766
11800304170 820773532
11900303990 826010531
12000304591 831309285
12100314593 837192742
12200312195 842897705
12300259636 848471079
12400294441 854639339
12500514115 860162564
12600304185 865762467
12700254955 872190563
12800511106 877911041
12900314540 883165469
13000309305 888398314
13100270190 894009754
13200338055 898957285
13300614195 903277313
13400306652 907991335
13500299388 914157568
13600560669 918164629
13700328133 923004389
13800313882 929296238
13900589691 934672495
14000331848 940270549
14100318783 946178975
14200325037 951619122
14300294312 957343875
14400312307 963042796
14500343657 969060348
14600286577 974109455
14700341018 979973407
14800345155 985700835
14900537780 992098170
15000608035 997732324
15100306982 1003745272
15200385177 1009384665
15300345564 1015085485
15400384780 1021100495
15500338574 1026788164
15600306308 1033264431
15700346591 1039360317
15800315257 1044842206
15900348766 1051186030
16000350652 1057099101
16100299711 1063004459
16200444395 1068989664
16300661168 1074479356
16400348181 1080033253
16500357411 1086292046
16600363359 1092597934
16700309380 1098864713
16800363227 1104549824
16900390247 1110950817
17000307105 1116498381
17100757339 1123053367
17200381107 1128911905
17300368413 1134810895
17400335839 1140748194
17500373567 1147859152
17600606845 1153993007
17700619419 1159278312
17800379554 1165149962
17900356185 1171480394
18000323748 1176409030
18100380127 1183063070
18200353248 1189843782
18300381948 1196555254
18400383577 1202893157
18500359919 1209376303
18600389780 1215346044
18700615356 1221159381
18800314228 1227633398
18900398220 1233986673
19000397807 1240455283
19100558766 1247144885
19200706850 1253786162
19300408899 1260195044
19400385479 1267466933
19500408105 1273631715
19600379886 1280590761
19700627251 1286530646
19800723957 1293479158
19900373022 1299747656
20000578009 1306934089
20100409643 1313158804
20200543644 1319697931
20300413293 1326371416
20400434561 1332363965
20500367390 1339602823
20600549754 1346931291
20700419595 1353701940
20800424116 1359896646
20900557492 1366435132
21000408494 1373134924
21100417952 1380428188
21200434941 1387778991
21300435806 1395190841
21400429222 1402792025
21500359555 1409348416
21600548117 1416342926
21700663173 1423510001
21800438249 1431172173
21900428817 1437883099
22000430071 1444972132
22100586571 1452602405
22200452232 1459864457
22300401174 1467386996
22400437977 1476158227
22500443834 1485193301
22600450200 1492265576
22700452789 1498867601
22800469933 1506716527
22900726326 1515493399
23000401448 1524512258
23100379210 1534804085
23200452515 1543212077
23300417572 1552892556
23400438812 1561888602
23500415801 1570594520
23600420050 1579393181
23700701166 1589935935
23800435032 1599904606
23900394980 1610952307
24000468708 1622753764
24100415768 1632758532
24200656763 1642420800
24300413270 1654150148
24400428766 1666442775
24500623812 1679357083
24600741203 1688988882
24700469540 1700566331
24800724439 1713276421
24900411338 1727825676
25000409982 1740066112
25100409527 1750775944
25200415244 1764252776
25300420966 1777643967
25400458241 1791311957
25500490442 1802360272
25600488343 1814347928
25700723654 1828747906
25800488106 1843990773
25900489728 1855383138
26000807277 1868542596
26100422726 1885704073
26200504395 1900496686
26300546042 1913671079
26400505691 1927601466
26500664553 1944199749
26600430252 1957981144
26700519291 1972075504
26800571995 1990014080
26900688663 2004559347
27000809875 2016261849
27100514409 2033600890
27200473893 2047137376
27300519559 2060832661
27400512521 2076857681
27500440609 2089877662
27600768697 2102703242
27700443791 2115526682
27800445454 2133406102
27900490629 2146505398
28000485380 2159892996
28100530360 2172060123
28200527131 2183615505
28300453071 2197373789
28400807075 2207738021
28500468494 2219233051
28600769012 2232886392
28700840500 2245400508
28800546131 2257802841
28900508922 2270389264
29000543830 2283771785
29100527653 2296245597
29200549180 2312168073
29300624354 2324678937
29400513200 2336858434
29500481008 2351508846
29600555495 2361721044
29700794441 2372249311
29800476570 2385535055
29900520967 2397589664
30000487708 2411436121
30100561806 2425969571
30200594025 2437422919
30300483558 2454585417
30400487388 2465200262
30500858701 2476909197
30600522558 2492965544
30700584691 2504744796
30800497910 2515579397
30900884960 2529612891
31000562816 2542628012
31100538242 2558329972
31200495633 2567545737
31300502781 2580027922
31400772331 2595755426
31500782137 2606258096
31600947121 2614990305
31700512019 2624581016
31800581530 2633979960
31900666074 2640914011
32000594419 2647987268
32100508445 2655022318
32200597639 2661306738
32300578635 2667397732
32400552019 2673226902
32500562466 2679980080
32600876274 2686568777
32700926795 2692142584
32800753561 2698947683
32900586720 2704242661
33000692058 2711313528
33100763820 2716821715
33200663459 2722551887
33300621037 2728394526
33400876671 2734219271
33500786317 2740795086
33600569110 2746336675
33700600990 2751945681
33800537365 2757887916
33900589852 2765664373
34000613056 2772317210
34100551305 2781428885
34200585150 2793216411
34300543066 2806682198
34400801117 2819792748
34500567494 2832709004
34600614131 2846856909
34700562228 2860669261
34800638625 2873535823
34900612045 2886020190
35000593601 2896945327
35100603753 2909268956
35200601960 2921922652
35300637636 2930392767
35400637393 2934337406
35500566526 2940591395
35600588385 2947372202
35700546089 2953689836
35800633521 2959921734
35900674616 2966751005
36000632357 2974069923
36100636644 2981677692
36200624870 2989620830
36300638836 2997150204
36400647002 3004708244
36500639826 3012103241
36600641350 3019542719
36700639931 3027056271
36800646043 3034619537
36900651826 3042267309
37000658017 3049553977
37100677890 3056574894
37200662122 3063701555
37300570874 3070931793
37400616202 3078221738
37500652585 3085855532
37600664185 3093304472
37700577285 3100857212
37800613174 3108456118
37900669238 3115990352
38000580316 3123505744
38100671963 3130896818
38200584279 3138308278
38300584198 3145893286
38400662920 3153460516
38500672470 3161178854
38600590562 3168818280
38700699167 3176478833
38800671948 3183895321
38900616654 3191460906
39000597012 3198730202
39100596683 3205763324
39200684070 3212999338
39300700751 3220260410
39400683804 3227715879
39500679399 3235120641
39600694388 3242666489
39700607499 3250201910
39800606982 3257802735
39900695046 3265054224
40000610683 3272652206
40100669791 3279871800
40200614131 3287453117
40300698004 3294773908
40400617291 3302110766
40500710134 3309516940
40600707112 3316842569
40700701572 3324095033
40800713987 3331415741
40900718856 3338552056
41000627156 3345913200
41100653056 3353235995
41200628061 3360793527
41300630104 3367818647
41400631394 3375353615
41500728409 3382843685
41600723948 3390173573
41700732918 3397535230
41800728017 3404713164
41900738110 3412154519
42000737657 3419354747
42100739568 3426809119
42200730706 3434488855
42300725349 3441734780
42400647993 3449145655
42500739734 3456593383
42600823932 3463883610
42700737429 3471529479
42800652210 3478889197
42900653615 3486070084
43000741620 3493533561
43100753527 3500941796
43200752931 3508466728
43300659797 3515684678
43400767014 3523033399
43500749384 3530594294
43600761123 3538172486
43700741960 3545578335
43800762956 3552877870
43900783328 3560555073
44000755073 3567726333
44100766633 3575194143
44200672868 3582558315
44300676951 3589889737
44400677492 3597079606
44500734456 3604492445
44600678161 3611668708
44700762195 3618996899
44800681464 3626788220
44900683367 3634565618
45000802373 3642329237
45100785053 3649452966
45200765472 3656726827
45300775385 3664633203
45400782779 3672199130
45500778114 3680090816
45600792230 3687274266
45700788487 3694518658
45800697721 3701768487
45900781327 3709158747
46000787346 3716539044
46100793458 3724149384
46200805650 3731650188
46300801777 3739134810
46400732837 3746643522
46500706057 3754155629
46600708497 3761949473
46700794297 3769584228
46800712215 3777000943
46900714820 3784285217
47000820602 3791702765
47100792633 3799446862
47200787899 3807456512
47300816041 3815025324
47400722511 3822601455
47500809463 3830359581
47600809484 3837975731
47700821369 3845474839
47800816876 3853057914
47900816299 3860265878
48000730329 3867769291
48100730532 3875376749
48200820738 3883157231
48300807081 3891296564
48400748827 3898902467
48500736874 3906419225
48600739036 3914350815
48700824211 3922008878
48800751425 3929492312
48900842114 3937481222
49000924013 3944736888
49100747394 3952396349
49200747907 3959780235
49300848837 3967406614
49400819675 3975099770
49500820891 3982739188
49600845540 3990436787
49700745024 3997986689
49800757273 4005968475
49900756937 4013990912
50000846687 4021671146
50100857528 4029024325
50200763683 4036516905
50300854319 4044068745
50400855906 4051727314
50500870239 4059404268
50600827601 4066901547
50700770177 4074748757
50800770268 4082494810
50900852328 4090331321
51000775335 4098089166
51100875967 4105621993
51200857944 4113008535
51300792386 4120720589
51400781168 4128623653
51500873976 4136443104
51600783961 4144224532
51700880196 4151860568
51800860140 4159594939
51900787789 4167366646
52000884237 4175495033
52100790741 4183178310
52200877974 4190931364
52300890223 4198471274
52400888083 4206188557
52500882059 4213860527
52600883732 4221736205
52700899333 4229532177
52800837331 4237065196
52900899120 4244608143
53000804401 4252249783
53100830295 4260016267
53200806576 4267609174
53300837153 4275150939
53400893304 4282974831
53500903084 4290501648
53600811403 4298339893
53700815311 4306279265
53800898114 4314318750
53900903892 4322180014
54000852946 4329876279
54100912026 4337653682
54200878380 4345506547
54300907817 4353665132
54400818527 4361399523
54500918584 4369126280
54600924395 4377059799
54700829702 4384625163
54800912792 4392358133
54900925113 4400222719
55000916650 4407879851
55100928347 4415931175
55200827215 4424269864
55300960927 4432746045
55400939364 4440598770
55500929497 4448235736
55600934788 4455654731
55700936107 4463298944
55800933962 4471133771
55900924734 4479011611
56000932863 4486813568
56100936720 4494159946
56200851554 4502026248
56300941352 4510190033
56400945777 4518267203
56500946588 4526214608
56600950729 4533975967
56700932442 4542195586
56800958883 4550049941
56900944106 4558100579
57000950028 4566000381
57100957082 4574237136
57200858375 4581955436
57300955397 4589870079
57400870839 4597902935
57500963902 4605919558
57600965233 4613790390
57700872866 4621127471
57800972482 4628768539
57900980564 4636720521
58000968851 4644929192
58100942275 4653094560
58200963121 4661048835
58300979149 4669225050
58400978940 4677312065
58500975192 4685758093
58600890222 4693176050
58700889547 4701329924
58800891742 4709146821
58900892994 4717335236
59000984891 4725243203
59100991466 4733038512
59200896656 4740963162
59300983970 4748912955
59400991371 4756980027
59500990017 4764904737
59600983921 4773001719
59700998394 4781032187
59800897922 4788953886
59900996783 4797105156
60000909365 4805253685
60101010692 4813581923
60200992572 4821367812
60300984930 4829378649
60400922557 4837252474
60500930583 4845268018
60601017142 4853144304
60701005428 4861357774
60801009502 4869625782
60901008986 4877510136
61001006805 4885520644
61100928240 4893708215
61201008722 4901895615
61300927174 4909857503
61400960389 4918039156
61501017184 4926129345
61600923836 4934372231
61700934323 4942625038
61801038363 4950621411
61901030287 4958578893
62001036402 4966453850
62100939331 4974382737
62200939652 4982335857
62301040832 4990503002
62401032234 4998389338
62500946400 5006279838
62600937911 5014023210
62701043955 5022179333
62801049679 5030515300
62901031519 5038509226
63001071038 5046819675
63100956428 5055027921
63201045710 5063298506
63301057613 5071403208
63401050765 5079947257
63501059427 5088150410
63600962922 5095836323
63701100329 5103790875
63800966319 5111793494
63900967388 5119824619
64001066536 5127495610
64101065948 5134945010
64200962001 5143325311
64301076187 5151382145
64400975443 5159950187
64500973279 5168187636
64600976951 5176569602
64701030734 5184946915
64800980448 5193199480
64901060524 5201076457
65001069810 5209147799
65101084313 5217053399
65201072999 5224953159
65301073135 5233224835
65400988959 5241647981
65501148831 5249585317
65601001128 5257464869
65701115053 5265333117
65801075909 5273527884
65900996401 5282107260
66001093270 5290308130
66100998106 5298980862
66201064705 5307338050
66301079209 5315561313
66401002792 5323871883
66501098479 5332124059
66600996869 5340030206
66701097724 5348326647
66801102954 5357059636
66901011841 5365330868
67001103755 5373691395
67101016098 5381625642
67201159035 5390087826
67301093964 5398536457
67401009473 5406690733
67501106521 5415278536
67601043511 5423785086
67701113390 5432615150
67801025195 5440758057
67901125943 5449048303
68001129120 5457373377
68101085322 5466009043
68201115806 5474536574
68301031246 5482762141
68401122271 5491206128
68501115204 5499302564
68601034079 5507596906
68701068576 5516122523
68801108130 5524670942
68901055437 5532642257
69001134228 5540512021
69101109779 5548511268
69201046493 5556525587
69301127724 5564873579
69401046847 5573404640
69501139495 5581585410
69601112239 5589878991
69701128283 5598122038
69801127286 5606889898
69901126095 5615230097
70001148160 5624133159
70101059003 5632249721
70201087932 5640432669
70301063828 5648259085
70401138271 5656431793
70501141208 5665079511
70601134433 5673882841
70701143563 5682359987
70801165187 5690993594
70901139642 5699853586
71001145392 5708362656
71101164256 5716909116
71201073933 5725163772
71301150972 5733532954
71401157995 5741420036
71501167389 5749085577
71601163767 5757355052
71701177106 5765958131
71801149964 5774429805
71901155205 5782880686
72001184849 5791784208
72101184694 5799950419
72201166829 5808270279
72301163412 5817103313
72401172820 5826204017
72501180887 5834580028
72601149918 5843347344
72701180113 5852153173
72801161485 5860960766
72901199372 5869540766
73001195784 5878222457
73101103566 5886758420
73201192804 5894930354
73301173137 5903663605
73401207240 5912412557
73501110023 5920918193
73601181372 5929964835
73701180173 5938932148
73801114694 5947737845
73901185494 5956604741
74001198007 5965456220
74101207781 5974267156
74201196657 5982652552
74301200368 5991097702
74401123850 5999637401
74501123539 6008271248
74601200568 6017160655
74701193948 6026257030
74801198849 6034767046
74901205714 6043729148
75001188076 6051826687
75101210307 6060457557
75201135926 6068736225
75301208379 6077087205
75401207139 6085965004
75501217359 6094937682
75601233008 6103440373
75701206512 6112365112
75801243041 6121315923
75901145360 6129897634
76001235621 6138747752
76101248645 6147194112
76201226279 6155639175
76301150921 6164406433
76401244302 6172855127
76501250946 6181436065
76601222713 6190480453
76701229223 6199568397
76801239842 6208652602
76901233438 6217322268
77001237712 6225817834
77101234332 6234622121
77201166271 6242439704
77301242074 6251370954
77401267756 6259917663
77501259621 6268784695
77601171074 6277630396
77701260201 6286343020
77801242310 6295211725
77901260673 6303939460
78001260908 6312319200
78101239657 6321241560
78201249611 6330010294
78301181121 6338470007
78401249089 6347168133
78501183381 6355978344
78601253845 6364629182
78701187570 6373602471
78801258882 6382671037
78901190112 6391554250
79001190227 6400097544
79101269877 6408853547
79201283359 6418002643
79301264897 6426524566
79401266114 6435514062
79501267639 6444688226
79601267701 6452313155
79701281406 6461130361
79801282641 6470006733
79901287374 6479023417
80001306003 6487996871
80101269530 6496379690
80201275681 6505278136
80301275069 6514402304
80401282308 6523548348
80501283455 6532461042
80601282730 6541117263
80701310574 6549810664
80801284160 6558563022
80901299155 6567690698
81001218946 6576796432
81101290165 6585685353
81201280277 6594880851
81301290213 6604040770
81401294408 6612651859
81501289679 6621549545
81601297207 6630390390
81701298053 6639544423
81801308307 6648679100
81901300533 6657851798
82001328393 6666652334
82101306541 6675460432
82201305925 6684655433
82301308632 6693933009
82401307911 6702901463
82501300800 6711643167
82601315867 6720255278
82701293487 6728752809
82801317488 6737336553
82901318710 6746445805
83001318872 6755665204
83101320547 6764928237
83201320475 6773985138
83301296662 6783127160
83401323192 6792206229
83501330242 6801173490
83601325399 6810160208
83701327909 6819393770
83801327642 6828292114
83901331196 6837542723
84001329992 6846615363
84101279054 6855429123
84201334025 6864547533
84301336556 6873669008
84401337032 6882902980
84501335382 6892188077
84601380300 6900074839
84701353489 6908485026
84801366566 6917121738
84901351088 6925221234
85001349900 6933982156
85101355582 6943114807
85201351205 6952323610
85301355460 6961364044
85401352942 6970366648
85501352656 6979323034
85601355058 6988583206
85701351438 6997850647
85801358370 7007130182
85901370177 7016224831
86001294671 7025369688
86101368124 7034527190
86201366203 7043772093
86301366779 7052956357
86401367152 7062193129
86501370847 7071285336
86601372398 7080476174
86701307025 7089668763
86801376540 7098606385
86901376611 7107792346
87001379235 7116801914
87101380491 7125995881
87201378768 7135183170
87301383953 7144445988
87401379179 7153665079
87501387629 7162743608
87601387028 7171855036
87701389762 7181075257
87801388005 7190292971
87901390594 7199462760
88001393566 7208688621
88101393162 7217877884
88201396126 7227044883
88301396803 7236266050
88401403632 7245444068
88501400278 7254672191
88601399239 7263843641
88701402197 7272977481
88801404622 7282165794
88901407980 7291334451
89001409238 7300540991
89101410610 7309710001
89201409246 7318862554
89301413326 7328046495
89401419442 7337214056
89501415063 7346411494
89601463657 7355598721
89701414006 7364730366
89801417461 7373927156
89901422012 7383127507
90001421886 7392328105
90101423906 7401521387
90201426249 7410672066
90301426102 7419865025
90401431388 7429074500
90501431427 7438268409
90601431969 7447464189
90701434881 7456622196
90801434094 7465809314
90901436558 7475018833
91001438118 7484197886
91101438232 7493411001
91201440365 7502570950
91301445942 7511748758
91401443449 7520959652
91501446534 7530132051
91601445128 7539350546
91701448586 7548518315
91801449077 7557683509
91901452636 7566896046
92001453752 7576063631
92101455000 7585286818
92201457091 7594458419
92301455963 7603620277
92401459865 7612834148
92501461053 7622006255
92601464233 7631230976
92701463799 7640407987
92801466051 7649575642
92901465707 7658774932
93001467348 7667958442
93101470273 7677174974
93201470797 7686358155
93301471145 7695525307
93401474036 7704720838
93501474956 7713905601
93601481557 7723112461
93701481669 7732313280
93801476374 7741466729
93901479922 7750658033
94001552008 7759863953
94101483982 7769057584
94201485749 7778253966
94301490234 7787403764
94401489072 7796599297
94501491080 7805803007
94601487930 7815001793
94701495065 7824200411
94801495745 7833355168
94901497073 7842541629
95001497820 7851751908
95101497472 7860936256
95201562577 7869427189
95301543621 7878094171
95401528120 7887411424
95501536524 7897000634
95601539235 7906597275
95701518644 7920696140
95801500868 7935357482
95901501012 7955359506
96001545203 7968336897
96101533386 7979191508
96201533773 7990581948
96301535109 8002144150
96401595044 8005963138
96501624468 8009994961
96601576552 8018913675
96701503509 8032953481
96801493278 8055377683
96901596205 8074584753
97001556891 8092432806
97101572150 8109718543
97201493742 8126153156
97301627958 8142842621
97401553217 8158888517
97501486129 8174817019
97601558231 8190410529
97701531481 8206350846
97801574769 8222268544
97901653029 8238628721
98001631614 8255205092
98101520723 8272571015
98201501606 8290971822
98301541431 8309325245
98401547740 8327737910
98501524124 8345872564
98601622048 8363610472
98701540367 8380511959
98801636721 8396966636
98901651378 8409697510
99001844526 8413990409
99101686387 8416918650
99201593316 8420904840
99301641373 8425261857
99401941264 8428751985
99501786188 8431484918
99602147939 8434694619
99701584573 8438313452
99801952929 8442248602
99901872525 8445788570
100001622169 8448993777
100101638212 8452233308
100201932342 8455919060
100301631486 8459715047
100401665050 8463324306
100501646871 8466665301
100601934671 8470229281
100701647381 8473183426
100801891151 8476482504
100901597739 8479847949
101001737164 8483140320
101101775774 8486768056
101201647626 8490270771
101301771003 8493511023
101401958744 8496603612
101501993456 8499904226
101601666180 8502843890
101701935022 8506554734
101801945684 8509871372
101901829150 8513723908
102001764975 8517427940
102101976973 8521288119
102201945264 8524547178
102301683235 8528284883
102401989111 8531849701
102501777323 8535414102
102601896284 8538820659
102701902114 8541841440
102801678366 8545331561
102901681379 8548810438
103001814531 8552649696
103101878518 8556379889
103201721610 8558920988
103302005738 8562217899
103401972627 8565059699
103501665769 8567599248
103601748995 8570464385
103701780593 8572839287
103801976095 8575585559
103901961145 8578388151
104002037243 8581192727
104101695957 8583780932
104201847642 8586740423
104302088996 8589624588
104401703782 8592647890
104501699724 8596710436
104601834836 8600128460
104701980376 8603251821
104801762107 8605892697
104901999201 8608805014
105001908359 8611415051
105101989708 8614248527
105201904423 8617222147
105301943662 8619988892
105401978442 8623046589
105501848307 8625947580
105601970195 8629003089
105701775575 8632075628
105801907358 8635183945
105901776888 8638896161
106001824088 8642471863
106101806692 8647148235
106201614236 8651072971
106301795634 8654190427
106402035862 8657287624
106501890123 8660726618
106601881663 8663954740
106701790438 8667307149
106801750988 8670954941
106901835964 8674350423
107002040595 8677625099
107101848091 8680679734
107201957384 8684075901
107301889393 8688274279
107401733345 8693761625
107501761770 8699310744
107601813898 8703734345
107701678397 8707834491
107801973163 8712070183
107902046744 8716135932
108001668037 8721455966
108101824914 8726618267
108201646956 8731712579
108301744643 8737640943
108401671289 8745961633
108501762417 8755475895
108601745019 8763760353
108701735708 8775407293
108801726611 8787608366
108901813563 8800353525
109001670300 8811858821
109101719602 8826334937
109201714966 8839779849
109301679885 8853695101
109402019230 8867890677
109501815752 8881520445
109601689245 8894541863
109701981852 8908907865
109801690434 8922426703
109901681440 8935096750
110001779060 8948381791
110101818206 8962337458
110201690626 8975671783
110301684236 8989381410
110402103359 9002915183
110501752695 9014365396
110601697005 9026062657
110701871931 9037925066
110802118601 9048781281
110901981376 9059082054
111001729925 9070510196
111101921063 9080261832
111202017759 9089776429
111301683171 9099731534
111401750989 9108570505
111502115791 9117610512
111601704533 9125638773
111701817497 9134216803
111802087974 9144107496
111901712837 9154195259
112001873666 9163473292
112101874544 9171383038
112201848736 9180860834
112302114809 9190210029
112402136080 9199328407
112501726904 9207914623
112601728268 9216584297
112701911425 9224933261
112801995569 9231558740
112902163256 9237394654
113002145775 9244942756
113102179639 9251151319
113202195676 9257549021
113301750758 9264343001
113402185512 9270502833
113501937716 9277201669
113602099431 9283835317
113702151600 9290397825
113802143991 9297443430
113902041890 9305201745
114002208464 9311655012
114101900856 9317792942
114202073625 9325336407
114301745811 9333065999
114402181261 9340911274
114502049780 9347891277
114601796567 9355132707
114702207349 9364127868
114802195879 9371416383
114902059814 9377994672
115001742889 9385710110
115101939169 9394170277
115201741988 9400953727
115302111654 9407645708
115402089887 9413884589
115502100766 9421918585
115602001888 9428688183
115702182791 9435584086
115802076566 9441695528
115902213127 9448051867
116001825217 9455816152
116101770145 9461782347
116201891201 9469201906
116302179631 9477702394
116402260662 9486307957
116502216560 9494217577
116602146460 9500993721
116701765412 9508513929
116801803494 9516950063
116902232318 9524674177
117002206126 9530456140
117102184603 9538262507
117202144179 9547098642
117301800609 9554339457
117401792553 9560835583
117501775078 9568713530
117602167802 9574636500
117702009627 9581585020
117802122807 9588924729
117902155339 9596952326
118002113664 9604392913
118101784355 9610177356
118201788710 9617683063
118301806970 9623344608
118401942988 9631067144
118501916160 9637425980
118602169423 9644286911
118702034712 9649541206
118802240296 9653451853
118902140390 9658258135
119002251907 9662756637
119102030051 9666787807
119202227082 9670852190
119302145685 9675161094
119402123531 9678754609
119502300573 9682169425
119602228074 9685819196
119702132888 9689765587
119802206900 9693862337
119902071858 9697083710
120002237975 9700847092
120101961606 9704616167
120202213474 9708832597
120302225366 9712065502
120401944853 9716390962
120502018167 9721900914
120601865033 9727743327
120702064049 9731792725
120801845468 9735564099
120902066040 9739576322
121002164743 9743667900
121102141841 9748052905
121202177439 9751423394
121302107704 9755651385
121401885495 9772322645
121501884932 9786396628
121601893648 9801430675
121701939929 9816269370
121801830801 9822023338
121901884809 9827908671
122001904224 9834104451
122101923165 9840264668
122201923536 9846871973
122301905983 9853219933
122401931631 9859306432
122501924508 9865695130
122601931158 9872106990
122701833199 9878721496
122801935200 9885154893
122901845334 9891316953
123002018464 9897511626
123101945887 9903758672
123201937865 9909932812
123301946325 9915939162
123401942636 9921867963
123501938617 9928697703
123601939922 9935416649
123701944731 9942130496
123801860790 9948932691
123901938150 9955797698
124001968389 9962557183
124101863380 9969175173
124201943770 9975863054
124301957551 9982208448
124401938567 9989034684
124501948903 9996179309
124602013271 10003363701
124701966271 10010191250
124801940649 10016899526
124901967441 10023285786
125001970230 10029727968
125101878182 10036537014
125201965070 10042668567
125301964312 10049296304
125401883682 10055933714
125501972825 10062551322
125601953644 10069479866
125701887569 10076546371
125801979146 10084037009
125901964311 10091518373
126001977422 10098907670
126102032291 10105768305
126201894543 10112994371
126302025574 10120341244
126401979997 10127738705
126501988797 10134185936
126601987537 10141477603
126701999606 10148598387
126801907072 10155461256
126901999826 10161552391
127001961765 10168615838
127101908105 10175331312
127202002012 10182213888
127302002946 10188657894
127402001931 10195262308
127501999305 10201974221
127601997769 10209070631
127702025369 10216363648
127802006468 10223479300
127902019385 10230392906
128001950873 10237475160
128101982370 10244585986
128201926619 10251398568
128302011952 10259042674
128402013559 10265964731
128502019109 10273277442
128602039640 10280673436
128702028458 10287684482
128802035535 10294278870
128901935375 10300993028
129001937773 10308130402
129101939947 10315176202
129202012479 10322266155
129301949689 10329240757
129401946092 10336670963
129502037717 10344175722
129601948075 10351339092
129701947498 10358911351
129802036617 10366488763
129901952489 10374044729
130001956603 10381416325
130102023809 10388519328
130202050469 10395860230
130302057014 10403498941
130402038064 10410730027
130501963895 10417838469
130602045791 10425486487
130702052605 10432279081
130802040974 10439164217
130902030440 10446097634
131002042640 10452902849
131102055160 10460328932
131202047728 10467936562
131301973028 10475190381
131401973360 10482643461
131502059307 10489700546
131602064818 10497149444
131702079098 10504247009
131802071452 10511717376
131902050921 10518757165
132002076144 10525824132
132102031902 10532852080
132202075286 10540540535
132301986938 10547313463
132402073757 10553938895
132502026098 10561488253
132602095993 10568608950
132702085076 10575445826
132802085770 10582585358
132902068166 10589476320
133002080032 10597259796
133102081230 10605023627
133202077955 10612374580
133302090344 10619891954
133402106752 10626901858
133502078751 10634592631
133602092619 10642054115
133702108432 10649371583
133802094337 10656808373
133902083705 10664572972
134002106659 10672307445
134102101482 10679703401
134202017506 10686397382
134302112646 10693927409
134402018284 10701555957
134502048199 10708926107
134602108779 10715822286
134702114488 10723605742
134802075504 10730874453
134902027126 10738553570
135002027867 10746106854
135102105801 10753401045
135202112770 10760872755
135302186337 10768105953
135402120293 10775883081
135502127252 10783541966
135602119772 10791262522
135702119314 10799061598
135802042649 10807142239
135902042333 10814699137
136002043046 10822539510
136102035749 10829908101
136202140362 10837034710
136302120114 10844964088
136402128522 10852526701
136502147471 10859431077
136602123937 10866904343
136702146516 10874757215
136802118916 10882668323
136902146677 10890666854
137002156206 10898588149
137102061430 10906238296
137202059911 10913894974
137302071110 10921690508
137402069248 10929680209
137502147922 10937179134
137602102496 10944191846
137702164830 10951633012
137802147420 10959184533
137902156649 10966612142
138002072906 10974488453
138102156726 10981823877
138202077118 10989364936
138302078275 10997287512
138402160503 11005207072
138502149857 11013203058
138602226588 11021272630
138702155573 11029167935
138802175181 11036966563
138902175062 11044828298
139002134129 11053068321
139102111500 11061387910
139202109879 11069922171
139302172982 11078243886
139402190922 11085812317
139502181660 11093300112
139602102795 11101380870
139702102286 11108866456
139802175124 11116320260
139902104734 11124045286
140002199168 11131262741
140102107899 11139128959
140202192555 11147216704
140302160436 11155060616
140402192249 11163112042
140502195788 11171075136
140602183277 11179264916
140702104635 11187557998
140802184281 11195521792
140902215246 11203348059
141002120065 11210216622
141102121395 11217457871
141202148526 11225709226
141302215322 11232931098
141402203105 11240081739
141502128494 11248097898
141602212961 11256285069
141702131815 11264193176
141802131017 11271929071
141902224755 11279908157
142002188720 11287827197
142102225040 11295939175
142202223489 11303963312
142302274748 11311820318
142402132800 11319832537
142502227964 11327883408
142602141954 11336145983
142702246103 11343973187
142802146373 11352003436
142902241449 11359352358
143002243891 11366742088
143102229922 11374309463
143202225528 11382675716
143302175602 11390903507
143402145722 11398988015
143502248791 11407265021
143602228051 11415747397
143702162561 11424087195
143802252524 11432745172
143902246937 11441130272
144002248693 11449541592
144102166002 11457907756
144202168411 11466413126
144302245414 11474725816
144402249419 11482444677
144502182004 11490461293
144602250050 11498777678
144702250775 11507065437
144802251758 11515481012
144902180020 11523907087
145002273793 11532078422
145102269210 11540219267
145202172755 11548371936
145302275277 11556539735
145402184871 11565019969
145502266717 11573586755
145602268387 11582131943
145702269625 11590716423
145802277473 11599271551
145902183722 11607044957
146002196181 11615426575
146102280965 11624160476
146202250338 11632695474
146302267873 11640422042
146402201621 11648586871
146502202988 11656759642
146602294053 11664977558
146702206370 11673083428
146802286930 11681559117
146902286008 11690406382
147002212288 11699371567
147102288169 11708535757
147202308694 11717772342
147302213653 11725635938
147402216670 11734001197
147502208231 11742743715
147602291010 11751840123
147702327161 11760301030
147802224117 11768197079
147902289086 11776842677
148002402006 11785594237
148102320983 11794349098
148202296936 11803153132
148302325812 11811519825
148402313252 11820105462
148502233321 11828912028
148602319890 11838215388
148702262299 11846262982
148802238686 11854710972
148902238662 11864042693
149002336338 11872187265
149102240242 11880554597
149202316139 11889179181
149302246677 11898063153
149402245997 11906820171
149502255485 11915776133
149602303208 11924273024
149702310472 11933733853
149802308398 11942792161
149902261509 11951856207
150002316114 11960009409
150102316661 11968829821
150202334000 11978116691
150302332769 11987088498
150402313897 11995408612
150502347618 12003175159
150602348184 12011735030
150702338660 12020908838
150802329331 12030625389
150902340886 12039876099
151002339619 12049130950
151102329501 12058438963
151202323357 12068146050
151302275536 12077885360
151402351340 12086589164
151502404937 12095212110
151602356613 12103255246
151702339417 12112167110
151802340548 12121581847
151902348227 12131195031
152002339607 12140708998
152102357737 12150556180
152202349719 12160497030
152302357051 12170582827
152402291393 12179689373
152502385575 12188396327
152602388485 12197223960
152702379969 12206346841
152802370494 12215599534
152902352753 12225503012
153002360186 12235386396
153102357033 12245436666
153202364034 12255945746
153302369064 12265178911
153402383660 12273985365
153502384757 12282536837
153602379614 12291177177
153702380510 12300427741
153802386299 12309159337
153902379855 12318253525
154002306379 12328277444
154102386831 12337458652
154202317202 12346583805
154302375041 12354803410
154402319447 12363826593
154502416208 12373027728
154602421619 12382462722
154702391841 12392041589
154802387968 12401116179
154902384009 12410553965
155002391636 12419630685
155102392439 12428685604
155202437643 12437850419
155302417966 12447160912
155402399170 12456755325
155502396560 12466529775
155602340491 12476349954
155702428827 12486310155
155802395401 12496022884
155902343355 12505009793
156002346486 12514548862
156102406702 12524067775
156202453033 12533147810
156302418039 12542605918
156402413897 12552404782
156502409357 12562224824
156602411933 12572841613
156702445865 12582850181
156802414260 12591390236
156902435757 12599589139
157002361331 12607914202
157102364165 12616506887
157202363135 12625608708
157302429541 12635619617
157402420682 12645378403
157502439532 12654570864
157602427256 12663996305
157702429196 12674563623
157802424253 12684871867
157902448042 12694447891
158002487097 12703029025
158102446561 12711866920
158202452350 12721223700
158302439585 12730171082
158402463458 12739093896
158502464667 12747518056
158602454225 12756787808
158702388969 12765092283
158802460951 12773981366
158902452361 12782930730
159002492745 12792019741
159102451255 12801487735
159202471868 12810696779
159302394133 12820782323
159402498362 12830224324
159502449176 12839400666
159602498352 12849855130
159702483481 12857630034
159802405612 12866403718
159902460863 12875208840
160002461687 12885218052
160102487524 12895246913
160202462241 12905075655
160302498470 12914366654
160402471624 12923670190
160502474441 12932938668
160602511870 12941966708
160702471833 12951270369
160802419088 12960995014
160902480056 12970055889
161002486392 12979991791
161102491914 12989761613
161202480420 12999176658
161302426801 13009094195
161402506780 13018544173
161502489976 13028770021
161602430285 13038381218
161702525450 13048960284
161802432646 13059618707
161902489084 13070216948
162002518580 13078464765
162102514587 13086979459
162202437550 13096289813
162302512686 13105695980
162402536841 13114883463
162502496436 13125215318
162602513428 13135097893
162702506896 13144645268
162802507519 13154431449
162902497669 13163378111
163002511645 13172476959
163102507476 13182185440
163202518179 13191159768
163302516552 13201138889
163402506608 13211295714
163502546212 13221313682
163602461926 13230044107
163702529968 13238937083
163802549013 13248308626
163902538970 13257677994
164002565567 13266300124
164102533905 13276333847
164202528616 13286993197
164302472314 13296910661
164402540573 13306851754
164502535011 13316874255
164602540869 13326676660
164702524928 13337049519
164802536152 13346849538
164902538718 13357170131
165002535857 13367858381
165102537067 13378228824
165202485113 13388434106
165302552159 13398126589
165402546480 13407161654
165502490823 13415903267
165602544704 13425089297
165702570666 13435015385
165802587903 13443984137
165902555286 13453072194
166002581826 13462891227
166102568331 13472106114
166202608033 13482395609
166302562131 13492416804
166402579848 13501844256
166502574708 13510689600
166602541989 13519607801
166702508779 13527975523
166802512232 13537149323
166902567201 13546599346
167002565472 13557223640
167102582902 13567559963
167202594440 13577388831
167302591486 13585651021
167402518261 13595387235
167502573216 13605113217
167602598965 13613373855
167702522334 13621897381
167802587430 13631064493
167902589977 13640259077
168002525734 13650032563
168102612959 13658781281
168202586147 13668818819
168302581800 13677802305
168402532673 13687441452
168502580977 13697539027
168602593669 13706892841
168702585028 13716727162
168802540050 13726624528
168902605573 13735609329
169002603960 13745774737
169102615603 13754878087
169202593059 13764060880
169302651161 13773240067
169402606865 13781648999
169502625166 13791406255
169602615798 13800262704
169702619835 13810211163
169802555615 13819517767
169902610768 13829771842
170002557483 13838927894
170102614904 13849078090
170202618169 13859527186
170302621515 13870119655
170402616777 13880766171
170502644357 13891151814
170602622795 13901195749
170702625278 13911575694
170802626513 13921915905
170902633560 13932459753
171002626049 13942817344
171102630094 13953388988
171202633253 13962844259
171302566993 13973236733
171402635168 13983532560
171502636159 13994073270
171602678566 14003597006
171702619362 14013726857
171802638406 14024552764
171902641409 14035246401
172002644621 14045917645
172102643755 14056537286
172202644043 14067258418
172302646993 14077926845
172402673443 14088374378
172502593784 14096975754
172602705720 14106028601
172702647723 14116285581
172802657217 14126655957
172902657827 14137241165
173002673476 14147742859
173102660532 14158445805
173202658970 14168774167
173302606713 14178878858
173402674955 14188771493
173502677749 14199160131
173602666605 14209949878
173702676680 14220198113
173802717113 14229893305
173902616310 14239656405
174002678354 14248470821
174102673607 14258059047
174202708662 14267534240
174302678296 14277904038
174402680890 14288611599
174502684018 14299332157
174602806338 14310137311
174702686386 14320956134
174802685898 14331893944
174902707402 14342630043
175002689142 14352401839
175102686931 14363165731
175202692784 14373937859
175302692149 14384741025
175402692394 14395308238
175502697405 14406026194
175602696717 14416772887
175702705533 14427477854
175802700364 14437426784
175902701228 14448208595
176002704420 14459206785
176102704746 14469980332
176202701919 14480922988
176302705703 14491960915
176402710594 14502948245
176502712446 14513904588
176602756537 14524773352
176702716043 14535759514
176802715658 14546784335
176902717231 14557807856
177002718694 14568759676
177102719048 14579651529
177202721829 14590652413
177302723266 14601680437
177402723343 14612696381
177502724825 14623645332
177602725111 14634584690
177702728099 14645583485
177802730598 14656618634
177902732441 14667641496
178002734924 14678522968
178102736052 14689475726
178202734768 14700473608
178302738693 14711517754
178402738576 14722526375
178502742721 14733405965
178602743066 14744373023
178702743570 14755360010
178802742862 14766405533
178902744285 14777420083
179002754167 14788286588
179102748208 14799264617
179202752190 14810257374
179302753521 14821288892
179402773560 14832311720
179502754119 14843168642
179602756462 14854156411
179702757755 14865158782
179802761771 14876181714
179902760277 14887197292
180002763565 14898063468
180102766658 14909041932
180202777539 14920058676
180302765225 14931073264
180402770513 14942088994
180502772470 14952959333
180602773230 14963932871
180702773310 14974956435
180802779198 14985977096
180902777431 14996965555
181002811093 15007835450
181102780053 15018816884
181202783584 15029856182
181302784372 15040881999
181402784394 15051851353
181502785088 15062728329
181602786929 15073730747
181702790084 15084757195
181802790227 15095786057
181902793590 15106719921
182002791717 15117638367
182102796310 15128633392
182202797281 15139661531
182302798049 15150680751
182402800407 15161576291
182502802820 15172529058
182602804787 15183523669
182702804722 15194565169
182802808728 15205581451
182902807262 15216463271
183002807367 15227425137
183102809926 15238424860
183202810222 15249472631
183302813837 15260482774
183402849722 15271359343
183502817517 15282332454
183602817913 15293322398
183702820871 15304360377
183802854059 15315384949
183902822368 15326240151
184002823179 15337229946
184102825905 15348229481
184202822491 15359257111
184302826815 15370273844
184402827532 15381138335
184502832792 15392121300
184602831483 15403131992
184702835375 15414151520
184802887751 15423973792
184902886486 15434569517
185002897967 15445580921
185102891605 15457087028
185202868336 15468962110
185302871504 15483249082
185402850275 15499217030
185502850613 15519219737
185602875087 15531646323
185702885756 15544602118
185802885593 15558048282
185902924691 15570660692
186002895967 15573532494
186102863046 15593240900
186202828302 15622273889
186302873069 15647150361
186402831640 15670194721
186502825665 15691738943
186602871219 15712778158
186702831751 15733443686
186802831226 15754102030
186902918785 15773966632
187002905409 15793623177
187102923731 15813552370
187202928050 15833215176
187302925370 15852408398
187402910569 15871410766
187502930224 15890445208
187602920168 15909091716
187702854248 15926685602
187802894066 15944194771
187902965116 15962698175
188002878999 15982287935
188102849636 16001148855
188202960100 16020912184
188302946684 16040538869
188402946341 16045398814
188502965166 16049277366
188603213207 16052957953
188702993424 16057055319
188803261645 16061486484
188903020454 16065910820
189003129504 16070261067
189103281410 16075711842
189202948083 16081347748
189303007527 16087393191
189402943555 16093374320
189502961066 16100550642
189603028783 16106645253
189703325391 16112407235
189803254223 16118629922
189903127389 16125286943
190002871190 16133017592
190102994443 16141371668
190203039464 16148184956
190303001397 16155206050
190403166457 16163047713
190503172999 16170880543
190603017795 16178399925
190703006314 16187479381
190803005101 16198584457
190903316807 16211091896
191003179214 16223747765
191103066258 16238512949
191203077907 16247895877
191303308784 16256824186
191403172156 16265735142
191502919345 16274517148
191603156419 16282000493
191703085541 16287791439
191802990777 16293655055
191903093451 16300725602
192003019836 16307616391
192103046751 16314289169
192203242209 16320962410
192303363833 16326277583
192403179269 16332507290
192503252479 16338341955
192602934295 16346101130
192703315449 16357965707
192803323617 16366626707
192903057741 16373450271
193003056965 16380603825
193103339107 16389499932
193203125114 16404369985
193303091027 16417909224
193403369288 16427144725
193503159644 16437267746
193602932450 16448955782
193703114388 16461664557
193803304938 16476035099
193903307461 16488715963
194002994344 16500160384
194103096404 16512422256
194203258985 16524168262
194303217815 16535696062
194403236253 16544999498
194503357515 16555282049
194602967262 16567015678
194703371415 16578729664
194803414567 16588321237
194903086055 16598353280
195003142285 16606262587
195102955252 16615079668
195203240187 16621971576
195303283023 16630559556
195403368140 16637872661
195503348974 16645200951
195603395585 16652404469
195703230123 16659930911
195803289087 16667293037
195903298730 16675589097
196003325866 16683764168
196103267773 16693068784
196202964183 16701541894
196303421987 16708523584
196403283234 16716394959
196502987884 16725959319
196603103017 16733852408
196703163735 16740912041
196803350260 16748279183
196903419039 16755828523
197003407576 16763591478
197102978697 16771917563
197203405700 16779533137
197303450829 16789220155
197403469690 16795548249
197503315547 16804167768
197603365325 16811044755
197703458223 16817123762
197803356820 16824182102
197903350396 16831012321
198003375770 16837111634
198103000218 16843580530
198203223447 16850737322
198303204003 16858548327
198403161977 16866339168
198503391394 16875675277
198603394289 16882972512
198703422233 16893395656
198803349049 16903714335
198903455705 16910250583
199003463835 16921301959
199103009619 16930365125
199203416947 16937185902
199303415781 16947805582
199403348197 16955143893
199503468983 16962007346
199603015880 16968601581
199703046000 16975998284
199803411091 16983375404
199903413343 16989953357
200003253916 16996581346
200103538151 17004259797
200203023991 17011679823
200303455524 17018113781
200403027997 17027139948
200503498890 17035943222
200603505944 17042683975
200703495022 17053100787
200803481135 17062704831
200903156601 17073654405
201003040694 17089613951
201103402092 17107318165
201203185844 17118329775
201303337147 17130164194
201403414343 17143733129
201503526770 17157082575
201603416354 17169055328
201703450760 17181088448
201803108080 17198775786
201903105434 17213272665
202003108856 17226859736
202103128631 17241166922
202203135011 17247118952
202303045714 17253685078
202403131891 17260608994
202503131522 17267513821
202603201558 17274139066
202703050310 17281309337
202803131566 17288132399
202903150622 17295379638
203003058898 17301893147
203103144638 17309255286
203203049882 17316499588
203303151451 17323560728
203403136164 17330726536
203503151274 17337926416
203603151749 17344719312
203703072830 17351304730
203803149144 17358518019
203903161701 17365067714
204003138864 17372148091
204103074724 17379230560
204203165057 17386238402
204303077082 17393163901
204403169082 17400396074
204503172632 17407910364
204603171423 17415174447
204703080235 17422458449
204803086145 17429418543
204903086520 17436595213
205003174495 17443503223
205103089806 17450778802
205203188176 17458207035
205303090291 17465357175
205403185834 17472490370
205503183109 17479803833
205603187756 17487073030
205703195655 17494447579
205803185476 17501625308
205903200528 17508955228
206003185195 17516228327
206103102440 17523241730
206203194515 17530582119
206303192972 17537778128
206403111763 17545286557
206503205836 17552294672
206603122651 17559387796
206703196698 17566866990
206803114638 17574040514
206903113447 17581388769
207003187421 17588805320
207103213773 17596146971
207203127411 17603260777
207303196549 17610462410
207403196553 17617585969
207503210016 17624906517
207603221982 17632084857
207703230052 17639320885
207803128263 17646792098
207903129740 17654019269
208003233478 17661448554
208103132726 17668835327
208203168778 17676370267
208303210326 17684045832
208403139839 17691509030
208503234201 17698906090
208603239464 17706391424
208703224486 17713868726
208803237719 17721636490
208903200588 17728962585
209003235028 17736545417
209103247266 17743973219
209203151492 17751631924
209303236129 17759491913
209403152573 17767006977
209503248943 17774387327
209603249442 17781885885
209703256552 17789334114
209803148718 17796672586
209903193827 17804783531
210003162733 17812354434
210103257426 17820126936
210203258747 17827802630
210303263630 17835596216
210403273438 17843255519
210503244126 17850777967
210603176153 17858146935
210703262653 17865863202
210803173738 17873222365
210903262376 17880842866
211003264905 17888313950
211103178558 17895238367
211203273863 17902804475
211303270133 17910102599
211403267409 17917618220
211503184951 17925074518
211603280744 17932508007
211703289696 17940059983
211803283575 17947571762
211903289270 17955247633
212003293035 17962973066
212103288114 17970617973
212203195896 17978149412
212303282101 17986047475
212403307671 17993731387
212503297708 18001535868
212603255569 18009772366
212703280641 18017690265
212803293591 18025416818
212903306049 18032699247
213003308869 18040364843
213103296213 18048016129
213203209466 18055959264
213303211720 18063510772
213403307899 18071536563
213503312557 18079528501
213603307464 18087343075
213703323766 18095230227
213803221996 18102981307
213903220581 18110661060
214003224169 18118829064
214103319452 18126855231
214203317352 18134722706
214303219219 18142653309
214403228956 18150695805
214503229543 18158813818
214603230131 18166958128
214703230748 18174857840
214803337426 18182738743
214903235112 18190567699
215003327560 18198737187
215103315255 18206737249
215203344626 18214355567
215303242621 18222124387
215403244279 18229865930
215503245935 18237929121
215603326820 18245950819
215703326352 18254032356
215803250306 18261713528
215903353712 18269653991
216003355348 18277625496
216103253402 18285554213
216203341860 18293761994
216303260330 18301920026
216403339706 18310147845
216503326361 18318287794
216603261022 18326167257
216703330164 18334269997
216803365821 18342203330
216903267474 18350318591
217003360557 18358266744
217103342735 18366799655
217203272220 18375154677
217303351592 18383109847
217403344557 18391744615
217503336834 18400064161
217603336867 18408273831
217703372173 18416396203
217803277069 18424038832
217903283639 18432104162
218003282104 18440150827
218103285565 18448267130
218203286195 18456439745
218303381445 18464400366
218403371417 18472771246
218503384480 18481045282
218603471888 18489136573
218703294870 18497558625
218803379792 18505953677
218903288788 18513782021
219003386529 18521761374
219103372013 18530035238
219203303781 18538145994
219303304928 18546693374
219403397691 18554176296
219503371370 18562771784
219603401014 18571188121
219703374394 18579518462
219803395167 18587753151
219903310331 18595991660
220003317042 18604200711
220103420288 18612427918
220203390733 18620695263
220303318985 18628915577
220403320097 18637288847
220503412073 18645902863
220603388038 18654042173
220703393580 18662795315
220803407166 18670967165
220903400113 18678920172
221003410795 18687305606
221103330594 18695577804
221203397239 18703831354
221303410809 18712450082
221403424744 18720985550
221503417985 18729308966
221603406011 18737523945
221703444694 18745691216
221803407626 18753301758
221903412833 18761842550
222003408560 18770521729
222103416076 18778972982
222203424769 18787850287
222303423885 18796386002
222403420737 18804600868
222503431304 18812995673
222603429870 18821265995
222703353536 18829638749
222803358162 18838003394
222903423271 18846542819
223003453049 18855237701
223103360054 18864013194
223203390166 18872795806
223303367564 18881026645
223403430756 18889428426
223503433236 18897916392
223603369715 18906300527
223703431025 18915276249
223803371112 18924253908
223903461800 18932907013
224003487410 18940992710
224103383612 18949361626
224203442873 18958377663
224303497593 18967264777
224403439839 18976163473
224503448525 18984850449
224603448943 18993409252
224703386652 19001707868
224803481044 19010305996
224903458071 19018929197
225003459370 19027930783
225103456233 19036731687
225203472112 19045758643
225303461212 19054457298
225403474686 19062787759
225503462449 19071261599
225603462476 19080179337
225703465577 19089237013
225803459711 19098268319
225903469206 19106836906
226003472001 19115560269
226103472971 19124311266
226203488553 19133342702
226303475503 19142386727
226403474311 19151369745
226503476969 19159948372
226603480810 19168794566
226703481028 19177658214
226803480736 19186687391
226903486228 19195743213
227003492006 19204503537
227103420633 19212999087
227203492012 19222002255
227303488349 19230909229
227403493010 19239821257
227503491391 19248860794
227603491614 19257419139
227703500532 19265835875
227803495830 19274908634
227903431373 19283874226
228003499939 19292645490
228103501218 19301675095
228203509430 19310466099
228303527137 19319492927
228403505015 19328366630
228503505579 19337369794
228603506851 19346430902
228703511496 19355423322
228803509283 19364168377
228903508704 19373233636
229003516815 19382201541
229103515609 19391303093
229203516539 19400324512
229303517191 19409070152
229403519517 19417906762
229503529184 19426766394
229603518980 19435579674
229703524814 19444601001
229803528773 19453629091
229903526664 19462677202
230003530075 19471511873
230103531830 19480554168
230203533826 19489601547
230303537331 19498438731
230403533708 19507499406
230503538885 19516528701
230603538091 19525389660
230703554176 19534384456
230803542661 19543394289
230903540537 19552419192
231003547296 19561427509
231103546429 19570435541
231203548552 19579463069
231303551102 19588483602
231403550628 19597505302
231503547583 19606529684
231603554517 19615525777
231703554078 19624603544
231803557511 19633630469
231903558115 19642650869
232003561269 19651692122
232103562039 19660679279
232203558748 19669751992
232303560885 19678779598
232403566546 19687731160
232503570543 19696671133
232603570046 19705559758
232703567726 19714573180
232803572918 19723573529
232903576313 19732582443
233003575589 19741630253
233103579548 19750595407
233203578034 19759678671
233303579031 19768688400
233403580689 19777708879
233503582078 19786760390
233603584771 19795740984
233703584748 19804798663
233803586279 19813810273
233903589167 19822835342
234003576742 19831884721
234103593659 19840878449
234203669620 19849942666
234303649454 19859085832
234403659730 19869566878
234503683688 19880560276
234603695120 19890310247
234703655183 19900774977
234803619101 19914303003
234903619560 19928589357
235003598413 19947952205
235103635982 19963653698
235203656822 19976467873
235303684546 19988477630
235403663644 20000616917
235503716194 20006375866
235603691465 20011181658
235703604314 20024796423
235803629570 20050073433
235903589277 20073997613
236003581419 20098352202
236103582635 20120894384
236203619024 20142906703
236303594349 20164601486
236403663515 20187694557
236503687479 20211420201
236603601747 20235108730
236703650407 20258349900
236803670951 20281097010
236903587179 20303471799
237003605293 20325413250
237103617462 20346389115
237203614688 20367393075
237303733889 20387254311
237403630554 20406750861
237503601170 20425207303
237603717418 20444113746
237703678012 20461617531
237803729653 20478469256
237903723275 20494483786
238003744848 20508511548
238103862810 20519870419
238203948901 20522920291
238303886600 20525559288
238403947058 20527941657
238503970807 20530382216
238603783446 20532929619
238703937437 20535536141
238803734489 20538556621
238904023509 20540693171
239004002762 20542535693
239103865545 20544663931
239204065150 20546568600
239303814392 20549364688
239404027076 20552808988
239504005695 20555642728
239603705056 20558521217
239704036910 20562025763
239803593546 20565974860
239903822456 20570071630
240003756071 20574186398
240103909698 20578266665
240203773925 20582292409
240303878368 20586166919
240403780641 20589899829
240503867499 20593848807
240603793096 20597958711
240703779558 20602377625
240803923155 20606389214
240903850687 20610302074
241004054100 20614580177
241103764889 20617751890
241203878557 20621463706
241303789009 20626573819
241403859532 20631904577
241503996487 20636941271
241603976556 20640831153
241703821765 20645826294
241803768031 20652289645
241903862268 20660451144
242004044533 20668735534
242103691221 20681434167
242203687497 20698889493
242303767169 20719983338
242403699734 20743546914
242503848615 20759526311
242603993161 20772138624
242703669831 20785574316
242803693556 20800594946
242903887257 20812260317
243003678008 20822270760
243104009808 20830417241
243203698453 20843220148
243303715641 20856109865
243403678207 20870044726
243503689406 20880971858
243603692995 20891886966
243703686587 20902557426
243803689194 20915147801
243903842948 20931319254
244003698075 20946221280
244103914572 20959922579
244204007950 20972816414
244303697678 20983277586
244403698874 20994000404
244503801585 21005920177
244604020707 21015886604
244703865526 21024850306
244803973627 21035632286
244903876728 21045785286
245003828807 21054569855
245103949484 21063443218
245203892238 21072471434
245303836228 21082154255
245403707212 21091181096
245504105911 21097835718
245603980907 21105593097
245703721285 21114053316
245804154750 21121698192
245903944089 21127881067
246003716664 21134620832
246104100744 21142632571
246204037217 21153643190
246304126036 21161952737
246404132680 21171211667
246503725919 21180011953
246604018805 21188274756
246704039804 21194847367
246804241185 21202294833
246903782590 21210238673
247004007715 21217166299
247104041487 21223699937
247203938662 21231186959
247304175343 21239098863
247404087499 21246290328
247504177191 21252242580
247603746808 21259631205
247704048007 21267698405
247804203600 21273762360
247904028364 21279747594
248004077332 21286765072
248104058889 21294766639
248204058836 21301072200
248304040490 21307067590
248403890615 21313350503
248503763398 21319796071
248604081109 21327231139
248704193916 21333324399
248804221659 21338709845
248903768243 21343863613
249004188623 21350814918
249104086548 21358810096
249204004719 21365559335
249304076956 21371398030
249404060232 21378534139
249504210189 21388021509
249603770920 21394977267
249703782492 21400485726
249804026658 21406772983
249904145790 21416607525
250004216318 21423227263
250104194466 21428156739
250204130812 21433645307
250304309380 21441584407
250403818363 21448897514
250504205930 21454535013
250604027846 21459111656
250704161633 21466732652
250803963344 21474131641
250904112077 21480204197
251004266015 21485514275
251104145586 21493728677
251204203744 21501253686
251304129166 21507797930
251404146216 21512720632
251503799374 21519705696
251604133316 21527417749
251704078123 21535074976
251804240633 21547949889
251904191847 21562731686
252004123835 21575742141
252104218163 21588348456
252203810505 21599718863
252304276121 21610246026
252404036089 21620102091
252504050560 21631118029
252604283524 21642718944
252703869814 21660345397
252803868210 21674720563
252903884498 21689756031
253003811123 21702442082
253103904430 21708438872
253203913697 21714659934
253303816145 21720768105
253403822946 21727485027
253503897487 21734275781
253603907915 21740874763
253703914143 21747476310
253803821412 21754260383
253903824622 21761195478
254003877761 21768089146
254103915286 21775109439
254203925729 21781984412
254303911927 21788887671
254403922953 21796132726
254503835582 21803334876
254603932420 21810830114
254703829634 21817581543
254803925014 21825398815
254903926395 21832899156
255003841360 21840330767
255104005783 21848034346
255203935489 21855482645
255303916039 21862921605
255403914048 21870491598
255503903365 21877732606
255603930052 21885207112
255703949320 21892619625
255803901576 21899668211
255903905106 21907148588
256003941576 21914336660
256103848290 21922004355
256203861418 21929495518
256303934568 21936946538
256403946829 21944692096
256503962454 21951922107
256603907340 21959128359
256703959617 21966206791
256803951403 21973298475
256903958398 21980634732
257003871389 21987891900
257103874269 21995313185
257203958891 22002825403
257303946503 22010235329
257403972368 22017925038
257503880296 22025315348
257603880487 22032302187
257703882388 22039733600
257803976118 22047252126
257903951494 22054678446
258003890743 22062077194
258103878255 22069170208
258203974741 22076281743
258303977203 22083372266
258403984300 22090600657
258503989680 22098271165
258603981384 22105830219
258703989293 22113371045
258803991305 22121136242
258903996381 22128693517
259003983040 22136260287
259103907383 22143796565
259203995043 22151129815
259303990760 22158595481
259403908052 22166298208
259504009760 22173866653
259603975269 22181580672
259703998493 22189114626
259803982410 22196833623
259904000983 22204661025
260004003975 22211937653
260103919654 22219135663
260203998612 22226680018
260303922051 22234642712
260404018485 22242716379
260503924557 22250499258
260604009380 22258250159
260704042619 22265746647
260803949606 22273254269
260903931220 22281331810
261004014691 22289432714
261104020932 22297529245
261204021727 22305456779
261304032927 22313233376
261403938850 22321164623
261503940562 22329188015
261604020571 22337117510
261703945038 22344954632
261804036707 22353279287
261904023490 22361441599
262004032558 22369449128
262104026101 22377359424
262204034293 22385366996
262304035920 22393825251
262404035693 22402164479
262504049962 22410739488
262603958168 22419145682
262704040574 22427254135
262804044768 22435547643
262903962588 22443703765
263004047190 22452219847
263103964542 22460068351
263203968266 22468231400
263303967843 22476521042
263403960545 22484747096
263504052244 22493046094
263603971389 22501387572
263704019097 22509625017
263804053365 22518150291
263903976977 22526882090
264004060811 22535604168
264104060905 22544421424
264204056950 22553059476
264304052468 22561921959
264404071833 22570294907
264503989426 22578783359
264604069858 22587282338
264704087571 22595619094
264804065604 22604315359
264904081683 22613104903
265004060841 22622112718
265104060811 22631227332
265204048835 22640541110
265303997296 22649744318
265404108245 22658814307
265504078080 22667564229
265604083361 22676855159
265704004548 22685234235
265804077757 22693920314
265904012415 22702809850
266004064049 22712536123
266104086768 22722347999
266204075700 22731690034
266304127259 22741120714
266404074194 22750393502
266504014881 22759966114
266604083690 22768443179
266704081038 22778166288
266804010873 22787856516
266904081421 22797342837
267004088928 22806619238
267104110044 22816324471
267204084531 22825854634
267304126710 22834866940
267404094444 22844006775
267504102786 22853844918
267604032417 22862117093
267704092426 22871828749
267804089319 22881986145
267904099830 22891760535
268004097060 22901807860
268104096433 22911607717
268204099502 22921678954
268304113323 22931869964
268404100922 22941491553
268504105782 22951249982
268604107544 22961027664
268704105822 22971127816
268804107819 22981165276
268904110958 22991340958
269004112575 23001426759
269104112844 23011563060
269204116405 23021831150
269304110524 23031603640
269404108729 23041051026
269504117503 23050985998
269604122183 23061065513
269704113676 23070927048
269804123311 23081172042
269904130137 23091295085
270004125760 23101472448
270104127006 23111542143
270204129299 23121797907
270304133353 23132069667
270404131798 23142203427
270504133434 23152393134
270604135262 23162495644
270704139356 23172761343
270804138773 23182970598
270904136268 23193029727
271004141619 23203217232
271104144093 23213328293
271204145368 23223460137
271304147467 23233725236
271404141834 23243912512
271504148233 23254090714
271604151083 23264210534
271704149398 23274389728
271804154415 23284163423
271904156077 23294347414
272004158073 23304533640
272104164061 23314643038
272204153232 23324932162
272304161557 23335054696
272404162362 23345245736
272504161717 23355381301
272604166735 23365013072
272704165818 23374934621
272804172694 23385198918
272904172204 23395373240
273004170827 23405437319
273104172923 23415539437
273204172512 23425805823
273304178522 23436070270
273404179971 23446254891
273504183324 23456441540
273604188761 23466556252
273704183453 23476820473
273804186323 23487074997
273904188841 23497271505
274004190152 23507427967
274104187602 23517564603
274204187162 23527816144
274304193662 23538030739
274404195011 23548202163
274504198024 23558268882
274604198573 23568450510
274704198711 23578733769
274804201900 23588973077
274904241248 23599179413
275004205921 23609316332
275104205939 23619470830
275204203489 23629745281
275304208515 23639989168
275404210467 23650182505
275504247991 23660301542
275604211607 23670469112
275704212518 23680669112
275804214070 23690910203
275904220739 23701098001
276004216708 23711203771
276104218354 23721407482
276204221258 23731687358
276304223560 23741916396
276404225521 23752099444
276504226123 23762198797
276604226496 23772402589
276704231025 23782644399
276804231463 23792693344
276904234295 23802867695
277004234513 23812967761
277104237813 23823176004
277204234917 23833471037
277304237668 23843735001
277404241249 23853925352
277504239449 23864026605
277604240257 23874262999
277704243363 23884566161
277804244539 23894777306
277904246045 23904970450
278004241697 23915077662
278104247638 23925332678
278204251578 23935617333
278304252205 23945819000
278404252788 23956013679
278504253883 23966135691
278604257781 23976393845
278704261495 23986657839
278804260646 23996865743
278904263821 24007038565
279004263418 24017179226
279104264806 24027447564
279204264460 24037686523
279304265493 24047905557
279404269183 24058054506
279504268216 24068216145
279604269419 24078507720
279704272272 24088757247
279804275749 24098955219
279904276856 24109086278
280004281089 24119264376
280104278065 24129549091
280204279492 24139798636
280304281168 24150000088
280404284505 24160115472
280504284478 24170321091
280604287209 24180611099
280704288203 24190853348
280804291854 24201048687
280904295389 24211155402
281004294568 24221365077
281104295698 24231660988
281204295973 24241893666
281304293890 24252071977
281404300469 24262182252
281504295058 24272403455
281604302085 24282708544
281704302474 24292928686
281804304990 24303123261
281904305559 24313219234
282004306464 24323469653
282104308856 24333764609
282204311921 24343967960
282304308662 24354158250
282404314764 24364270247
282504313559 24374526369
282604316116 24384794118
282704319879 24394976333
282804320111 24405138897
282904318854 24415248690
283004322162 24425505029
283104326872 24435766122
283204327543 24445970656
283304331554 24456134140
283404328397 24466279803
283504332314 24476543383
283604333219 24486784126
283704333366 24496993691
283804333906 24507144957
283904336650 24517305757
284004338114 24527592491
284104341482 24537835299
284204340498 24548034078
284304342845 24558161947
284404339448 24568337969
284504346815 24578621560
284604347564 24588869472
284704347245 24599066993
284804351335 24609178004
284904347217 24619386506
285004348697 24629678617
285104353873 24639917841
285204357422 24650108752
285304358315 24660214856
285404360211 24670428882
285504360227 24680728507
285604362664 24690960437
285704361561 24701141905
285804398853 24711248704
285904366832 24721469517
286004368468 24731773666
286104368593 24741988581
286204373048 24752181212
286304373445 24762271685
286404372419 24772520605
286504376487 24782817123
286604380484 24793021633
286704376538 24803213251
286804425601 24812872771
286904437238 24823198682
287004452956 24834124972
287104448117 24845313714
287204466287 24856310145
287304411615 24870176420
287404414552 24884463477
287504388454 24904385630
287604426384 24919205179
287704431508 24931944487
287804443831 24944879151
287904453896 24957967490
288004460349 24962680010
288104389499 24977891548
288204371878 25011100229
288304367566 25044127446
288404377553 25073319760
288504381110 25100764122
288604423917 25126636373
288704441264 25151034050
288804373092 25174402228
288904372946 25194375726
289004453808 25213196307
289104446841 25231473853
289204377631 25249698033
289304423133 25267699815
289404378886 25285187850
289504438450 25303751738
289604426984 25322988497
289704384986 25343289467
289804394388 25364748075
289904387852 25386602976
290004392588 25410034570
290104424171 25433341181
290204564660 25457635507
290304411103 25483230443
290404394208 25509427076
290504390927 25545803155
290604397687 25582209356
290704401890 25615264346
290804398735 25644209079
290904419070 25679395659
291004402527 25715873675
291104401672 25753555992
291204408714 25789519039
291304402849 25824101441
291404403870 25857616724
291504470131 25890875193
291604559546 25923953888
291704409704 25956761355
291804413351 25989208552
291904412412 26008964889
292004756060 26019314933
292104822870 26029626734
292204441832 26040530451
292304792354 26053167808
292404421478 26068723282
292504422779 26080053981
292604912257 26094455456
292704903525 26105960569
292804930789 26116890279
292904901827 26126646116
293004876228 26136954009
293104441390 26151394227
293204928282 26162953388
293304712481 26174675124
293404438822 26182914598
293504917513 26193186741
293604944350 26202828076
293704797040 26212465601
293804810466 26222553875
293904912934 26236747284
294004916763 26247466142
294104790311 26259436165
294204632497 26269892299
294304942282 26282050767
294404942014 26290592052
294504935910 26300849982
294604943039 26309824863
294704461725 26326453733
294804963408 26341620982
294904931893 26353938096
295005295623 26361732541
295104936887 26369761118
295204968941 26380136551
295305004946 26387649161
295404928503 26395763034
295504475621 26404701731
295604944009 26413077739
295704676533 26420692644
295804478288 26435754800
295904557663 26448818312
296004561294 26462740218
296104569212 26476501052
296204556248 26486837885
296304551899 26492766573
296404568036 26499042641
296504560190 26505335569
296604473122 26511689322
296704551780 26518173095
296804570110 26524713021
296904565179 26531614881
297004574284 26538428110
297104572937 26545155490
297204479635 26551555912
297304579173 26558590137
297404486387 26565447535
297504576307 26572445265
297604571323 26579771775
297704581901 26586943050
297804556452 26594338236
297904582025 26601859515
298004490615 26609370410
298104582268 26616783885
298204594899 26624272891
298304598274 26631614705
298404599832 26639103373
298504498811 26646546605
298604504250 26653245451
298704602418 26660409198
298804573542 26668014283
298904505844 26675424357
299004605628 26683237240
299104573196 26690835930
299204504946 26698556385
299304514652 26706150676
299404515468 26713708350
299504605426 26721436050
299604607817 26728807268
299704625030 26736187199
299804519663 26743964427
299904602694 26751534226
300004521161 26758790122
300104541358 26766234048
300204542024 26773794230
300304555994 26781182615
300404531443 26788866242
300504569218 26796412688
300604632438 26804089080
300704533898 26811636933
300804535083 26819369046
300904635897 26826763122
301004599595 26834458182
301104619800 26842370993
301204638781 26849931962
301304632900 26857671431
301404541724 26865211067
301504635711 26872761967
301604546100 26880677167
301704582085 26888382421
301804632040 26896056856
301904657727 26903873535
302004545339 26911968697
302104638057 26919615792
302204646694 26927816181
302304647522 26936108902
302404648961 26944248991
302504589311 26951935684
302604561535 26960037368
302704649829 26967924425
302804645192 26975766013
302904666777 26984139432
303004654441 26991876652
303104655292 27000144583
303204647095 27008693348
303304662217 27016952744
303404637298 27025315244
303504636207 27033632454
303604651047 27042409423
303704569460 27051257261
303804714638 27059611114
303904673980 27068001274
304004680303 27075758195
304104669146 27084144220
304204647985 27092477289
304304586626 27100858863
304404652754 27110006419
304504686495 27119240814
304604602438 27127429834
304704674697 27136185963
304804656735 27145055820
304904653781 27154537165
305004657457 27163179371
305104657779 27172852885
305204657539 27181553022
305304705636 27190492918
305404604872 27198830082
305504667041 27208086720
305604668711 27217187507
305704667000 27226843468
305804705076 27235681970
305904669986 27244145601
306004678751 27253337233
306104677056 27262302862
306204675423 27271781154
306304676675 27281399579
306404621920 27290741511
306504682508 27299711023
306604703677 27308263991
306704687948 27317307624
306804685533 27326847954
306904688021 27336385758
307004687730 27346001635
307104690093 27354882376
307204693321 27364310228
307304691804 27373764950
307404694975 27383371034
307504691951 27393044084
307604696357 27402546002
307704700139 27411989307
307804702967 27421445810
307904704723 27430943041
308004705060 27440419029
308104706373 27449883418
308204708278 27459311878
308304711445 27468805938
308404712049 27478295361
308504714988 27487750258
308604715153 27497193291
308704715678 27506655849
308804718962 27516155956
308904722373 27525641137
309004720518 27535100249
309104720502 27544523281
309204724799 27554017239
309304723452 27563504849
309404725058 27572963019
309504731356 27582395873
309604729098 27591875648
309704732674 27601350734
309804733093 27610841955
309904736230 27620309711
310004735454 27629738897
310104736602 27639220689
310204737595 27648710057
310304741628 27658176916
310404742075 27667595869
310504739665 27677088684
310604748730 27686557278
310704745600 27696050071
310804749458 27705521776
310904749389 27714971035
311004750983 27724464137
311104754807 27733931225
311204751942 27743402303
311304754944 27752826131
311404756953 27762317819
311504756843 27771799024
311604761868 27781267231
311704761646 27790715024
311804763511 27800167518
311904764614 27809664110
312004764395 27819135261
312104765476 27828608027
312204768240 27838037960
312304771704 27847530770
312404773127 27857014110
312504774687 27866472619
312604779634 27875922251
312704778801 27885378290
312804778535 27894873122
312904824020 27904362694
313004780430 27913819378
313104783341 27923240856
313204788863 27932735903
313304787632 27942229315
313404789868 27951678149
313504788408 27961117152
313604863445 27970183616
313704890323 27980187763
313804887568 27990373183
313904866258 28000355124
314004855448 28010666590
314104813417 28024843821
314204797985 28039463996
314304799348 28059465494
314404824076 28075640436
314504852604 28090954782
314604838811 28106029987
314704729789 28134665086
314786372754 28163223302
