100528333 178798.000000
200716033 67379
300664571 67277
400665711 68433
500146479 3553889
600140274 7307172
700117587 7456112
800119631 7725243
900115818 7946936
1000117433 7864738
1100112411 7991362
1200103833 8065899
1300125804 7601349
1400100910 7571464
1500127117 7569915
1600072934 7490390
1700112902 7490172
1800100452 7601958
1900136246 7710963
2000114584 7656897
2100048378 7714052
2200129729 7473318
2300063653 7558769
2400052930 7459758
2500128743 7503149
2600130389 7586415
2700057416 7700364
2800118400 7733069
2900133687 7949731
3000122865 7921771
3100118973 8128334
3200119432 7829381
3300076056 7572776
3400129938 7818938
3500068548 7489987
3600142639 7342114
3700108031 7137736
3800127152 7466185
3900135712 7679853
4000149819 7730861
4100143325 8069895
4200080254 8010534
4300122187 8322151
4400126754 8437815
4500083944 8603390
4600142469 9402931
4700282958 6669122
4800189692 3357573
4900188305 8510646
5000162167 14817696
5100172283 17329683
5200168029 16705711
5300138667 16238154
5400186802 16177838
5500185531 16448779
5600185368 16236512
5700171639 16035043
5800166070 15791132
5900170089 15718867
6000219020 15624927
6100209133 15986060
6200154732 15858701
6300150153 15759343
6400172597 15472602
6500204166 15527162
6600182781 15400630
6700185595 15376097
6800245670 6532107
6900237803 5637584
7000226582 6405768
7100243556 6183614
7200243227 6008095
7300246769 6081513
7400526643 6413954
7500455435 2791854
7600274022 2550775
7700488925 2692406
7800514427 3116053
7900387676 2682086
8000528253 2655164
8100276715 3479060
8200252805 3076895
8300201865 3235477
8400258982 3494135
8500575156 2827998
8600406558 3207653
8700491988 2420098
8800567555 2194790
8900641551 2166748
9000605563 2079611
9100626733 2090798
9200519226 2778037
9301096367 2412520
9400486785 2172813
9500331624 2469337
9600653262 2182622
9700361934 3779958
9800273402 2976626
9900533225 3751806
10000521103 2785238
10100282747 2731321
10200497944 2664387
10300649267 3924694
10400510017 3434365
10500303818 3986541
10600518261 3671630
10700544477 4344663
10800299199 3435894
10900393002 4378216
11000297459 4251913
11100291880 5649721
11200502418 4122632
11300291737 4597887
11400532146 5401317
11500373050 4988452
11600297840 5250792
11700297054 5680247
11800304170 5253766
11900303990 5236999
12000304591 5298754
12100314593 5883457
12200312195 5704963
12300259636 5573374
12400294441 6168260
12500514115 5523225
12600304185 5599903
12700254955 6428096
12800511106 5720478
12900314540 5254428
13000309305 5232845
13100270190 5611440
13200338055 4947531
13300614195 4320028
13400306652 4714022
13500299388 6166233
13600560669 4007061
13700328133 4839760
13800313882 6291849
13900589691 5376257
14000331848 5598054
14100318783 5908426
14200325037 5440147
14300294312 5724753
14400312307 5698921
14500343657 6017552
14600286577 5049107
14700341018 5863952
14800345155 5727428
14900537780 6397335
15000608035 5634154
15100306982 6012948
15200385177 5639393
15300345564 5700820
15400384780 6015010
15500338574 5687669
15600306308 6476267
15700346591 6095886
15800315257 5481889
15900348766 6343824
16000350652 5913071
16100299711 5905358
16200444395 5985205
16300661168 5489692
16400348181 5553897
16500357411 6258793
16600363359 6305888
16700309380 6266779
16800363227 5685111
16900390247 6400993
17000307105 5547564
17100757339 6554986
17200381107 5858538
17300368413 5898990
17400335839 5937299
17500373567 7110958
17600606845 6133855
17700619419 5285305
17800379554 5871650
17900356185 6330432
18000323748 4928636
18100380127 6654040
18200353248 6780712
18300381948 6711472
18400383577 6337903
18500359919 6483146
18600389780 5969741
18700615356 5813337
18800314228 6474017
18900398220 6353275
19000397807 6468610
19100558766 6689602
19200706850 6641277
19300408899 6408882
19400385479 7271889
19500408105 6164782
19600379886 6959046
19700627251 5939885
19800723957 6948512
19900373022 6268498
20000578009 7186433
20100409643 6224715
20200543644 6539127
20300413293 6673485
20400434561 5992549
20500367390 7238858
20600549754 7328468
20700419595 6770649
20800424116 6194706
20900557492 6538486
21000408494 6699792
21100417952 7293264
21200434941 7350803
21300435806 7411850
21400429222 7601184
21500359555 6556391
21600548117 6994510
21700663173 7167075
21800438249 7662172
21900428817 6710926
22000430071 7089033
22100586571 7630273
22200452232 7262052
22300401174 7522539
22400437977 8771231
22500443834 9035074
22600450200 7072275
22700452789 6602025
22800469933 7848926
22900726326 8776872
23000401448 9018859
23100379210 10291827
23200452515 8407992
23300417572 9680479
23400438812 8996046
23500415801 8705918
23600420050 8798661
23700701166 10542754
23800435032 9968671
23900394980 11047701
24000468708 11801457
24100415768 10004768
24200656763 9662268
24300413270 11729348
24400428766 12292627
24500623812 12914308
24600741203 9631799
24700469540 11577449
24800724439 12710090
24900411338 14549255
25000409982 12240436
25100409527 10709832
25200415244 13476832
25300420966 13391191
25400458241 13667990
25500490442 11048315
25600488343 11987656
25700723654 14399978
25800488106 15242867
25900489728 11392365
26000807277 13159458
26100422726 17161477
26200504395 14792613
26300546042 13174393
26400505691 13930387
26500664553 16598283
26600430252 13781395
26700519291 14094360
26800571995 17938576
26900688663 14545267
27000809875 11702502
27100514409 17339041
27200473893 13536486
27300519559 13695285
27400512521 16025020
27500440609 13019981
27600768697 12825580
27700443791 12823440
27800445454 17879420
27900490629 13099296
28000485380 13387598
28100530360 12167127
28200527131 11555382
28300453071 13758284
28400807075 10364232
28500468494 11495030
28600769012 13653341
28700840500 12514116
28800546131 12402333
28900508922 12586423
29000543830 13382521
29100527653 12473812
29200549180 15922476
29300624354 12510864
29400513200 12179497
29500481008 14650412
29600555495 10212198
29700794441 10528267
29800476570 13285744
29900520967 12054609
30000487708 13846457
30100561806 14533450
30200594025 11453348
30300483558 17162498
30400487388 10614845
30500858701 11708935
30600522558 16056347
30700584691 11779252
30800497910 10834601
30900884960 14033494
31000562816 13015121
31100538242 15701960
31200495633 9215765
31300502781 12482185
31400772331 15727504
31500782137 10502670
31600947121 8732209
31700512019 9590711
31800581530 9398944
31900666074 6934051
32000594419 7073257
32100508445 7035050
32200597639 6284420
32300578635 6090994
32400552019 5829170
32500562466 6753178
32600876274 6588697
32700926795 5573807
32800753561 6805099
32900586720 5294978
33000692058 7070867
33100763820 5508187
33200663459 5730172
33300621037 5842639
33400876671 5824745
33500786317 6575815
33600569110 5541589
33700600990 5609006
33800537365 5942235
33900589852 7776457
34000613056 6652837
34100551305 9111675
34200585150 11787526
34300543066 13465787
34400801117 13110550
34500567494 12916256
34600614131 14147905
34700562228 13812352
34800638625 12866562
34900612045 12484367
35000593601 10925137
35100603753 12323629
35200601960 12653696
35300637636 8470115
35400637393 3944639
35500566526 6253989
35600588385 6780807
35700546089 6317634
35800633521 6231898
35900674616 6829271
36000632357 7318918
36100636644 7607769
36200624870 7943138
36300638836 7529374
36400647002 7558040
36500639826 7394997
36600641350 7439478
36700639931 7513552
36800646043 7563266
36900651826 7647772
37000658017 7286668
37100677890 7020917
37200662122 7126661
37300570874 7230238
37400616202 7289945
37500652585 7633794
37600664185 7448940
37700577285 7552740
37800613174 7598906
37900669238 7534234
38000580316 7515392
38100671963 7391074
38200584279 7411460
38300584198 7585008
38400662920 7567230
38500672470 7718338
38600590562 7639426
38700699167 7660553
38800671948 7416488
38900616654 7565585
39000597012 7269296
39100596683 7033122
39200684070 7236014
39300700751 7261072
39400683804 7455469
39500679399 7404762
39600694388 7545848
39700607499 7535421
39800606982 7600825
39900695046 7251489
40000610683 7597982
40100669791 7219594
40200614131 7581317
40300698004 7320791
40400617291 7336858
40500710134 7406174
40600707112 7325629
40700701572 7252464
40800713987 7320708
40900718856 7136315
41000627156 7361144
41100653056 7322795
41200628061 7557532
41300630104 7025120
41400631394 7534968
41500728409 7490070
41600723948 7329888
41700732918 7361657
41800728017 7177934
41900738110 7441355
42000737657 7200228
42100739568 7454372
42200730706 7679736
42300725349 7245925
42400647993 7410875
42500739734 7447728
42600823932 7290227
42700737429 7645869
42800652210 7359718
42900653615 7180887
43000741620 7463477
43100753527 7408235
43200752931 7524932
43300659797 7217950
43400767014 7348721
43500749384 7560895
43600761123 7578192
43700741960 7405849
43800762956 7299535
43900783328 7677203
44000755073 7171260
44100766633 7467810
44200672868 7364172
44300676951 7331422
44400677492 7189869
44500734456 7412839
44600678161 7176263
44700762195 7328191
44800681464 7791321
44900683367 7777398
45000802373 7763619
45100785053 7123729
45200765472 7273861
45300775385 7906376
45400782779 7565927
45500778114 7891686
45600792230 7183450
45700788487 7244392
45800697721 7249829
45900781327 7390260
46000787346 7380297
46100793458 7610340
46200805650 7500804
46300801777 7484622
46400732837 7508712
46500706057 7512107
46600708497 7793844
46700794297 7634755
46800712215 7416715
46900714820 7284274
47000820602 7417548
47100792633 7744097
47200787899 8009650
47300816041 7568812
47400722511 7576131
47500809463 7758126
47600809484 7616150
47700821369 7499108
47800816876 7583075
47900816299 7207964
48000730329 7503413
48100730532 7607458
48200820738 7780482
48300807081 8139333
48400748827 7605903
48500736874 7516758
48600739036 7931590
48700824211 7658063
48800751425 7483434
48900842114 7988910
49000924013 7255666
49100747394 7659461
49200747907 7383886
49300848837 7626379
49400819675 7693156
49500820891 7639418
49600845540 7697599
49700745024 7549902
49800757273 7981786
49900756937 8022437
50000846687 7680234
50100857528 7353179
50200763683 7492580
50300854319 7551840
50400855906 7658569
50500870239 7676954
50600827601 7497279
50700770177 7847210
50800770268 7746053
50900852328 7836511
51000775335 7757845
51100875967 7532827
51200857944 7386542
51300792386 7712054
51400781168 7903064
51500873976 7819451
51600783961 7781428
51700880196 7636036
51800860140 7734371
51900787789 7771707
52000884237 8128387
52100790741 7683277
52200877974 7753054
52300890223 7539910
52400888083 7717283
52500882059 7671970
52600883732 7875678
52700899333 7795972
52800837331 7533019
52900899120 7542947
53000804401 7641640
53100830295 7766484
53200806576 7592907
53300837153 7541765
53400893304 7823892
53500903084 7526817
53600811403 7838245
53700815311 7939372
53800898114 8039485
53900903892 7861264
54000852946 7696265
54100912026 7777403
54200878380 7852865
54300907817 8158585
54400818527 7734391
54500918584 7726757
54600924395 7933519
54700829702 7565364
54800912792 7732970
54900925113 7864586
55000916650 7657132
55100928347 8051324
55200827215 8338689
55300960927 8476181
55400939364 7852725
55500929497 7636966
55600934788 7418995
55700936107 7644213
55800933962 7834827
55900924734 7877840
56000932863 7801957
56100936720 7346378
56200851554 7866302
56300941352 8163785
56400945777 8077170
56500946588 7947405
56600950729 7761359
56700932442 8219619
56800958883 7854355
56900944106 8050638
57000950028 7899802
57100957082 8236755
57200858375 7718300
57300955397 7914643
57400870839 8032856
57500963902 8016623
57600965233 7870832
57700872866 7337081
57800972482 7641068
57900980564 7951982
58000968851 8208671
58100942275 8165368
58200963121 7954275
58300979149 8176215
58400978940 8087015
58500975192 8446028
58600890222 7417957
58700889547 8153874
58800891742 7816897
58900892994 8188415
59000984891 7907967
59100991466 7795309
59200896656 7924650
59300983970 7949793
59400991371 8067072
59500990017 7924710
59600983921 8096982
59700998394 8030468
59800897922 7921699
59900996783 8151270
60000909365 8148529
60101010692 8328238
60200992572 7785889
60300984930 8010837
60400922557 7873825
60500930583 8015544
60601017142 7876286
60701005428 8213470
60801009502 8268008
60901008986 7884354
61001006805 8010508
61100928240 8187571
61201008722 8187400
61300927174 7961888
61400960389 8181653
61501017184 8090189
61600923836 8242886
61700934323 8252807
61801038363 7996373
61901030287 7957482
62001036402 7874957
62100939331 7928887
62200939652 7953120
62301040832 8167145
62401032234 7886336
62500946400 7890500
62600937911 7743372
62701043955 8156123
62801049679 8335967
62901031519 7993926
63001071038 8310449
63100956428 8208246
63201045710 8270585
63301057613 8104702
63401050765 8544049
63501059427 8203153
63600962922 7685913
63701100329 7954552
63800966319 8002619
63900967388 8031125
64001066536 7670991
64101065948 7449400
64200962001 8380301
64301076187 8056834
64400975443 8568042
64500973279 8237449
64600976951 8381966
64701030734 8377313
64800980448 8252565
64901060524 7876977
65001069810 8071342
65101084313 7905600
65201072999 7899760
65301073135 8271676
65400988959 8423146
65501148831 7937336
65601001128 7879552
65701115053 7868248
65801075909 8194767
65900996401 8579376
66001093270 8200870
66100998106 8672732
66201064705 8357188
66301079209 8223263
66401002792 8310570
66501098479 8252176
66600996869 7906147
66701097724 8296441
66801102954 8732989
66901011841 8271232
67001103755 8360527
67101016098 7934247
67201159035 8462184
67301093964 8448631
67401009473 8154276
67501106521 8587803
67601043511 8506550
67701113390 8830064
67801025195 8142907
67901125943 8290246
68001129120 8325074
68101085322 8635666
68201115806 8527531
68301031246 8225567
68401122271 8443987
68501115204 8096436
68601034079 8294342
68701068576 8525617
68801108130 8548419
68901055437 7971315
69001134228 7869764
69101109779 7999247
69201046493 8014319
69301127724 8347992
69401046847 8531061
69501139495 8180770
69601112239 8293581
69701128283 8243047
69801127286 8767860
69901126095 8340199
70001148160 8903062
70101059003 8116562
70201087932 8182948
70301063828 7826416
70401138271 8172708
70501141208 8647718
70601134433 8803330
70701143563 8477146
70801165187 8633607
70901139642 8859992
71001145392 8509070
71101164256 8546460
71201073933 8254656
71301150972 8369182
71401157995 7887082
71501167389 7665541
71601163767 8269475
71701177106 8603079
71801149964 8471674
71901155205 8450881
72001184849 8903522
72101184694 8166211
72201166829 8319860
72301163412 8833034
72401172820 9100704
72501180887 8376011
72601149918 8767316
72701180113 8805829
72801161485 8807593
72901199372 8580000
73001195784 8681691
73101103566 8535963
73201192804 8171934
73301173137 8733251
73401207240 8748952
73501110023 8505636
73601181372 9046642
73701180173 8967313
73801114694 8805697
73901185494 8866896
74001198007 8851479
74101207781 8810936
74201196657 8385396
74301200368 8445150
74401123850 8539699
74501123539 8633847
74601200568 8889407
74701193948 9096375
74801198849 8510016
74901205714 8962102
75001188076 8097539
75101210307 8630870
75201135926 8278668
75301208379 8350980
75401207139 8877799
75501217359 8972678
75601233008 8502691
75701206512 8924739
75801243041 8950811
75901145360 8581711
76001235621 8850118
76101248645 8446360
76201226279 8445063
76301150921 8767258
76401244302 8448694
76501250946 8580938
76601222713 9044388
76701229223 9087944
76801239842 9084205
76901233438 8669666
77001237712 8495566
77101234332 8804287
77201166271 7817583
77301242074 8931250
77401267756 8546709
77501259621 8867032
77601171074 8845701
77701260201 8712624
77801242310 8868705
77901260673 8727735
78001260908 8379740
78101239657 8922360
78201249611 8768734
78301181121 8459713
78401249089 8698126
78501183381 8810211
78601253845 8650838
78701187570 8973289
78801258882 9068566
78901190112 8883213
79001190227 8543294
79101269877 8756003
79201283359 9149096
79301264897 8521923
79401266114 8989496
79501267639 9174164
79601267701 7624929
79701281406 8817206
79801282641 8876372
79901287374 9016684
80001306003 8973454
80101269530 8382819
80201275681 8898446
80301275069 9124168
80401282308 9146044
80501283455 8912694
80601282730 8656221
80701310574 8693401
80801284160 8752358
80901299155 9127676
81001218946 9105734
81101290165 8888921
81201280277 9195498
81301290213 9159919
81401294408 8611089
81501289679 8897686
81601297207 8840845
81701298053 9154033
81801308307 9134677
81901300533 9172698
82001328393 8800536
82101306541 8808098
82201305925 9195001
82301308632 9277576
82401307911 8968454
82501300800 8741704
82601315867 8612111
82701293487 8497531
82801317488 8583744
82901318710 9109252
83001318872 9219399
83101320547 9263033
83201320475 9056901
83301296662 9142022
83401323192 9079069
83501330242 8967261
83601325399 8986718
83701327909 9233562
83801327642 8898344
83901331196 9250609
84001329992 9072640
84101279054 8813760
84201334025 9118410
84301336556 9121475
84401337032 9233972
84501335382 9285097
84601380300 7886762
84701353489 8410187
84801366566 8636712
84901351088 8099496
85001349900 8760922
85101355582 9132651
85201351205 9208803
85301355460 9040434
85401352942 9002604
85501352656 8956386
85601355058 9260172
85701351438 9267441
85801358370 9279535
85901370177 9094649
86001294671 9144857
86101368124 9157502
86201366203 9244903
86301366779 9184264
86401367152 9236772
86501370847 9092207
86601372398 9190838
86701307025 9192589
86801376540 8937622
86901376611 9185961
87001379235 9009568
87101380491 9193967
87201378768 9187289
87301383953 9262818
87401379179 9219091
87501387629 9078529
87601387028 9111428
87701389762 9220221
87801388005 9217714
87901390594 9169789
88001393566 9225861
88101393162 9189263
88201396126 9166999
88301396803 9221167
88401403632 9178018
88501400278 9228123
88601399239 9171450
88701402197 9133840
88801404622 9188313
88901407980 9168657
89001409238 9206540
89101410610 9169010
89201409246 9152553
89301413326 9183941
89401419442 9167561
89501415063 9197438
89601463657 9187227
89701414006 9131645
89801417461 9196790
89901422012 9200351
90001421886 9200598
90101423906 9193282
90201426249 9150679
90301426102 9192959
90401431388 9209475
90501431427 9193909
90601431969 9195780
90701434881 9158007
90801434094 9187118
90901436558 9209519
91001438118 9179053
91101438232 9213115
91201440365 9159949
91301445942 9177808
91401443449 9210894
91501446534 9172399
91601445128 9218495
91701448586 9167769
91801449077 9165194
91901452636 9212537
92001453752 9167585
92101455000 9223187
92201457091 9171601
92301455963 9161858
92401459865 9213871
92501461053 9172107
92601464233 9224721
92701463799 9177011
92801466051 9167655
92901465707 9199290
93001467348 9183510
93101470273 9216532
93201470797 9183181
93301471145 9167152
93401474036 9195531
93501474956 9184763
93601481557 9206860
93701481669 9200819
93801476374 9153449
93901479922 9191304
94001552008 9205920
94101483982 9193631
94201485749 9196382
94301490234 9149798
94401489072 9195533
94501491080 9203710
94601487930 9198786
94701495065 9198618
94801495745 9154757
94901497073 9186461
95001497820 9210279
95101497472 9184348
95201562577 8490933
95301543621 8666982
95401528120 9317253
95501536524 9589210
95601539235 9596641
95701518644 14098865
95801500868 14661342
95901501012 20002024
96001545203 12977391
96101533386 10854611
96201533773 11390440
96301535109 11562202
96401595044 3818988
96501624468 4031823
96601576552 8918714
96701503509 14039806
96801493278 22424202
96901596205 19207070
97001556891 17848053
97101572150 17285737
97201493742 16434613
97301627958 16689465
97401553217 16045896
97501486129 15928502
97601558231 15593510
97701531481 15940317
97801574769 15917698
97901653029 16360177
98001631614 16576371
98101520723 17365923
98201501606 18400807
98301541431 18353423
98401547740 18412665
98501524124 18134654
98601622048 17737908
98701540367 16901487
98801636721 16454677
98901651378 12730874
99001844526 4292899
99101686387 2928241
99201593316 3986190
99301641373 4357017
99401941264 3490128
99501786188 2732933
99602147939 3209701
99701584573 3618833
99801952929 3935150
99901872525 3539968
100001622169 3205207
100101638212 3239531
100201932342 3685752
100301631486 3795987
100401665050 3609259
100501646871 3340995
100601934671 3563980
100701647381 2954145
100801891151 3299078
100901597739 3365445
101001737164 3292371
101101775774 3627736
101201647626 3502715
101301771003 3240252
101401958744 3092589
101501993456 3300614
101601666180 2939664
101701935022 3710844
101801945684 3316638
101901829150 3852536
102001764975 3704032
102101976973 3860179
102201945264 3259059
102301683235 3737705
102401989111 3564818
102501777323 3564401
102601896284 3406557
102701902114 3020781
102801678366 3490121
102901681379 3478877
103001814531 3839258
103101878518 3730193
103201721610 2541099
103302005738 3296911
103401972627 2841800
103501665769 2539549
103601748995 2865137
103701780593 2374902
103801976095 2746272
103901961145 2802592
104002037243 2804576
104101695957 2588205
104201847642 2959491
104302088996 2884165
104401703782 3023302
104501699724 4062546
104601834836 3418024
104701980376 3123361
104801762107 2640876
104901999201 2912317
105001908359 2610037
105101989708 2833476
105201904423 2973620
105301943662 2766745
105401978442 3057697
105501848307 2900991
105601970195 3055509
105701775575 3072539
105801907358 3108317
105901776888 3712216
106001824088 3575702
106101806692 4676372
106201614236 3924736
106301795634 3117456
106402035862 3097197
106501890123 3438994
106601881663 3228122
106701790438 3352409
106801750988 3647792
106901835964 3395482
107002040595 3274676
107101848091 3054635
107201957384 3396167
107301889393 4198378
107401733345 5487346
107501761770 5549119
107601813898 4423601
107701678397 4100146
107801973163 4235692
107902046744 4065749
108001668037 5320034
108101824914 5162301
108201646956 5094312
108301744643 5928364
108401671289 8320690
108501762417 9514262
108601745019 8284458
108701735708 11646940
108801726611 12201073
108901813563 12745159
109001670300 11505296
109101719602 14476116
109201714966 13444912
109301679885 13915252
109402019230 14195576
109501815752 13629768
109601689245 13021418
109701981852 14366002
109801690434 13518838
109901681440 12670047
110001779060 13285041
110101818206 13955667
110201690626 13334325
110301684236 13709627
110402103359 13533773
110501752695 11450213
110601697005 11697261
110701871931 11862409
110802118601 10856215
110901981376 10300773
111001729925 11428142
111101921063 9751636
111202017759 9514597
111301683171 9955105
111401750989 8838971
111502115791 9040007
111601704533 8028261
111701817497 8578030
111802087974 9890693
111901712837 10087763
112001873666 9278033
112101874544 7909746
112201848736 9477796
112302114809 9349195
112402136080 9118378
112501726904 8586216
112601728268 8669674
112701911425 8348964
112801995569 6625479
112902163256 5835914
113002145775 7548102
113102179639 6208563
113202195676 6397702
113301750758 6793980
113402185512 6159832
113501937716 6698836
113602099431 6633648
113702151600 6562508
113802143991 7045605
113902041890 7758315
114002208464 6453267
114101900856 6137930
114202073625 7543465
114301745811 7729592
114402181261 7845275
114502049780 6980003
114601796567 7241430
114702207349 8995161
114802195879 7288515
114902059814 6578289
115001742889 7715438
115101939169 8460167
115201741988 6783450
115302111654 6691981
115402089887 6238881
115502100766 8033996
115602001888 6769598
115702182791 6895903
115802076566 6111442
115902213127 6356339
116001825217 7764285
116101770145 5966195
116201891201 7419559
116302179631 8500488
116402260662 8605563
116502216560 7909620
116602146460 6776144
116701765412 7520208
116801803494 8436134
116902232318 7724114
117002206126 5781963
117102184603 7806367
117202144179 8836135
117301800609 7240815
117401792553 6496126
117501775078 7877947
117602167802 5922970
117702009627 6948520
117802122807 7339709
117902155339 8027597
118002113664 7440587
118101784355 5784443
118201788710 7505707
118301806970 5661545
118401942988 7722536
118501916160 6358836
118602169423 6860931
118702034712 5254295
118802240296 3910647
118902140390 4806282
119002251907 4498502
119102030051 4031170
119202227082 4064383
119302145685 4308904
119402123531 3593515
119502300573 3414816
119602228074 3649771
119702132888 3946391
119802206900 4096750
119902071858 3221373
120002237975 3763382
120101961606 3769075
120202213474 4216430
120302225366 3232905
120401944853 4325460
120502018167 5509952
120601865033 5842413
120702064049 4049398
120801845468 3771374
120902066040 4012223
121002164743 4091578
121102141841 4385005
121202177439 3370489
121302107704 4227991
121401885495 16671260
121501884932 14073983
121601893648 15034047
121701939929 14838695
121801830801 5753968
121901884809 5885333
122001904224 6195780
122101923165 6160217
122201923536 6607305
122301905983 6347960
122401931631 6086499
122501924508 6388698
122601931158 6411860
122701833199 6614506
122801935200 6433397
122901845334 6162060
123002018464 6194673
123101945887 6247046
123201937865 6174140
123301946325 6006350
123401942636 5928801
123501938617 6829740
123601939922 6718946
123701944731 6713847
123801860790 6802195
123901938150 6865007
124001968389 6759485
124101863380 6617990
124201943770 6687881
124301957551 6345394
124401938567 6826236
124501948903 7144625
124602013271 7184392
124701966271 6827549
124801940649 6708276
124901967441 6386260
125001970230 6442182
125101878182 6809046
125201965070 6131553
125301964312 6627737
125401883682 6637410
125501972825 6617608
125601953644 6928544
125701887569 7066505
125801979146 7490638
125901964311 7481364
126001977422 7389297
126102032291 6860635
126201894543 7226066
126302025574 7346873
126401979997 7397461
126501988797 6447231
126601987537 7291667
126701999606 7120784
126801907072 6862869
126901999826 6091135
127001961765 7063447
127101908105 6715474
127202002012 6882576
127302002946 6444006
127402001931 6604414
127501999305 6711913
127601997769 7096410
127702025369 7293017
127802006468 7115652
127902019385 6913606
128001950873 7082254
128101982370 7110826
128201926619 6812582
128302011952 7644106
128402013559 6922057
128502019109 7312711
128602039640 7395994
128702028458 7011046
128802035535 6594388
128901935375 6714158
129001937773 7137374
129101939947 7045800
129202012479 7089953
129301949689 6974602
129401946092 7430206
129502037717 7504759
129601948075 7163370
129701947498 7572259
129802036617 7577412
129901952489 7555966
130001956603 7371596
130102023809 7103003
130202050469 7340902
130302057014 7638711
130402038064 7231086
130501963895 7108442
130602045791 7648018
130702052605 6792594
130802040974 6885136
130902030440 6933417
131002042640 6805215
131102055160 7426083
131202047728 7607630
131301973028 7253819
131401973360 7453080
131502059307 7057085
131602064818 7448898
131702079098 7097565
131802071452 7470367
131902050921 7039789
132002076144 7066967
132102031902 7027948
132202075286 7688455
132301986938 6772928
132402073757 6625432
132502026098 7549358
132602095993 7120697
132702085076 6836876
132802085770 7139532
132902068166 6890962
133002080032 7783476
133102081230 7763831
133202077955 7350953
133302090344 7517374
133402106752 7009904
133502078751 7690773
133602092619 7461484
133702108432 7317468
133802094337 7436790
133902083705 7764599
134002106659 7734473
134102101482 7395956
134202017506 6693981
134302112646 7530027
134402018284 7628548
134502048199 7370150
134602108779 6896179
134702114488 7783456
134802075504 7268711
134902027126 7679117
135002027867 7553284
135102105801 7294191
135202112770 7471710
135302186337 7233198
135402120293 7777128
135502127252 7658885
135602119772 7720556
135702119314 7799076
135802042649 8080641
135902042333 7556898
136002043046 7840373
136102035749 7368591
136202140362 7126609
136302120114 7929378
136402128522 7562613
136502147471 6904376
136602123937 7473266
136702146516 7852872
136802118916 7911108
136902146677 7998531
137002156206 7921295
137102061430 7650147
137202059911 7656678
137302071110 7795534
137402069248 7989701
137502147922 7498925
137602102496 7012712
137702164830 7441166
137802147420 7551521
137902156649 7427609
138002072906 7876311
138102156726 7335424
138202077118 7541059
138302078275 7922576
138402160503 7919560
138502149857 7995986
138602226588 8069572
138702155573 7895305
138802175181 7798628
138902175062 7861735
139002134129 8240023
139102111500 8319589
139202109879 8534261
139302172982 8321715
139402190922 7568431
139502181660 7487795
139602102795 8080758
139702102286 7485586
139802175124 7453804
139902104734 7725026
140002199168 7217455
140102107899 7866218
140202192555 8087745
140302160436 7843912
140402192249 8051426
140502195788 7963094
140602183277 8189780
140702104635 8293082
140802184281 7963794
140902215246 7826267
141002120065 6868563
141102121395 7241249
141202148526 8251355
141302215322 7221872
141402203105 7150641
141502128494 8016159
141602212961 8187171
141702131815 7908107
141802131017 7735895
141902224755 7979086
142002188720 7919040
142102225040 8111978
142202223489 8024137
142302274748 7857006
142402132800 8012219
142502227964 8050871
142602141954 8262575
142702246103 7827204
142802146373 8030249
142902241449 7348922
143002243891 7389730
143102229922 7567375
143202225528 8366253
143302175602 8227791
143402145722 8084508
143502248791 8277006
143602228051 8482376
143702162561 8339798
143802252524 8657977
143902246937 8385100
144002248693 8411320
144102166002 8366164
144202168411 8505370
144302245414 8312690
144402249419 7718861
144502182004 8016616
144602250050 8316385
144702250775 8287759
144802251758 8415575
144902180020 8426075
145002273793 8171335
145102269210 8140845
145202172755 8152669
145302275277 8167799
145402184871 8480234
145502266717 8566786
145602268387 8545188
145702269625 8584480
145802277473 8555128
145902183722 7773406
146002196181 8381618
146102280965 8733901
146202250338 8534998
146302267873 7726568
146402201621 8164829
146502202988 8172771
146602294053 8217916
146702206370 8105870
146802286930 8475689
146902286008 8847265
147002212288 8965185
147102288169 9164190
147202308694 9236585
147302213653 7863596
147402216670 8365259
147502208231 8742518
147602291010 9096408
147702327161 8460907
147802224117 7896049
147902289086 8645598
148002402006 8751560
148102320983 8754861
148202296936 8804034
148302325812 8366693
148402313252 8585637
148502233321 8806566
148602319890 9303360
148702262299 8047594
148802238686 8447990
148902238662 9331721
149002336338 8144572
149102240242 8367332
149202316139 8624584
149302246677 8883972
149402245997 8757018
149502255485 8955962
149602303208 8496891
149702310472 9460829
149802308398 9058308
149902261509 9064046
150002316114 8153202
150102316661 8820412
150202334000 9286870
150302332769 8971807
150402313897 8320114
150502347618 7766547
150602348184 8559871
150702338660 9173808
150802329331 9716551
150902340886 9250710
151002339619 9254851
151102329501 9308013
151202323357 9707087
151302275536 9739310
151402351340 8703804
151502404937 8622946
151602356613 8043136
151702339417 8911864
151802340548 9414737
151902348227 9613184
152002339607 9513967
152102357737 9847182
152202349719 9940850
152302357051 10085797
152402291393 9106546
152502385575 8706954
152602388485 8827633
152702379969 9122881
152802370494 9252693
152902352753 9903478
153002360186 9883384
153102357033 10050270
153202364034 10509080
153302369064 9233165
153402383660 8806454
153502384757 8551472
153602379614 8640340
153702380510 9250564
153802386299 8731596
153902379855 9094188
154002306379 10023919
154102386831 9181208
154202317202 9125153
154302375041 8219605
154402319447 9023183
154502416208 9201135
154602421619 9434994
154702391841 9578867
154802387968 9074590
154902384009 9437786
155002391636 9076720
155102392439 9054919
155202437643 9164815
155302417966 9310493
155402399170 9594413
155502396560 9774450
155602340491 9820179
155702428827 9960201
155802395401 9712729
155902343355 8986909
156002346486 9539069
156102406702 9518913
156202453033 9080035
156302418039 9458108
156402413897 9798864
156502409357 9820042
156602411933 10616789
156702445865 10008568
156802414260 8540055
156902435757 8198903
157002361331 8325063
157102364165 8592685
157202363135 9101821
157302429541 10010909
157402420682 9758786
157502439532 9192461
157602427256 9425441
157702429196 10567318
157802424253 10308244
157902448042 9576024
158002487097 8581134
158102446561 8837895
158202452350 9356780
158302439585 8947382
158402463458 8922814
158502464667 8424160
158602454225 9269752
158702388969 8304475
158802460951 8889083
158902452361 8949364
159002492745 9089011
159102451255 9467994
159202471868 9209044
159302394133 10085544
159402498362 9442001
159502449176 9176342
159602498352 10454464
159702483481 7774904
159802405612 8773684
159902460863 8805122
160002461687 10009212
160102487524 10028861
160202462241 9828742
160302498470 9290999
160402471624 9303536
160502474441 9268478
160602511870 9028040
160702471833 9303661
160802419088 9724645
160902480056 9060875
161002486392 9935902
161102491914 9769822
161202480420 9415045
161302426801 9917537
161402506780 9449978
161502489976 10225848
161602430285 9611197
161702525450 10579066
161802432646 10658423
161902489084 10598241
162002518580 8247817
162102514587 8514694
162202437550 9310354
162302512686 9406167
162402536841 9187483
162502496436 10331855
162602513428 9882575
162702506896 9547375
162802507519 9786181
162902497669 8946662
163002511645 9098848
163102507476 9708481
163202518179 8974328
163302516552 9979121
163402506608 10156825
163502546212 10017968
163602461926 8730425
163702529968 8892976
163802549013 9371543
163902538970 9369368
164002565567 8622130
164102533905 10033723
164202528616 10659350
164302472314 9917464
164402540573 9941093
164502535011 10022501
164602540869 9802405
164702524928 10372859
164802536152 9800019
164902538718 10320593
165002535857 10688250
165102537067 10370443
165202485113 10205282
165302552159 9692483
165402546480 9035065
165502490823 8741613
165602544704 9186030
165702570666 9926088
165802587903 8968752
165902555286 9088057
166002581826 9819033
166102568331 9214887
166202608033 10289495
166302562131 10021195
166402579848 9427452
166502574708 8845344
166602541989 8918201
166702508779 8367722
166802512232 9173800
166902567201 9450023
167002565472 10624294
167102582902 10336323
167202594440 9828868
167302591486 8262190
167402518261 9736214
167502573216 9725982
167602598965 8260638
167702522334 8523526
167802587430 9167112
167902589977 9194584
168002525734 9773486
168102612959 8748718
168202586147 10037538
168302581800 8983486
168402532673 9639147
168502580977 10097575
168602593669 9353814
168702585028 9834321
168802540050 9897366
168902605573 8984801
169002603960 10165408
169102615603 9103350
169202593059 9182793
169302651161 9179187
169402606865 8408932
169502625166 9757256
169602615798 8856449
169702619835 9948459
169802555615 9306604
169902610768 10254075
170002557483 9156052
170102614904 10150196
170202618169 10449096
170302621515 10592469
170402616777 10646516
170502644357 10385643
170602622795 10043935
170702625278 10379945
170802626513 10340211
170902633560 10543848
171002626049 10357591
171102630094 10571644
171202633253 9455271
171302566993 10392474
171402635168 10295827
171502636159 10540710
171602678566 9523736
171702619362 10129851
171802638406 10825907
171902641409 10693637
172002644621 10671244
172102643755 10619641
172202644043 10721132
172302646993 10668427
172402673443 10447533
172502593784 8601376
172602705720 9052847
172702647723 10256980
172802657217 10370376
172902657827 10585208
173002673476 10501694
173102660532 10702946
173202658970 10328362
173302606713 10104691
173402674955 9892635
173502677749 10388638
173602666605 10789747
173702676680 10248235
173802717113 9695192
173902616310 9763100
174002678354 8814416
174102673607 9588226
174202708662 9475193
174302678296 10369798
174402680890 10707561
174502684018 10720558
174602806338 10805154
174702686386 10818823
174802685898 10937810
174902707402 10736099
175002689142 9771796
175102686931 10763892
175202692784 10772128
175302692149 10803166
175402692394 10567213
175502697405 10717956
175602696717 10746693
175702705533 10704967
175802700364 9948930
175902701228 10781811
176002704420 10998190
176102704746 10773547
176202701919 10942656
176302705703 11037927
176402710594 10987330
176502712446 10956343
176602756537 10868764
176702716043 10986162
176802715658 11024821
176902717231 11023521
177002718694 10951820
177102719048 10891853
177202721829 11000884
177302723266 11028024
177402723343 11015944
177502724825 10948951
177602725111 10939358
177702728099 10998795
177802730598 11035149
177902732441 11022862
178002734924 10881472
178102736052 10952758
178202734768 10997882
178302738693 11044146
178402738576 11008621
178502742721 10879590
178602743066 10967058
178702743570 10986987
178802742862 11045523
178902744285 11014550
179002754167 10866505
179102748208 10978029
179202752190 10992757
179302753521 11031518
179402773560 11022828
179502754119 10856922
179602756462 10987769
179702757755 11002371
179802761771 11022932
179902760277 11015578
180002763565 10866176
180102766658 10978464
180202777539 11016744
180302765225 11014588
180402770513 11015730
180502772470 10870339
180602773230 10973538
180702773310 11023564
180802779198 11020661
180902777431 10988459
181002811093 10869895
181102780053 10981434
181202783584 11039298
181302784372 11025817
181402784394 10969354
181502785088 10876976
181602786929 11002418
181702790084 11026448
181802790227 11028862
181902793590 10933864
182002791717 10918446
182102796310 10995025
182202797281 11028139
182302798049 11019220
182402800407 10895540
182502802820 10952767
182602804787 10994611
182702804722 11041500
182802808728 11016282
182902807262 10881820
183002807367 10961866
183102809926 10999723
183202810222 11047771
183302813837 11010143
183402849722 10876569
183502817517 10973111
183602817913 10989944
183702820871 11037979
183802854059 11024572
183902822368 10855202
184002823179 10989795
184102825905 10999535
184202822491 11027630
184302826815 11016733
184402827532 10864491
184502832792 10982965
184602831483 11010692
184702835375 11019528
184802887751 9822272
184902886486 10595725
185002897967 11011404
185102891605 11506107
185202868336 11875082
185302871504 14286972
185402850275 15967948
185502850613 20002707
185602875087 12426586
185702885756 12955795
185802885593 13446164
185902924691 12612410
186002895967 2871802
186102863046 19708406
186202828302 29032989
186302873069 24876472
186402831640 23044360
186502825665 21544222
186602871219 21039215
186702831751 20665528
186802831226 20658344
186902918785 19864602
187002905409 19656545
187102923731 19929193
187202928050 19662806
187302925370 19193222
187402910569 19002368
187502930224 19034442
187602920168 18646508
187702854248 17593886
187802894066 17509169
187902965116 18503404
188002878999 19589760
188102849636 18860920
188202960100 19763329
188302946684 19626685
188402946341 4859945
188502965166 3878552
188603213207 3680587
188702993424 4097366
188803261645 4431165
188903020454 4424336
189003129504 4350247
189103281410 5450775
189202948083 5635906
189303007527 6045443
189402943555 5981129
189502961066 7176322
189603028783 6094611
189703325391 5761982
189803254223 6222687
189903127389 6657021
190002871190 7730649
190102994443 8354076
190203039464 6813288
190303001397 7021094
190403166457 7841663
190503172999 7832830
190603017795 7519382
190703006314 9079456
190803005101 11105076
190903316807 12507439
191003179214 12655869
191103066258 14765184
191203077907 9382928
191303308784 8928309
191403172156 8910956
191502919345 8782006
191603156419 7483345
191703085541 5790946
191802990777 5863616
191903093451 7070547
192003019836 6890789
192103046751 6672778
192203242209 6673241
192303363833 5315173
192403179269 6229707
192503252479 5834665
192602934295 7759175
192703315449 11864577
192803323617 8661000
192903057741 6823564
193003056965 7153554
193103339107 8896107
193203125114 14870053
193303091027 13539239
193403369288 9235501
193503159644 10123021
193602932450 11688036
193703114388 12708775
193803304938 14370542
193903307461 12680864
194002994344 11444421
194103096404 12261872
194203258985 11746006
194303217815 11527800
194403236253 9303436
194503357515 10282551
194602967262 11733629
194703371415 11713986
194803414567 9591573
194903086055 10032043
195003142285 7909307
195102955252 8817081
195203240187 6891908
195303283023 8587980
195403368140 7313105
195503348974 7328290
195603395585 7203518
195703230123 7526442
195803289087 7362126
195903298730 8296060
196003325866 8175071
196103267773 9304616
196202964183 8473110
196303421987 6981690
196403283234 7871375
196502987884 9564360
196603103017 7893089
196703163735 7059633
196803350260 7367142
196903419039 7549340
197003407576 7762955
197102978697 8326085
197203405700 7615574
197303450829 9687018
197403469690 6328094
197503315547 8619519
197603365325 6876987
197703458223 6079007
197803356820 7058340
197903350396 6830219
198003375770 6099313
198103000218 6468896
198203223447 7156792
198303204003 7811005
198403161977 7790841
198503391394 9336109
198603394289 7297235
198703422233 10423144
198803349049 10318679
198903455705 6536248
199003463835 11051376
199103009619 9063166
199203416947 6820777
199303415781 10619680
199403348197 7338311
199503468983 6863453
199603015880 6594235
199703046000 7396703
199803411091 7377120
199903413343 6577953
200003253916 6627989
200103538151 7678451
200203023991 7420026
200303455524 6433958
200403027997 9026167
200503498890 8803274
200603505944 6740753
200703495022 10416812
200803481135 9604044
200903156601 10949574
201003040694 15959546
201103402092 17704214
201203185844 11011610
201303337147 11834419
201403414343 13568935
201503526770 13349446
201603416354 11972753
201703450760 12033120
201803108080 17687338
201903105434 14496879
202003108856 13587071
202103128631 14307186
202203135011 5952030
202303045714 6566126
202403131891 6923916
202503131522 6904827
202603201558 6625245
202703050310 7170271
202803131566 6823062
202903150622 7247239
203003058898 6513509
203103144638 7362139
203203049882 7244302
203303151451 7061140
203403136164 7165808
203503151274 7199880
203603151749 6792896
203703072830 6585418
203803149144 7213289
203903161701 6549695
204003138864 7080377
204103074724 7082469
204203165057 7007842
204303077082 6925499
204403169082 7232173
204503172632 7514290
204603171423 7264083
204703080235 7284002
204803086145 6960094
204903086520 7176670
205003174495 6908010
205103089806 7275579
205203188176 7428233
205303090291 7150140
205403185834 7133195
205503183109 7313463
205603187756 7269197
205703195655 7374549
205803185476 7177729
205903200528 7329920
206003185195 7273099
206103102440 7013403
206203194515 7340389
206303192972 7196009
206403111763 7508429
206503205836 7008115
206603122651 7093124
206703196698 7479194
206803114638 7173524
206903113447 7348255
207003187421 7416551
207103213773 7341651
207203127411 7113806
207303196549 7201633
207403196553 7123559
207503210016 7320548
207603221982 7178340
207703230052 7236028
207803128263 7471213
207903129740 7227171
208003233478 7429285
208103132726 7386773
208203168778 7534940
208303210326 7675565
208403139839 7463198
208503234201 7397060
208603239464 7485334
208703224486 7477302
208803237719 7767764
208903200588 7326095
209003235028 7582832
209103247266 7427802
209203151492 7658705
209303236129 7859989
209403152573 7515064
209503248943 7380350
209603249442 7498558
209703256552 7448229
209803148718 7338472
209903193827 8110945
210003162733 7570903
210103257426 7772502
210203258747 7675694
210303263630 7793586
210403273438 7659303
210503244126 7522448
210603176153 7368968
210703262653 7716267
210803173738 7359163
210903262376 7620501
211003264905 7471084
211103178558 6924417
211203273863 7566108
211303270133 7298124
211403267409 7515621
211503184951 7456298
211603280744 7433489
211703289696 7551976
211803283575 7511779
211903289270 7675871
212003293035 7725433
212103288114 7644907
212203195896 7531439
212303282101 7898063
212403307671 7683912
212503297708 7804481
212603255569 8236498
212703280641 7917899
212803293591 7726553
212903306049 7282429
213003308869 7665596
213103296213 7651286
213203209466 7943135
213303211720 7551508
213403307899 8025791
213503312557 7991938
213603307464 7814574
213703323766 7887152
213803221996 7751080
213903220581 7679753
214003224169 8168004
214103319452 8026167
214203317352 7867475
214303219219 7930603
214403228956 8042496
214503229543 8118013
214603230131 8144310
214703230748 7899712
214803337426 7880903
214903235112 7828956
215003327560 8169488
215103315255 8000062
215203344626 7618318
215303242621 7768820
215403244279 7741543
215503245935 8063191
215603326820 8021698
215703326352 8081537
215803250306 7681172
215903353712 7940463
216003355348 7971505
216103253402 7928717
216203341860 8207781
216303260330 8158032
216403339706 8227819
216503326361 8139949
216603261022 7879463
216703330164 8102740
216803365821 7933333
216903267474 8115261
217003360557 7948153
217103342735 8532911
217203272220 8355022
217303351592 7955170
217403344557 8634768
217503336834 8319546
217603336867 8209670
217703372173 8122372
217803277069 7642629
217903283639 8065330
218003282104 8046665
218103285565 8116303
218203286195 8172615
218303381445 7960621
218403371417 8370880
218503384480 8274036
218603471888 8091291
218703294870 8422052
218803379792 8395052
218903288788 7828344
219003386529 7979353
219103372013 8273864
219203303781 8110756
219303304928 8547380
219403397691 7482922
219503371370 8595488
219603401014 8416337
219703374394 8330341
219803395167 8234689
219903310331 8238509
220003317042 8209051
220103420288 8227207
220203390733 8267345
220303318985 8220314
220403320097 8373270
220503412073 8614016
220603388038 8139310
220703393580 8753142
220803407166 8171850
220903400113 7953007
221003410795 8385434
221103330594 8272198
221203397239 8253550
221303410809 8618728
221403424744 8535468
221503417985 8323416
221603406011 8214979
221703444694 8167271
221803407626 7610542
221903412833 8540792
222003408560 8679179
222103416076 8451253
222203424769 8877305
222303423885 8535715
222403420737 8214866
222503431304 8394805
222603429870 8270322
222703353536 8372754
222803358162 8364645
222903423271 8539425
223003453049 8694882
223103360054 8775493
223203390166 8782612
223303367564 8230839
223403430756 8401781
223503433236 8487966
223603369715 8384135
223703431025 8975722
223803371112 8977659
223903461800 8653105
224003487410 8085697
224103383612 8368916
224203442873 9016037
224303497593 8887114
224403439839 8898696
224503448525 8686976
224603448943 8558803
224703386652 8298616
224803481044 8598128
224903458071 8623201
225003459370 9001586
225103456233 8800904
225203472112 9026956
225303461212 8698655
225403474686 8330461
225503462449 8473840
225603462476 8917738
225703465577 9057676
225803459711 9031306
225903469206 8568587
226003472001 8723363
226103472971 8750997
226203488553 9031436
226303475503 9044025
226403474311 8983018
226503476969 8578627
226603480810 8846194
226703481028 8863648
226803480736 9029177
226903486228 9055822
227003492006 8760324
227103420633 8495550
227203492012 9003168
227303488349 8906974
227403493010 8912028
227503491391 9039537
227603491614 8558345
227703500532 8416736
227803495830 9072759
227903431373 8965592
228003499939 8771264
228103501218 9029605
228203509430 8791004
228303527137 9026828
228403505015 8873703
228503505579 9003164
228603506851 9061108
228703511496 8992420
228803509283 8745055
228903508704 9065259
229003516815 8967905
229103515609 9101552
229203516539 9021419
229303517191 8745640
229403519517 8836610
229503529184 8859632
229603518980 8813280
229703524814 9021327
229803528773 9028090
229903526664 9048111
230003530075 8834671
230103531830 9042295
230203533826 9047379
230303537331 8837184
230403533708 9060675
230503538885 9029295
230603538091 8860959
230703554176 8994796
230803542661 9009833
230903540537 9024903
231003547296 9008317
231103546429 9008032
231203548552 9027528
231303551102 9020533
231403550628 9021700
231503547583 9024382
231603554517 8996093
231703554078 9077767
231803557511 9026925
231903558115 9020400
232003561269 9041253
232103562039 8987157
232203558748 9072713
232303560885 9027606
232403566546 8951562
232503570543 8939973
232603570046 8888625
232703567726 9013422
232803572918 9000349
232903576313 9008914
233003575589 9047810
233103579548 8965154
233203578034 9083264
233303579031 9009729
233403580689 9020479
233503582078 9051511
233603584771 8980594
233703584748 9057679
233803586279 9011610
233903589167 9025069
234003576742 9049379
234103593659 8993728
234203669620 9064217
234303649454 9143166
234403659730 10481046
234503683688 10993398
234603695120 9749971
234703655183 10464730
234803619101 13528026
234903619560 14286354
235003598413 19362848
235103635982 15701493
235203656822 12814175
235303684546 12009757
235403663644 12139287
235503716194 5758949
235603691465 4805792
235703604314 13614765
235803629570 25277010
235903589277 23924180
236003581419 24354589
236103582635 22542182
236203619024 22012319
236303594349 21694783
236403663515 23093071
236503687479 23725644
236603601747 23688529
236703650407 23241170
236803670951 22747110
236903587179 22374789
237003605293 21941451
237103617462 20975865
237203614688 21003960
237303733889 19861236
237403630554 19496550
237503601170 18456442
237603717418 18906443
237703678012 17503785
237803729653 16851725
237903723275 16014530
238003744848 14027762
238103862810 11358871
238203948901 3049872
238303886600 2638997
238403947058 2382369
238503970807 2440559
238603783446 2547403
238703937437 2606522
238803734489 3020480
238904023509 2136550
239004002762 1842522
239103865545 2128238
239204065150 1904669
239303814392 2796088
239404027076 3444300
239504005695 2833740
239603705056 2878489
239704036910 3504546
239803593546 3949097
239903822456 4096770
240003756071 4114768
240103909698 4080267
240203773925 4025744
240303878368 3874510
240403780641 3732910
240503867499 3948978
240603793096 4109904
240703779558 4418914
240803923155 4011589
240903850687 3912860
241004054100 4278103
241103764889 3171713
241203878557 3711816
241303789009 5110113
241403859532 5330758
241503996487 5036694
241603976556 3889882
241703821765 4995141
241803768031 6463351
241903862268 8161499
242004044533 8284390
242103691221 12698633
242203687497 17455326
242303767169 21093845
242403699734 23563576
242503848615 15979397
242603993161 12612313
242703669831 13435692
242803693556 15020630
242903887257 11665371
243003678008 10010443
243104009808 8146481
243203698453 12802907
243303715641 12889717
243403678207 13934861
243503689406 10927132
243603692995 10915108
243703686587 10670460
243803689194 12590375
243903842948 16171453
244003698075 14902026
244103914572 13701299
244204007950 12893835
244303697678 10461172
244403698874 10722818
244503801585 11919773
244604020707 9966427
244703865526 8963702
244803973627 10781980
244903876728 10153000
245003828807 8784569
245103949484 8873363
245203892238 9028216
245303836228 9682821
245403707212 9026841
245504105911 6654622
245603980907 7757379
245703721285 8460219
245804154750 7644876
245903944089 6182875
246003716664 6739765
246104100744 8011739
246204037217 11010619
246304126036 8309547
246404132680 9258930
246503725919 8800286
246604018805 8262803
246704039804 6572611
246804241185 7447466
246903782590 7943840
247004007715 6927626
247104041487 6533638
247203938662 7487022
247304175343 7911904
247404087499 7191465
247504177191 5952252
247603746808 7388625
247704048007 8067200
247804203600 6063955
247904028364 5985234
248004077332 7017478
248104058889 8001567
248204058836 6305561
248304040490 5995390
248403890615 6282913
248503763398 6445568
248604081109 7435068
248704193916 6093260
248804221659 5385446
248903768243 5153768
249004188623 6951305
249104086548 7995178
249204004719 6749239
249304076956 5838695
249404060232 7136109
249504210189 9487370
249603770920 6955758
249703782492 5508459
249804026658 6287257
249904145790 9834542
250004216318 6619738
250104194466 4929476
250204130812 5488568
250304309380 7939100
250403818363 7313107
250504205930 5637499
250604027846 4576643
250704161633 7620996
250803963344 7398989
250904112077 6072556
251004266015 5310078
251104145586 8214402
251204203744 7525009
251304129166 6544244
251404146216 4922702
251503799374 6985064
251604133316 7712053
251704078123 7657227
251804240633 12874913
251904191847 14781797
252004123835 13010455
252104218163 12606315
252203810505 11370407
252304276121 10527163
252404036089 9856065
252504050560 11015938
252604283524 11600915
252703869814 17626453
252803868210 14375166
252903884498 15035468
253003811123 12686051
253103904430 5996790
253203913697 6221062
253303816145 6108171
253403822946 6716922
253503897487 6790754
253603907915 6598982
253703914143 6601547
253803821412 6784073
253903824622 6935095
254003877761 6893668
254103915286 7020293
254203925729 6874973
254303911927 6903259
254403922953 7245055
254503835582 7202150
254603932420 7495238
254703829634 6751429
254803925014 7817272
254903926395 7500341
255003841360 7431611
255104005783 7703579
255203935489 7448299
255303916039 7438960
255403914048 7569993
255503903365 7241008
255603930052 7474506
255703949320 7412513
255803901576 7048586
255903905106 7480377
256003941576 7188072
256103848290 7667695
256203861418 7491163
256303934568 7451020
256403946829 7745558
256503962454 7230011
256603907340 7206252
256703959617 7078432
256803951403 7091684
256903958398 7336257
257003871389 7257168
257103874269 7421285
257203958891 7512218
257303946503 7409926
257403972368 7689709
257503880296 7390310
257603880487 6986839
257703882388 7431413
257803976118 7518526
257903951494 7426320
258003890743 7398748
258103878255 7093014
258203974741 7111535
258303977203 7090523
258403984300 7228391
258503989680 7670508
258603981384 7559054
258703989293 7540826
258803991305 7765197
258903996381 7557275
259003983040 7566770
259103907383 7536278
259203995043 7333250
259303990760 7465666
259403908052 7702727
259504009760 7568445
259603975269 7714019
259703998493 7533954
259803982410 7718997
259904000983 7827402
260004003975 7276628
260103919654 7198010
260203998612 7544355
260303922051 7962694
260404018485 8073667
260503924557 7782879
260604009380 7750901
260704042619 7496488
260803949606 7507622
260903931220 8077541
261004014691 8100904
261104020932 8096531
261204021727 7927534
261304032927 7776597
261403938850 7931247
261503940562 8023392
261604020571 7929495
261703945038 7837122
261804036707 8324655
261904023490 8162312
262004032558 8007529
262104026101 7910296
262204034293 8007572
262304035920 8458255
262404035693 8339228
262504049962 8575009
262603958168 8406194
262704040574 8108453
262804044768 8293508
262903962588 8156122
263004047190 8516082
263103964542 7848504
263203968266 8163049
263303967843 8289642
263403960545 8226054
263504052244 8298998
263603971389 8341478
263704019097 8237445
263804053365 8525274
263903976977 8731799
264004060811 8722078
264104060905 8817256
264204056950 8638052
264304052468 8862483
264404071833 8372948
264503989426 8488452
264604069858 8498979
264704087571 8336756
264804065604 8696265
264904081683 8789544
265004060841 9007815
265104060811 9114614
265204048835 9313778
265303997296 9203208
265404108245 9069989
265504078080 8749922
265604083361 9290930
265704004548 8379076
265804077757 8686079
265904012415 8889536
266004064049 9726273
266104086768 9811876
266204075700 9342035
266304127259 9430680
266404074194 9272788
266504014881 9572612
266604083690 8477065
266704081038 9723109
266804010873 9690228
266904081421 9486321
267004088928 9276401
267104110044 9705233
267204084531 9530163
267304126710 9012306
267404094444 9139835
267504102786 9838143
267604032417 8272175
267704092426 9711656
267804089319 10157396
267904099830 9774390
268004097060 10047325
268104096433 9799857
268204099502 10071237
268304113323 10191010
268404100922 9621589
268504105782 9758429
268604107544 9777682
268704105822 10100152
268804107819 10037460
268904110958 10175682
269004112575 10085801
269104112844 10136301
269204116405 10268090
269304110524 9772490
269404108729 9447386
269504117503 9934972
269604122183 10079515
269704113676 9861535
269804123311 10244994
269904130137 10123043
270004125760 10177363
270104127006 10069695
270204129299 10255764
270304133353 10271760
270404131798 10133760
270504133434 10189707
270604135262 10102510
270704139356 10265699
270804138773 10209255
270904136268 10059129
271004141619 10187505
271104144093 10111061
271204145368 10131844
271304147467 10265099
271404141834 10187276
271504148233 10178202
271604151083 10119820
271704149398 10179194
271804154415 9773695
271904156077 10183991
272004158073 10186226
272104164061 10109398
272204153232 10289124
272304161557 10122534
272404162362 10191040
272504161717 10135565
272604166735 9631771
272704165818 9921549
272804172694 10264297
272904172204 10174322
273004170827 10064079
273104172923 10102118
273204172512 10266386
273304178522 10264447
273404179971 10184621
273504183324 10186649
273604188761 10114712
273704183453 10264221
273804186323 10254524
273904188841 10196508
274004190152 10156462
274104187602 10136636
274204187162 10251541
274304193662 10214595
274404195011 10171424
274504198024 10066719
274604198573 10181628
274704198711 10283259
274804201900 10239308
274904241248 10206336
275004205921 10136919
275104205939 10154498
275204203489 10274451
275304208515 10243887
275404210467 10193337
275504247991 10119037
275604211607 10167570
275704212518 10200000
275804214070 10241091
275904220739 10187798
276004216708 10105770
276104218354 10203711
276204221258 10279876
276304223560 10229038
276404225521 10183048
276504226123 10099353
276604226496 10203792
276704231025 10241810
276804231463 10048945
276904234295 10174351
277004234513 10100066
277104237813 10208243
277204234917 10295033
277304237668 10263964
277404241249 10190351
277504239449 10101253
277604240257 10236394
277704243363 10303162
277804244539 10211145
277904246045 10193144
278004241697 10107212
278104247638 10255016
278204251578 10284655
278304252205 10201667
278404252788 10194679
278504253883 10122012
278604257781 10258154
278704261495 10263994
278804260646 10207904
278904263821 10172822
279004263418 10140661
279104264806 10268338
279204264460 10238959
279304265493 10219034
279404269183 10148949
279504268216 10161639
279604269419 10291575
279704272272 10249527
279804275749 10197972
279904276856 10131059
280004281089 10178098
280104278065 10284715
280204279492 10249545
280304281168 10201452
280404284505 10115384
280504284478 10205619
280604287209 10290008
280704288203 10242249
280804291854 10195339
280904295389 10106715
281004294568 10209675
281104295698 10295911
281204295973 10232678
281304293890 10178311
281404300469 10110275
281504295058 10221203
281604302085 10305089
281704302474 10220142
281804304990 10194575
281904305559 10095973
282004306464 10250419
282104308856 10294956
282204311921 10203351
282304308662 10190290
282404314764 10111997
282504313559 10256122
282604316116 10267749
282704319879 10182215
282804320111 10162564
282904318854 10109793
283004322162 10256339
283104326872 10261093
283204327543 10204534
283304331554 10163484
283404328397 10145663
283504332314 10263580
283604333219 10240743
283704333366 10209565
283804333906 10151266
283904336650 10160800
284004338114 10286734
284104341482 10242808
284204340498 10198779
284304342845 10127869
284404339448 10176022
284504346815 10283591
284604347564 10247912
284704347245 10197521
284804351335 10111011
284904347217 10208502
285004348697 10292111
285104353873 10239224
285204357422 10190911
285304358315 10106104
285404360211 10214026
285504360227 10299625
285604362664 10231930
285704361561 10181468
285804398853 10106799
285904366832 10220813
286004368468 10304149
286104368593 10214915
286204373048 10192631
286304373445 10090473
286404372419 10248920
286504376487 10296518
286604380484 10204510
286704376538 10191618
286804425601 9659520
286904437238 10325911
287004452956 10926290
287104448117 11188742
287204466287 10996431
287304411615 13866275
287404414552 14287057
287504388454 19922153
287604426384 14819549
287704431508 12739308
287804443831 12934664
287904453896 13088339
288004460349 4712520
288104389499 15211538
288204371878 33208681
288304367566 33027217
288404377553 29192314
288504381110 27444362
288604423917 25872251
288704441264 24397677
288804373092 23368178
288904372946 19973498
289004453808 18820581
289104446841 18277546
289204377631 18224180
289304423133 18001782
289404378886 17488035
289504438450 18563888
289604426984 19236759
289704384986 20300970
289804394388 21458608
289904387852 21854901
290004392588 23431594
290104424171 23306611
290204564660 24294326
290304411103 25594936
290404394208 26196633
290504390927 36376079
290604397687 36406201
290704401890 33054990
290804398735 28944733
290904419070 35186580
291004402527 36478016
291104401672 37682317
291204408714 35963047
291304402849 34582402
291404403870 33515283
291504470131 33258469
291604559546 33078695
291704409704 32807467
291804413351 32447197
291904412412 19756337
292004756060 10350044
292104822870 10311801
292204441832 10903717
292304792354 12637357
292404421478 15555474
292504422779 11330699
292604912257 14401475
292704903525 11505113
292804930789 10929710
292904901827 9755837
293004876228 10307893
293104441390 14440218
293204928282 11559161
293304712481 11721736
293404438822 8239474
293504917513 10272143
293604944350 9641335
293704797040 9637525
293804810466 10088274
293904912934 14193409
294004916763 10718858
294104790311 11970023
294204632497 10456134
294304942282 12158468
294404942014 8541285
294504935910 10257930
294604943039 8974881
294704461725 16628870
294804963408 15167249
294904931893 12317114
295005295623 7794445
295104936887 8028577
295204968941 10375433
295305004946 7512610
295404928503 8113873
295504475621 8938697
295604944009 8376008
295704676533 7614905
295804478288 15062156
295904557663 13063512
296004561294 13921906
296104569212 13760834
296204556248 10336833
296304551899 5928688
296404568036 6276068
296504560190 6292928
296604473122 6353753
296704551780 6483773
296804570110 6539926
296904565179 6901860
297004574284 6813229
297104572937 6727380
297204479635 6400422
297304579173 7034225
297404486387 6857398
297504576307 6997730
297604571323 7326510
297704581901 7171275
297804556452 7395186
297904582025 7521279
298004490615 7510895
298104582268 7413475
298204594899 7489006
298304598274 7341814
298404599832 7488668
298504498811 7443232
298604504250 6698846
298704602418 7163747
298804573542 7605085
298904505844 7410074
299004605628 7812883
299104573196 7598690
299204504946 7720455
299304514652 7594291
299404515468 7557674
299504605426 7727700
299604607817 7371218
299704625030 7379931
299804519663 7777228
299904602694 7569799
300004521161 7255896
300104541358 7443926
300204542024 7560182
300304555994 7388385
300404531443 7683627
300504569218 7546446
300604632438 7676392
300704533898 7547853
300804535083 7732113
300904635897 7394076
301004599595 7695060
301104619800 7912811
301204638781 7560969
301304632900 7739469
301404541724 7539636
301504635711 7550900
301604546100 7915200
301704582085 7705254
301804632040 7674435
301904657727 7816679
302004545339 8095162
302104638057 7647095
302204646694 8200389
302304647522 8292721
302404648961 8140089
302504589311 7686693
302604561535 8101684
302704649829 7887057
302804645192 7841588
302904666777 8373419
303004654441 7737220
303104655292 8267931
303204647095 8548765
303304662217 8259396
303404637298 8362500
303504636207 8317210
303604651047 8776969
303704569460 8847838
303804714638 8353853
303904673980 8390160
304004680303 7756921
304104669146 8386025
304204647985 8333069
304304586626 8381574
304404652754 9147556
304504686495 9234395
304604602438 8189020
304704674697 8756129
304804656735 8869857
304904653781 9481345
305004657457 8642206
305104657779 9673514
305204657539 8700137
305304705636 8939896
305404604872 8337164
305504667041 9256638
305604668711 9100787
305704667000 9655961
305804705076 8838502
305904669986 8463631
306004678751 9191632
306104677056 8965629
306204675423 9478292
306304676675 9618425
306404621920 9341932
306504682508 8969512
306604703677 8552968
306704687948 9043633
306804685533 9540330
306904688021 9537804
307004687730 9615877
307104690093 8880741
307204693321 9427852
307304691804 9454722
307404694975 9606084
307504691951 9673050
307604696357 9501918
307704700139 9443305
307804702967 9456503
307904704723 9497231
308004705060 9475988
308104706373 9464389
308204708278 9428460
308304711445 9494060
308404712049 9489423
308504714988 9454897
308604715153 9443033
308704715678 9462558
308804718962 9500107
308904722373 9485181
309004720518 9459112
309104720502 9423032
309204724799 9493958
309304723452 9487610
309404725058 9458170
309504731356 9432854
309604729098 9479775
309704732674 9475086
309804733093 9491221
309904736230 9467756
310004735454 9429186
310104736602 9481792
310204737595 9489368
310304741628 9466859
310404742075 9418953
310504739665 9492815
310604748730 9468594
310704745600 9492793
310804749458 9471705
310904749389 9449259
311004750983 9493102
311104754807 9467088
311204751942 9471078
311304754944 9423828
311404756953 9491688
311504756843 9481205
311604761868 9468207
311704761646 9447793
311804763511 9452494
311904764614 9496592
312004764395 9471151
312104765476 9472766
312204768240 9429933
312304771704 9492810
312404773127 9483340
312504774687 9458509
312604779634 9449632
312704778801 9456039
312804778535 9494832
312904824020 9489572
313004780430 9456684
313104783341 9421478
313204788863 9495047
313304787632 9493412
313404789868 9448834
313504788408 9439003
313604863445 9066464
313704890323 10004147
313804887568 10185420
313904866258 9981941
314004855448 10311466
314104813417 14177231
314204797985 14620175
314304799348 20001498
314404824076 16174942
314504852604 15314346
314604838811 15075205
314704729789 28635099
314786372754 28558216
