100081810 31401298
200021896 30198718
300021542 30424309
400020074 31064376
500005827 85600796
600004014 151466998
700004352 194720673
800004842 236386291
900000902 326830557
1000005215 376553031
1100004701 430759000
1200006010 475151858
1300004826 449373420
1400005238 470954989
1500000913 469652470
1600004230 503439861
1700000721 530995729
1800004948 564487419
1900002609 599752736
2000003148 618027596
2100004979 647398146
2200000886 606380563
2300005382 629187017
2400000588 587140525
2500003706 597799514
2600004941 595275364
2700002663 592905414
2800004611 602934018
2900000903 606575613
3000004163 617109622
3100003207 674380207
3200004248 608757196
3300003819 596470031
3400004733 611637224
3500003247 604076379
3600003418 604110581
3700000673 585257933
3800004463 597318290
3900004595 603031862
4000005998 604884123
4100003631 609742701
4200000772 612008827
4300004285 614321785
4400000922 612697972
4500003091 624086859
4600003764 480084180
4700007128 218426314
4800006484 119996157
4900006897 147722512
5000003591 200499371
5100004235 227706638
5200003140 225982019
5300004264 224989522
5400003475 230448170
5500007436 238581180
5600001554 238358161
5700003204 238886763
5800007883 236803343
5900005722 237999111
6000006175 240142025
6100005814 247654933
6200005209 245805014
6300003281 244709428
6400002094 245352399
6500003298 246755072
6600001229 245136198
6700005315 246709393
6800004038 185184999
6900006613 179515984
7000005205 201145847
7100006606 189754779
7200006933 184260305
7300003608 189049277
7400005247 188992080
7500006549 89785109
7600016982 82674130
7700016977 83454470
7800020186 104912173
7900023061 88955295
8000006416 87519750
8100006373 111469165
8200016211 98115270
8300004142 114496255
8400016263 101315575
8500016741 93912946
8600005784 106115342
8700022226 75048710
8800021605 73709627
8900004579 73081456
9000018360 73288694
9100019241 73061170
9200007482 96630380
9300005931 78538832
9400021696 74206690
9500004356 79749932
9600006575 76086442
9700011599 119941967
9800022118 96836052
9900015527 120785246
10000007755 87944578
10100017583 89635485
10200007398 108949030
10300004998 105685670
10400017341 107910613
10500017524 127144051
10600016527 111833523
10700006102 135597909
10800003335 132504886
10900005915 115160402
11000004762 145893322
11100006677 166323495
11200017026 124869764
11300025778 154369631
11400006291 171889774
11500006775 160107932
11600005800 168537642
11700004224 179229417
11800020521 167706393
11900019013 166804380
12000005328 171016100
12100005932 181936409
12200002953 187527601
12300005417 180936040
12400005805 181941403
12500022886 174605527
12600005694 181515307
12700006196 194601293
12800007532 176412358
12900005528 176357575
13000018805 162903490
13100005538 192667980
13200020004 150461205
13300014955 117056169
13400015611 164554246
13500023293 192449808
13600006054 117436063
13700003732 167542150
13800007768 189894056
13900015478 170380644
14000003896 185942322
14100004133 178336785
14200013740 177661152
14300019928 188965650
14400005906 172786416
14500004620 188996613
14600004369 165605161
14700005209 174764773
14800003413 189795971
14900004519 187405536
15000002796 185158208
15100004838 180162731
15200004464 173419930
15300006182 185821749
15400004274 178053523
15500001467 192969023
15600004342 180869197
15700003342 184899049
15800023447 189769171
15900001712 179067175
16000013676 201995934
16100003837 165040203
16200003802 167035665
16300005119 174137481
16400003941 188601013
16500022022 177236000
16600003568 197562253
16700006491 191347609
16800004382 178574216
16900006624 181891807
17000003681 188828653
17100018274 176585442
17200015579 184073120
17300004097 188927709
17400014872 181112323
17500005028 191025547
17600003330 175708680
17700003810 149146398
17800006025 196941024
17900022863 176838796
18000004866 154688478
18100005313 189614786
18200005032 205050963
18300005523 204581260
18400005221 194976469
18500018054 179854190
18600005194 177706462
18700011909 170037272
18800014985 209062777
18900013408 177690377
19000004051 196848771
19100004915 187726730
19200018780 188597686
19300001152 210555031
19400005830 191146431
19500017309 201941023
19600005169 192479339
19700019009 180670038
19800035075 201587022
19900004400 185495943
20000015993 190324880
20100003239 201415273
20200019952 186116318
20300004397 184466806
20400003253 198272336
20500004992 207462574
20600020445 178345368
20700005803 191378901
20800006554 183653174
20900006305 206959506
21000020367 184867800
21100005799 189522097
21200004404 206282719
21300016536 219536707
21400004888 193759371
21500005124 189348781
21600004374 201258228
21700002107 212016387
21800006187 197697281
21900005971 197418258
22000004444 205434575
22100002423 206329443
22200023569 211868253
22300004999 193917132
22400005792 211267384
22500004935 212568300
22600006730 202507116
22700005899 210594053
22800005389 203487308
22900002352 237319746
23000005671 241732954
23100001469 247090055
23200006603 200093604
23300005021 252843226
23400005417 199206442
23500005795 208189989
23600004815 247600676
23700006355 241428993
23800001825 255344434
23900013269 269695891
24000018720 230213711
24100002699 228615630
24200004532 250443169
24300001201 254474760
24400005363 280207774
24500006160 250578459
24600001620 248002985
24700005964 261957778
24800001774 295484855
24900005126 317715106
25000004714 256080532
25100003130 249843110
25200022376 293072583
25300006176 327630015
25400004904 280834904
25500016148 230128292
25600005078 281652696
25700001693 326670733
25800003217 294550645
25900002535 281420488
26000005047 285937533
26100001882 389919126
26200002035 305497557
26300001924 281495773
26400019536 335407061
26500004336 316322121
26600002559 287554201
26700005908 320616988
26800003467 356130032
26900002969 276670914
27000020910 284536651
27100003356 364751794
27200006319 260391624
27300005950 334564355
27400001550 287585076
27500002183 337815441
27600001735 243476223
27700001883 338318561
27800002296 333409596
27900003785 263384043
28000004087 326948113
28100004397 244460078
28200002583 288533696
28300006375 310071424
28400002556 245040786
28500023826 271370475
28600003282 290859289
28700002017 274158530
28800002742 289662243
28900002812 291331584
29000002957 298961286
29100003653 266574946
29200005117 298825485
29300005058 271241942
29400005406 335974297
29500016947 260556869
29600004443 254973325
29700004979 245563116
29800018200 292131397
29900003987 275397957
30000006347 320315487
30100003095 257246591
30200001760 291677536
30300005256 335523561
30400001765 276592983
30500003461 255840773
30600021762 337289062
30700004110 285240053
30800001793 300953930
30900025065 266780445
31000006374 258199848
31100024851 339290991
31200005767 253301842
31300003705 283553420
31400001548 274157329
31500004086 262610793
31600003264 214795792
31700005169 274137111
31800002538 195394846
31900013921 226047554
32000018513 181189632
32100004367 206326173
32200016112 177555368
32300004240 187583742
32400004399 202231072
32500005054 181419985
32600003293 197025488
32700005123 192521885
32800004433 180690377
32900024402 195250540
33000005848 178303226
33100021335 195114583
33200005190 181181612
33300004883 194525809
33400004475 181122696
33500005166 195296209
33600004762 180447310
33700002365 178249661
33800008812 178600031
33900025457 227582021
34000005103 221120608
34100005392 250304591
34200002873 262506028
34300016600 329152668
34400023824 285241760
34500003051 282282294
34600002935 275017145
34700004061 278283845
34800012217 284754417
34900004297 281355018
35000003539 274762883
35100004232 294920705
35200006978 298975020
35300004146 434614538
35400004256 423030981
35500005659 530855372
35600004746 579103179
35700005167 535216352
35800004095 536449323
35900001114 559207951
36000005294 610438320
36100004781 615014537
36200000799 626792405
36300005831 614162319
36400004119 632232954
36500005067 596319500
36600000961 610612146
36700000920 609068962
36800004828 598384336
36900005018 555025153
37000005318 550141264
37100003080 520834902
37200006201 571482312
37300005950 544465439
37400004049 604147163
37500000934 620297565
37600004035 583850966
37700005677 604682994
37800004689 599130471
37900005014 593130497
38000005355 551358617
38100000829 585228700
38200000542 564656600
38300000966 584854933
38400003684 582541250
38500000950 568706368
38600004152 573201050
38700000961 547747108
38800004788 544559647
38900006122 545038676
39000000777 584508589
39100000447 541631488
39200005489 568361098
39300003835 578708850
39400005855 563720389
39500004374 562072270
39600005592 592679581
39700000426 580591858
39800005931 582786308
39900004033 571273955
40000000877 552065277
40100004345 541836889
40200003712 558220855
40300003967 552072778
40400004524 563379246
40500005639 547520356
40600000831 540181830
40700005105 550414692
40800006757 558272236
40900004209 553357189
41000006534 545048759
41100004857 565736731
41200006269 556652097
41300000804 532584983
41400005175 553545369
41500003859 575510080
41600004236 566357868
41700006459 545874178
41800004022 574624900
41900000863 561011067
42000000862 554166478
42100005280 563400771
42200000822 554608542
42300005414 561513187
42400000626 557295244
42500000961 548779221
42600000817 561994089
42700000527 567672956
42800001064 541623110
42900004075 552173815
43000000862 560408090
43100000438 563358947
43200000956 550923891
43300000781 546942615
43400004245 553328992
43500003828 574074885
43600004139 557161048
43700004698 563142737
43800006019 551662992
43900003729 540768323
44000006483 549380453
44100003925 555315712
44200000399 551946034
44300003782 530244296
44400005364 568447564
44500000834 546556822
44600003989 542764078
44700005421 555263211
44800004730 592399337
44900003960 578647322
45000003563 546099792
45100003029 550296739
45200004183 562173016
45300000896 615532399
45400000753 570503065
45500004831 598414143
45600005223 557832788
45700000919 541823063
45800004517 551791241
45900000800 558885569
46000000835 556941188
46100004896 581798465
46200004339 563975126
46300003441 566591145
46400007233 567459847
46500000889 566740537
46600005476 577684612
46700004923 553160187
46800004097 548555693
46900000483 534008374
47000000416 579918536
47100004557 565007906
47200004635 642896572
47300000839 552527625
47400007571 564429626
47500004079 563523201
47600004198 582191407
47700003990 541731322
47800003768 565671265
47900004113 525995987
48000005576 549230619
48100000483 572354376
48200004249 604691747
48300004235 586989712
48400000883 565576203
48500006734 556813657
48600005639 590007007
48700006909 552471267
48800000459 614297876
48900006099 572038190
49000039526 565537600
49100003368 550830810
49200005540 548469514
49300005245 576642479
49400003236 564127039
49500004641 579693152
49600004623 572854838
49700006061 567724292
49800000873 564026118
49900004359 578312893
50000005894 558069859
50100005538 560039679
50200006775 543603214
50300004283 567259907
50400003918 575242918
50500004071 574961779
50600004715 576906062
50700003850 577011353
50800003948 589516897
50900000863 579838404
51000003876 573230501
51100000892 555883105
51200004819 575067292
51300001012 564101691
51400000844 579150211
51500004858 595025231
51600004773 577269525
51700004676 552112865
51800004244 562127018
51900004292 628435135
52000000957 612058417
52100003691 559905720
52200000499 563390175
52300005813 568292527
52400004310 590052863
52500004920 575477593
52600003936 584733281
52700005798 592609503
52800005062 552069844
52900000822 551906819
53000003623 559805542
53100005139 555419378
53200005642 542118159
53300005328 575249203
53400003818 574721187
53500000790 546996046
53600000918 614042752
53700000918 574840557
53800000924 665953709
53900000804 535317022
54000004268 575338398
54100004705 572982797
54200005294 600493466
54300001004 591690201
54400004682 575200092
54500004449 577403016
54600006676 570195987
54700000901 562278760
54800001023 583286660
54900005310 554940628
55000000802 596859320
55100004378 630588456
55200005583 760621044
55300000806 617214875
55400000882 555931145
55500003467 540936583
55600005895 557176990
55700005948 585842713
55800000945 595281956
55900005058 588181652
56000004942 545672235
56100001138 546102306
56200000914 602045087
56300006962 570055365
56400005393 589581809
56500005055 553986751
56600006299 587421834
56700000411 643881049
56800000963 599858466
56900005602 585641498
57000007056 565514244
57100003639 628004573
57200004473 578190003
57300006123 567939514
57400000908 618641833
57500000393 627547796
57600005641 554838075
57700004025 532384226
57800003634 573784287
57900000854 593551238
58000000941 601221697
58100001129 583283206
58200003875 613131137
58300006965 621185653
58400004245 674979471
58500101879 600218541
58600004274 614612480
58700001036 578611880
58800005481 590509908
58900004287 610402487
59000005063 569199238
59100006364 584838769
59200005150 615994921
59300003793 584614954
59400004862 573145335
59500000496 604629581
59600000855 577149703
59700001668 577802356
59800005427 578400144
59900004321 649794491
60000000869 664229813
60100000543 617984166
60200004155 570036877
60300003993 561391933
60400001196 593554754
60500003972 600293027
60600000918 598651964
60700000969 606815324
60800004813 606318326
60900004013 570582807
61000001113 608211569
61100004346 597087795
61200005170 565801683
61300003340 616052685
61400006189 604291924
61500001819 620791858
61600004658 681522607
61700003819 562354420
61800004276 576131037
61900005749 579968809
62000005108 590087652
62100005272 588021204
62200000810 615795915
62300007236 603820312
62400005251 570482737
62500005274 549739642
62600000791 595607649
62700003722 614027248
62800003701 578438140
62900007084 594397856
63000005569 627090189
63100003558 603117432
63200004537 620176833
63300005571 624291658
63400000895 730702412
63500005843 569833310
63600000388 557972934
63700004378 632364722
63800007831 574155014
63900005185 582717237
64000005502 544060500
64100006585 594838302
64200004117 601946749
64300006190 624015863
64400001136 549185867
64500005914 577921858
64600004833 629532901
64700006143 651708175
64800000546 557801144
64900000848 574470556
65000000824 572886928
65100007451 562304265
65200005313 603819392
65300004282 596601247
65400004305 579309904
65500004177 586328009
65600006324 604142006
65700000864 570527466
65800007232 523556785
65900004200 585406219
66000003733 622506897
66100000978 572961619
66200005455 569500718
66300005366 642443527
66400005115 620060924
66500005701 568533423
66600000725 579604032
66700004203 575459289
66800004956 564380090
66900001054 596875348
67000005001 596946123
67100000532 604544219
67200000900 554816942
67300003946 544089935
67400000834 679857283
67500004489 603386079
67600005944 596037789
67700007716 635463012
67800006278 598052855
67900045574 571051523
68000004802 544881411
68100000836 565996687
68200005169 613785813
68300003761 574709091
68400003973 587157580
68500001594 570067715
68600003669 554078714
68700008010 567021937
68800005883 547617701
68900000939 539963844
69000000942 564976896
69100006746 569639924
69200005469 567091749
69300005966 527454173
69400004233 530443477
69500004660 557230231
69600000954 552791496
69700004340 541797698
69800003710 537383371
69900004197 537386352
70000005589 531091906
70100004346 561876351
70200000841 539388905
70300006362 557909557
70400004479 555245822
70500003814 495730142
70600001077 504069772
70700000503 522952453
70800003728 511352532
70900003503 465127699
71000003866 542193413
71100004069 535984736
71200003531 604037036
71300007572 577226205
71400003820 560297632
71500004918 591313554
71600000878 519144894
71700006610 531520906
71800003910 519841438
71900003823 497215032
72000000869 463656634
72100003724 540723309
72200004344 489833830
72300003987 572014744
72400007417 728137917
72500006180 549265234
72600004018 436359972
72700000910 526292669
72800000671 501584553
72900003738 480001289
73000000891 516910202
73100035502 539649354
73200000874 501001389
73300003867 546128655
73400001033 644280347
73500003700 482799477
73600000497 476664794
73700000560 444367572
73800000619 480118946
73900003901 421909638
74000000791 533546517
74100004490 515488712
74200004833 559087308
74300000629 533786586
74400007763 442908444
74500003527 566336145
74600004152 402262742
74700004728 410202820
74800003880 459591512
74900005692 485490547
75000004436 517460817
75100004756 589838803
75200000998 533202627
75300005381 497628360
75400000981 499346877
75500004144 467265578
75600003637 432985114
75700003920 400819968
75800005018 444857014
75900000467 477357571
76000006068 571069902
76100003938 539644346
76200000792 448344400
76300000924 507017493
76400003331 462633930
76500000811 425806620
76600004257 420348144
76700004302 449027064
76800005346 577625680
76900008142 541765459
77000004031 417267526
77100005370 492263186
77200004192 449273696
77300003924 460405344
77400004403 406503558
77500003494 487093866
77600000943 419260418
77700008287 492591644
77800008084 354793029
77900003924 504513443
78000003809 438572093
78100003811 426555763
78200004524 475120580
78300004282 474813377
78400004103 421274780
78500007224 500008149
78600004373 429326105
78700006997 373391306
78800004238 386028276
78900000649 449895048
79000004099 455051934
79100004009 351572635
79200003932 531116046
79300003878 405392141
79400003740 365125809
79500000903 452131312
79600006062 447179677
79700000492 468869532
79800004120 461861348
79900006737 416825312
80000003887 618987918
80100004317 500259052
80200004377 352122075
80300004086 345240790
80400004362 362650166
80500000812 364804528
80600004168 444957780
80700007357 496554063
80800003977 335768488
80900004155 343184193
81000004459 403654685
81100004002 339312405
81200003792 333250457
81300003392 459056069
81400004050 438080631
81500003717 374770231
81600003572 327337601
81700004293 344235240
81800004168 371979664
81900003848 354913243
82000003959 521313616
82100003744 364875656
82200004140 313406290
82300003886 297302453
82400004138 321804666
82500003968 447264318
82600004964 515397276
82700005089 517499293
82800004281 378058560
82900003873 318862574
83000004179 311387189
83100003914 378078161
83200000520 298625452
83300003764 522866846
83400003571 377278408
83500001036 380998151
83600003681 375764292
83700004347 388937599
83800004339 307495153
83900004169 438045239
84000004064 384033668
84100004071 354541063
84200003945 317922679
84300003789 306991019
84400003816 307400207
84500005469 495333201
84600005117 519395137
84700005078 403631354
84800004881 496498709
84900000956 468841848
85000000869 344304275
85100004334 359325399
85200004060 335882240
85300003906 484486604
85400003971 382773401
85500004268 315045040
85600004268 315235877
85700003907 305975298
85800004021 315502358
85900003968 344439863
86000003973 327248807
86100003724 293259332
86200004637 276618946
86300004544 292809189
86400004723 328844829
86500004438 285215220
86600004494 275857611
86700004498 339784160
86800004110 287032292
86900004299 373756394
87000003914 294412383
87100003670 286830974
87200004385 276812032
87300003939 292997680
87400004303 282159948
87500003655 311343358
87600003903 286122283
87700004289 276937068
87800003783 276215748
87900004106 276663266
88000003970 315110590
88100004032 273928963
88200004143 274587366
88300004119 273752698
88400003799 274525576
88500003651 273848143
88600003836 285067388
88700004184 273988009
88800003948 273393294
88900004031 273572409
89000004055 273204524
89100004415 272895059
89200004152 273973203
89300003955 273200744
89400003495 273500067
89500004136 273469899
89600003923 284042252
89700003964 287778445
89800003733 275971170
89900003958 275898788
90000003872 275543519
90100004673 274339897
90200003935 274575852
90300004163 274223922
90400003728 273734398
90500004375 273871275
90600004053 273657714
90700004012 273996891
90800003987 274581060
90900003521 273456970
91000004427 274250836
91100004181 273138981
91200004461 273421279
91300004084 274196417
91400003973 272812467
91500003719 274036391
91600004194 272895495
91700003757 273606583
91800003982 273898711
91900004369 273012443
92000003747 273758758
92100003471 273047206
92200003590 273610202
92300004335 273746099
92400004510 272978488
92500004190 273809820
92600003918 273058020
92700003805 273177449
92800003770 273583851
92900004244 273357335
93000004505 273851174
93100004142 273310337
93200004880 273224570
93300003956 274189818
93400004198 273626748
93500003870 273769172
93600003752 273348199
93700004459 273009119
93800004028 273929715
93900004153 273110826
94000004065 273278828
94100003934 273369443
94200004624 272542962
94300004246 273811891
94400004069 273319602
94500004482 272904155
94600003755 273740740
94700004336 272626851
94800004033 273345846
94900003935 273689991
95000004653 272852254
95100007451 241446723
95200006288 173448183
95300005981 188668987
95400005677 201224701
95500004922 201093585
95600004776 227477791
95700004766 235621839
95800004139 295879376
95900005229 246790565
96000005256 200359710
96100005665 213193855
96200004388 220189434
96300010830 153200921
96400010069 119324700
96500006768 134049035
96600003171 168024418
96700002398 280450815
96800002138 250297046
96900002515 237921347
97000002049 235217857
97100002703 228606766
97200001901 230699991
97300002748 226486516
97400002016 225737290
97500011069 224344917
97600009404 224392328
97700002069 231149386
97800007808 234317240
97900006614 240708506
98000008687 254532352
98100007232 268181350
98200005663 270205509
98300004432 278129824
98400002091 273753890
98500006436 270485646
98600006591 251810802
98700005289 249560800
98800006394 229829122
98900007278 132996018
99000025756 98744049
99100006948 110873515
99200015740 137707088
99300004461 109894634
99400006614 89468779
99500022429 95138369
99600003561 105352082
99700028172 115807783
99800006496 109332392
99900005674 100930013
100000018289 93953328
100100005058 115064734
100200009450 112475613
100300016956 108978270
100400007909 104632944
100500019821 108866102
100600022132 93177995
100700024739 99768784
100800006562 98821232
100900008183 98947602
101000007566 104995922
101100018908 109435315
101200017411 100738141
101300099804 95149198
101400010205 97992692
101500021951 87335242
101600007633 110234622
101700009145 98874268
101800006482 111633278
101900001664 107315986
102000006880 111098046
102100019810 94279819
102200007667 108294840
102300004289 112253974
102400008431 104013096
102500024786 93496912
102600012838 90375113
102700012714 96409411
102800009747 105016061
102900022249 108052860
103000015516 110372770
103100020729 73825006
103200013939 89720598
103300014580 78553353
103400009106 75542677
103500016521 80102750
103600023037 72844053
103700008668 75548739
103800018599 78076421
103900002178 80264333
104000027799 74742618
104100021347 79888976
104200026464 84307652
104300022748 88107596
104400011556 117665522
104500012112 101717365
104600023244 83301562
104700020854 77572942
104800027936 79559133
104900013078 75822628
105000017873 80572883
105100013327 80845891
105200021685 77539366
105300023681 83216735
105400020199 80022150
105500020414 83616138
105600016648 82933084
105700013827 82653887
105800014239 99333981
105900013487 101110168
106000009194 123716795
106100003079 103288136
106200010547 85078407
106300019003 84893296
106400015857 89029794
106500009297 85790875
106600015707 87782981
106700017966 94358101
106800018196 87875410
106900023759 87205556
107000013875 83177614
107100012818 89329621
107200010818 110294572
107300022886 135191915
107400009511 134254820
107500005695 110579709
107600011509 98565213
107700009660 101263150
107800013446 98987769
107900010263 118233074
108000006632 119625260
108100002517 111545783
108200018616 127807993
108300001865 165420945
108400006063 180608110
108500001797 163030817
108600037617 218714573
108700006963 229700466
108800006208 230908191
108900001498 234271968
109000008024 247841246
109100006805 251594338
109200017377 251909991
109300022440 253358845
109400016363 248257561
109500002781 240475040
109600018170 257781679
109700012401 245670837
109800003888 235928704
109900004445 252174065
110000019891 249081617
110100002593 250167182
110200003786 253537338
110300002286 241738519
110400003210 222945716
110500002430 223466841
110600017991 218373436
110700013933 210931787
110800023202 199596233
110900023841 219776840
111000019523 193059631
111100012215 188826154
111200002996 188465449
111300005016 179201159
111400022606 175512499
111500011889 162429652
111600003232 190085421
111700011092 208131241
111800005196 202684156
111900001581 199599383
112000005060 159742220
112100022309 201738035
112200016528 177134616
112300004811 175398597
112400021063 184300145
112500021011 171555342
112600016212 171754720
112700021147 136031299
112800020790 131149329
112900004956 156433372
113000022677 138847818
113100001760 142851403
113200024182 137295161
113300001540 138599473
113400018291 140918019
113500001471 146171919
113600022961 132652517
113700004560 148098185
113800008952 160629287
113900001450 134919841
114000017101 154312603
114100013462 177346840
114200004662 167898558
114300001597 162031555
114400024477 151674883
114500025377 154952598
114600004994 177786558
114700230279 153565095
114800020044 142319061
114900013214 161658318
115000024519 173512326
115100019882 142537903
115200015874 146572218
115300024304 148315716
115400020338 164817083
115500002493 139937369
115600017545 143689278
115700021552 136925052
115800001696 145665753
115900022051 160503751
116000005328 142753281
116100011679 157497947
116200007531 193536851
116300023707 202260651
116400004937 148185045
116500005494 151852637
116600013849 157844050
116700020339 182370171
116800019757 164702073
116900016038 141944451
117000001606 163125176
117100001534 164132682
117200021283 157710979
117300023497 139407386
117400018972 160753130
117500020514 139865534
117600018331 142288116
117700009979 161659393
117800010963 175568526
117900011272 149441025
118000013753 127932178
118100014736 166485208
118200001571 139560209
118300014230 172206975
118400005205 180190559
118500014845 144341788
118600023269 115819651
118700027789 107905920
118800009155 119820923
118900024400 98252649
119000028228 105548640
119100017434 105267179
119200022389 106492989
119300009243 91606411
119400016222 100512730
119500025151 100698568
119600016363 101664798
119700022097 91359115
119800023385 91378749
119900023628 93024958
120000019658 103673986
120100025954 103571425
120200022368 87859919
120300007304 137727701
120400007366 151240051
120500020459 137399911
120600011402 100327380
120700020133 99219975
120800018028 113216247
120900140563 99417700
121000024667 100052994
121100025991 96937535
121200002200 173519916
121300003775 345780578
121400003800 302111163
121500003654 274956858
121600003589 347241151
121700006559 467793936
121800004604 495027212
121900005632 498358400
122000000939 517933455
122100003681 517500602
122200005685 507641312
122300004002 485346035
122400000313 523838617
122500000929 516740295
122600000917 527624612
122700005627 508444511
122800004129 504618448
122900004545 491168742
123000003688 491237427
123100000915 477219984
123200003933 502669153
123300006166 488350079
123400004502 545498961
123500004866 517931678
123600004220 554861257
123700004728 534953656
123800000462 565544555
123900001915 507658469
124000005542 560364482
124100000851 525455636
124200005284 500958489
124300004924 567279257
124400004976 549277275
124500001008 577324859
124600005009 555161317
124700005617 523750053
124800005788 513263023
124900004582 552554188
125000004587 508547586
125100003970 502355395
125200003648 508824771
125300004531 516644944
125400004707 523235667
125500000821 556691075
125600000542 563739665
125700000867 618920435
125800004112 604046398
125900001112 601853554
126000005456 552126036
126100005698 600978720
126200000892 568004176
126300003894 600417401
126400005173 538459502
126500004787 609790085
126600004782 534679091
126700000924 561827426
126800004972 491694168
126900003903 543399591
127000006276 537574733
127100004070 547759402
127200000861 498792454
127300000935 541061018
127400005308 525771188
127500000984 547526867
127600005564 567534865
127700004386 529960189
127800004270 542385961
127900006135 600537877
128000004820 547744173
128100004829 559285443
128200003666 587409558
128300003806 539951034
128400004342 551782918
128500004746 570565798
128600004680 567808149
128700003104 501454009
128800003780 515144168
128900004231 550796539
129000006959 561482587
129100004106 539645602
129200000940 547801713
129300004329 588634480
129400000838 575980956
129500005189 582626181
129600004799 591765897
129700002840 599468632
129800006134 615468440
129900004923 542215623
130000005658 548026592
130100001066 581405531
130200000821 574246581
130300004311 562434723
130400003882 545222151
130500003912 550391997
130600000927 520175796
130700005259 518265265
130800002189 529713264
130900000910 543580694
131000000409 596236071
131100000944 581977382
131200004871 539317035
131300003278 549059266
131400005842 555884439
131500004761 565420660
131600004984 561759997
131700004512 537316651
131800000898 577020744
131900000752 541591530
132000004939 580734118
132100003829 563954189
132200006540 517427637
132300003512 559700755
132400001000 566116988
132500004652 555491415
132600000882 511952881
132700004697 565507734
132800003987 560353118
132900005726 601967515
133000000653 579140973
133100001110 600863722
133200005908 533876030
133300004252 550078957
133400004719 570483483
133500008289 592690658
133600003301 560889054
133700005767 577973599
133800003953 574764833
133900004648 580450494
134000003677 550799199
134100005024 527298085
134200004935 561571089
134300004276 560384066
134400004767 526919133
134500000509 548522942
134600001046 601295370
134700003396 556430148
134800005164 598026263
134900004275 581194703
135000003939 548788400
135100000845 547782784
135200000928 571403029
135300006214 608164048
135400006385 560026257
135500003452 575515324
135600001576 609620842
135700005722 647922306
135800000732 588640083
135900004864 566884761
136000000859 575177225
136100000824 551248625
136200005681 592319471
136300000802 535687825
136400003736 518961864
136500000873 563529239
136600004309 585468956
136700004228 584296453
136800006827 612393038
136900004653 586213185
137000004180 566260435
137100005120 569380831
137200006534 584895807
137300003934 572854576
137400005413 546695205
137500003458 565567826
137600003129 539088258
137700005089 592767969
137800003831 611340513
137900000487 561689720
138000000869 522731767
138100000872 563806650
138200005200 569027154
138300003515 603234024
138400000804 647306441
138500000381 611399787
138600006404 587728219
138700004739 589319483
138800003853 606689481
138900000968 609004678
139000000419 648127751
139100003995 669978784
139200004290 619118700
139300000845 555304268
139400007172 595731809
139500000930 577529378
139600039371 575519479
139700000933 542794670
139800000883 568085004
139900000860 559364251
140000000924 583158278
140100006092 590781930
140200001064 610508756
140300000515 604087138
140400004033 605246188
140500000451 636519307
140600000960 614447635
140700005958 587746520
140800005522 553704566
140900005129 549775321
141000000776 583220842
141100005309 559820751
141200004862 525302205
141300003422 568565186
141400000930 594470332
141500000802 605117246
141600003644 574624626
141700007480 613124106
141800004705 583312825
141900005901 599612290
142000004997 631277652
142100006489 596434031
142200001008 564970398
142300000518 604190112
142400007798 630389061
142500004484 634723294
142600003394 602542697
142700006155 535617904
142800000853 546796849
142900000885 586114344
143000003223 541399869
143100005078 629086676
143200004491 587745083
143300005573 615342030
143400005032 605668111
143500005619 660872996
143600005704 626830431
143700000932 629457495
143800000710 614781263
143900000996 634177318
144000004858 579047176
144100000406 651946709
144200000914 589189295
144300003886 585679358
144400003220 558228639
144500004453 577586625
144600001086 620173155
144700003039 614258515
144800003338 612523251
144900005184 576304879
145000000434 579212566
145100005329 601440604
145200003625 604496730
145300004157 604002498
145400000975 585874015
145500003579 584449277
145600001288 615293426
145700003523 561636539
145800003435 585362861
145900001029 635683792
146000003598 603713127
146100005957 574092946
146200006385 564461479
146300000899 592052768
146400000908 597174349
146500005270 574090038
146600000839 603604761
146700003617 649006651
146800000600 646851008
146900000545 662421193
147000004331 622429081
147100000936 590724479
147200000421 578019607
147300003442 612980895
147400006161 615846020
147500003180 553113086
147600005624 553013571
147700003880 564365265
147800005417 616821172
147900007987 620913729
148000007316 596037999
148100000915 587618475
148200005339 586056496
148300000843 594007078
148400000704 585524204
148500001068 576734500
148600001036 565123948
148700003300 614036241
148800000843 550360266
148900005783 555666015
149000006633 584792820
149100000460 585469675
149200004095 599009734
149300003447 585285274
149400003672 575058745
149500004432 598571126
149600003927 557314771
149700006865 568540544
149800005171 557599195
149900001071 572678538
150000003487 580906964
150100003171 565233485
150200006647 566201224
150300000945 534351329
150400003476 571517966
150500003963 605904338
150600003494 579003829
150700000470 625150966
150800007298 555675995
150900007515 609882273
151000004268 576429404
151100004716 513586494
151200001042 497384334
151300003336 549757464
151400004358 538407509
151500007357 607259038
151600005666 585980715
151700000905 630303978
151800003872 573453119
151900005466 528745826
152000003452 498202559
152100002768 494530744
152200000586 536465226
152300007127 566347243
152400001547 592146931
152500004526 563545202
152600004919 538904581
152700003539 561136853
152800003566 534036677
152900003581 521685960
153000003273 448276734
153100003147 453215007
153200003486 544047847
153300003507 513772341
153400003366 557022544
153500007164 564762006
153600003639 556420716
153700000878 521205314
153800000708 525081801
153900007583 509147360
154000000492 497782383
154100003167 522114405
154200004215 550271344
154300005384 504551028
154400003283 568511465
154500003222 554555329
154600003438 522329555
154700004732 488836025
154800003836 538446387
154900003473 512839644
155000003474 472169374
155100003884 498045819
155200000969 491776024
155300005579 487269644
155400000826 483943395
155500003093 471557835
155600002999 469071978
155700000867 493429677
155800000746 537329652
155900003349 493352481
156000004410 508730775
156100003425 532805288
156200003704 474214754
156300002765 528894088
156400000915 455771973
156500002978 405801404
156600001000 503064496
156700000909 547066802
156800006144 523754252
156900003373 540989995
157000004538 546344264
157100003681 521054037
157200004799 479586684
157300004800 513080172
157400003406 552615035
157500000934 477360771
157600004702 414093922
157700003632 502808394
157800003945 493271576
157900003411 503851719
158000001408 480183261
158100000860 507691662
158200000829 518467560
158300005809 547357513
158400004033 556572395
158500004182 486790256
158600000501 485570614
158700003380 505932548
158800002775 492463946
158900005467 491455062
159000000962 480585342
159100003359 500605249
159200003156 447854104
159300003155 514875744
159400003232 440447432
159500000919 476048675
159600004433 514047986
159700003489 552373768
159800003314 476697291
159900003387 488882217
160000007049 446566757
160100003373 486054293
160200003654 500401379
160300003603 504833500
160400003326 476394311
160500003435 528677700
160600004463 475451016
160700000549 457777732
160800003386 491021495
160900004017 464278312
161000003246 520834923
161100003467 480789349
161200004396 501082023
161300003134 441808922
161400006808 437684981
161500003563 481376780
161600000403 424227270
161700003270 408109122
161800005782 430905590
161900005617 533702775
162000003359 530809654
162100003090 471333238
162200003491 476046448
162300003824 491609009
162400003499 408121848
162500000960 484855777
162600000812 459830584
162700005849 442913232
162800003061 485245570
162900000893 445503633
163000003542 462436744
163100003371 502412972
163200003594 420432718
163300003050 450433938
163400003263 425262901
163500006899 520213809
163600005222 512486597
163700003215 480680512
163800003648 491553218
163900003498 453880382
164000003672 416598693
164100003468 424559357
164200003266 437560409
164300000743 465497107
164400002908 454495778
164500003757 424899060
164600003257 457994625
164700003780 428516192
164800005547 433654561
164900003049 384961360
165000006185 454426907
165100000883 424576562
165200000887 518811033
165300003614 519623403
165400003753 501556618
165500003277 535418924
165600004091 494852886
165700000939 486170625
165800003456 491087696
165900003600 465364350
166000000963 431422761
166100003448 374436879
166200003586 443722955
166300003351 448625251
166400003831 504985299
166500005404 475286609
166600003406 523683286
166700003376 472662179
166800002878 430304602
166900003276 408757942
167000003647 432100783
167100004857 515164452
167200003361 522052059
167300003288 454372708
167400004150 454336637
167500003435 510185792
167600003278 491360746
167700003420 488318242
167800002134 497985170
167900003998 484539920
168000003394 500586605
168100004790 423811367
168200003612 462518938
168300003135 436708709
168400003412 455074268
168500008408 438661194
168600003557 384877193
168700002907 443967321
168800003207 483471916
168900000454 422994897
169000002971 516948533
169100000979 517308011
169200006540 441877331
169300003284 449373655
169400005995 517134205
169500003266 467929161
169600003309 474500666
169700003427 470847299
169800003162 447005814
169900003448 468518648
170000005785 398941249
170100003701 401477969
170200003360 376219015
170300004478 413549833
170400003606 422663882
170500003875 409398509
170600003619 376879937
170700003264 373121647
170800003573 387117275
170900003503 403077864
171000003285 396187776
171100000882 427678405
171200002902 416970127
171300003461 398544468
171400000982 394749145
171500003940 431034627
171600003772 386409082
171700003493 372292870
171800003061 369871680
171900003224 373319700
172000003407 375866401
172100003017 379536073
172200003714 398360275
172300001035 449873989
172400003335 465329570
172500003283 418064196
172600003312 379884718
172700002936 415066671
172800003454 377647762
172900004333 397528080
173000003336 402484243
173100000901 393394086
173200000827 415015619
173300005181 403882078
173400003593 354591750
173500003431 353522149
173600000901 416567854
173700003656 450584061
173800003244 438933522
173900003984 429630842
174000003692 438083234
174100003397 439030227
174200003342 380971281
174300003562 352046119
174400003546 353020498
174500003045 352207243
174600003078 345313845
174700003448 353322201
174800001673 386378334
174900003525 367901317
175000003327 327984738
175100003055 371766416
175200003077 346809763
175300003474 336694616
175400003087 340306715
175500003423 348582427
175600000813 388909876
175700003273 357836896
175800003129 333190280
175900003306 342026372
176000003085 338464028
176100003335 339672393
176200002972 327813200
176300003213 337908264
176400003010 332729812
176500002998 327994071
176600003109 327528287
176700003135 324206147
176800003303 324335994
176900003047 322336732
177000003311 323187607
177100003351 323674097
177200003087 323314953
177300003417 333676886
177400003174 322444515
177500003930 322957526
177600003421 323362890
177700003597 323637876
177800003585 323703999
177900003612 322136718
178000003333 323361998
178100003469 323848873
178200003921 323678128
178300003578 323302051
178400003175 321970085
178500003002 323481420
178600003180 323270408
178700003195 323869045
178800003387 322905761
178900003444 322739291
179000003272 323284412
179100002846 323047177
179200003211 323821220
179300003619 322284193
179400003069 322824244
179500003490 323161960
179600003804 323475013
179700003628 323839290
179800002782 322133133
179900003358 322735390
180000003668 323094896
180100003122 323238326
180200003760 323486374
180300003163 321826024
180400002865 322651234
180500003139 322587666
180600003322 323331556
180700003247 323425397
180800003742 321222455
180900003593 322637309
181000003553 322523099
181100003870 323006963
181200003264 322852228
181300003561 320861307
181400003528 321669561
181500003239 322204121
181600003281 322257543
181700003830 322728943
181800003830 321151387
181900003317 321630537
182000003505 322353443
182100003506 322476452
182200003225 323138680
182300003658 321353795
182400003232 322596661
182500003384 323027503
182600003507 323101105
182700003122 322957663
182800003401 321297645
182900003583 322683381
183000003832 322692178
183100003713 323041125
183200003369 322385512
183300003697 321875224
183400003200 322736540
183500003215 322791587
183600003405 323347992
183700003666 321475800
183800003076 322046634
183900003644 322129964
184000003578 322917441
184100003420 322694756
184200003345 321444977
184300003339 322035173
184400003361 322317539
184500003786 322699971
184600005173 272889028
184700005398 206967601
184800006545 202498694
184900005481 185850177
185000006030 183149507
185100005190 227981784
185200005213 235881404
185300003772 302052816
185400005234 257073201
185500005181 223971709
185600005860 211840815
185700006449 204123506
185800004987 174150926
185900002662 225670508
186000001851 346809476
186100001556 335564712
186200002978 311730709
186300002473 300521770
186400001460 294041507
186500005414 289925750
186600001691 292616345
186700006093 287773552
186800001661 282425187
186900005741 287790806
187000006370 283988066
187100005004 286461703
187200001806 281627168
187300004250 284632352
187400002171 275405646
187500001751 267939037
187600005620 263995567
187700001924 272156558
187800002108 286295369
187900004782 295933944
188000003754 293716936
188100002881 296286160
188200013558 193403166
188300025802 88344281
188400024543 111877207
188500008107 85138028
188600014255 140548368
188700023555 126854782
188800014080 105780245
188900021424 143938388
189000005393 124854991
189100006501 160228306
189200018577 142482728
189300001935 171042613
189400007175 173190498
189500005666 130713517
189600013595 157704238
189700006936 152944598
189800005525 185553986
189900005185 151671202
190000019002 186115436
190100007151 168805254
190200002720 177208810
190300008301 182679669
190400012165 160079871
190500006397 181813303
190600014776 213524321
190700018801 214377126
190800023253 227261332
190900007020 288148162
191000013281 177862248
191100012456 174869906
191200012504 174525818
191300008516 187745932
191400011635 160097424
191500025301 124454938
191600012050 126918442
191700002976 140263330
191800016795 169333700
191900005185 154479587
192000003349 153637876
192100022425 128961621
192200018553 132142144
192300019296 130099624
192400021703 143945490
192500014957 222838085
192600007030 179783655
192700006906 154930313
192800017693 135844847
192900002779 182932407
193000002672 239191908
193100010107 260582292
193200002907 201147492
193300002035 198690416
193400002320 214661196
193500014300 244726610
193600013869 254275834
193700017340 255760598
193800002080 214772875
193900009081 222706769
194000012002 244822796
194100010765 221819379
194200002064 199491635
194300021654 204794074
194400022130 224401434
194500015462 229125356
194600015817 185194601
194700001208 186232492
194800003683 192241780
194900010054 161470346
195000002620 160744781
195100016338 160998668
195200023135 161487492
195300006203 148172205
195400015474 150750995
195500012601 165588252
195600010664 164963657
195700016929 174189902
195800002277 155054059
195900020866 193152136
196000017582 177758533
196100017413 152410460
196200013833 145187148
196300003801 191955972
196400023467 173702973
196500008663 135170893
196600002367 165274904
196700002470 154206648
196800020778 171234370
196900019131 149376997
197000013797 173919111
197100021149 192460895
197200017839 132362671
197300001515 170550823
197400028081 149417655
197500021401 140507377
197600008982 137234688
197700022023 150565945
197800025025 136395332
197900016711 142959607
198000008776 143135051
198100002263 175139479
198200023217 172136359
198300003146 182347004
198400027861 165213635
198500024870 204690130
198600002806 196462734
198700001553 145701849
198800019877 209971488
198900006170 176698986
199000024746 161651019
199100024559 194654859
199200008487 158485466
199300001946 153378613
199400019919 143035468
199500010348 151523455
199600020828 166390061
199700023313 143440917
199800002037 134104093
199900012115 164193909
200000025276 159224321
200100018442 130989553
200200028094 191099204
200300024387 183043141
200400008151 144336093
200500017876 209296331
200600026184 194619879
200700024670 217342310
200800003364 303873703
200900022319 342291935
201000002537 218385008
201100011040 250446650
201200001731 263140260
201300011608 269416900
201400001780 234444001
201500027323 238931455
201600005460 349352832
201700003854 278065260
201800003387 233788309
201900004756 226728958
202000004314 461610401
202100001676 531458422
202200000828 570058005
202300005353 583278958
202400004258 541226048
202500004223 588620169
202600001004 556184780
202700000882 609463514
202800005044 541689492
202900004244 639017441
203000000506 599452554
203100000820 615898696
203200023521 594904936
203300000773 584400206
203400001881 540462206
203500005099 559063732
203600006321 588414206
203700004662 534705959
203800004095 558890812
203900004396 586153225
204000004965 560425050
204100004933 569506694
204200004571 611098530
204300004933 633858390
204400006329 601978212
204500000768 604177527
204600000917 577311945
204700005619 581405880
204800004360 543639940
204900001026 550819722
205000005271 607489794
205100000856 588747514
205200006003 581578925
205300004420 599113117
205400004275 584191048
205500004967 585519506
205600004071 553624994
205700005599 597552063
205800004784 594188927
205900000795 568641230
206000006007 587665640
206100003392 565273955
206200003852 616774291
206300002854 541022888
206400004750 570828286
206500000936 608746926
206600005090 579153163
206700004735 579475874
206800004690 568184988
206900004651 574362304
207000004806 556947864
207100003776 547826314
207200002162 547043060
207300004381 569375344
207400001243 550541580
207500000896 560468016
207600006479 579843061
207700000435 559869474
207800000936 588459759
207900004483 564802237
208000000914 635830820
208100005255 590963375
208200004312 591679423
208300004944 578648180
208400000980 591342329
208500004855 570712379
208600005262 635508981
208700000751 542693127
208800004503 581239813
208900000929 568161178
209000004945 591977771
209100006527 617507696
209200000522 568444670
209300000533 571953106
209400000446 597672958
209500005541 583048038
209600005698 575065134
209700007017 638860362
209800000602 572733107
209900001039 579769737
210000000732 567428689
210100004221 598958014
210200004678 566520409
210300001106 574445513
210400111936 555757008
210500001193 602414855
210600005061 550038481
210700007365 589774501
210800000481 561431611
210900004585 522169476
211000005424 557566822
211100002845 542729513
211200000901 573563324
211300000641 568289407
211400006048 555416759
211500004419 569204788
211600006743 581220944
211700004031 562648319
211800005940 567687850
211900006381 565783472
212000005891 559624309
212100004351 580436593
212200000500 567144180
212300000708 577209145
212400000344 648312520
212500006094 586078405
212600000392 592423133
212700001058 536016172
212800000849 589465787
212900000976 553575678
213000003639 590575121
213100006520 543175219
213200004015 606243529
213300000898 580444012
213400003868 554169114
213500007871 599724930
213600006253 586759801
213700005141 557951497
213800000432 636571927
213900000492 618912989
214000001066 592567727
214100000874 561085289
214200006112 605881698
214300000544 573847860
214400000550 561808868
214500005414 595084619
214600000808 584867114
214700005518 556802187
214800000881 576984898
214900005393 542743831
215000000894 539434874
215100006934 569307053
215200006641 582477295
215300004605 581583899
215400005944 577124246
215500000838 555777530
215600005870 551752140
215700007286 556920230
215800005211 541706939
215900004310 539045817
216000003861 536698404
216100003969 551244042
216200001108 529173132
216300005627 537960564
216400000865 550348399
216500000732 601186315
216600007839 553236607
216700006095 592689805
216800003484 545683185
216900004157 532889188
217000000755 536916231
217100004202 542733115
217200000997 505001996
217300003735 500826431
217400000955 483252714
217500003906 508383304
217600003744 557007899
217700004594 543618177
217800000716 585628637
217900005747 557250894
218000003784 526613600
218100007038 542583910
218200003774 509275187
218300006439 559796772
218400007316 537623286
218500003708 468120780
218600004146 490627532
218700006574 549386814
218800003897 570823527
218900004012 522205264
219000004365 534636823
219100000913 488238725
219200003533 504784858
219300004132 454277069
219400005834 521933500
219500005788 475792165
219600004036 472595167
219700003534 507295773
219800000657 527316787
219900000807 509443180
220000006831 504667816
220100003780 451840667
220200003994 455383845
220300000908 468914310
220400003538 533399558
220500000854 414683397
220600001153 494284068
220700006097 513215631
220800000905 519381686
220900000675 511650399
221000003721 487063124
221100004957 411746011
221200003873 455334887
221300007349 488478067
221400004114 460725662
221500005255 495800735
221600003806 481460698
221700003874 442477948
221800001019 423442641
221900004148 396598533
222000000820 394775979
222100004289 449063762
222200000547 460651197
222300003527 462631815
222400003914 507186967
222500003906 464377679
222600004937 450649831
222700004040 378581749
222800000921 437925090
222900003409 381265428
223000006200 388745822
223100008418 464341035
223200003313 433437946
223300003941 405477679
223400000658 410584584
223500003396 414069852
223600004075 373949000
223700004250 419122387
223800008151 431658937
223900004106 423044473
224000003873 350007565
224100003207 348640374
224200007658 405950693
224300003920 342951690
224400007639 393185789
224500005821 438148799
224600000352 400785573
224700004073 361996042
224800003430 364605049
224900003850 428112873
225000003596 345097681
225100004527 374483018
225200004088 457588835
225300003236 382558182
225400004091 328624486
225500004294 315038148
225600000895 319177204
225700003393 375416001
225800003678 364360500
225900004386 355518034
226000003563 322693746
226100003579 321934594
226200004029 321787156
226300004071 365092859
226400003977 366955279
226500000832 333937005
226600003879 286270493
226700003778 303643468
226800004183 359690417
226900001065 410831394
227000003748 314337757
227100003922 335155127
227200003883 323950816
227300003773 302101144
227400004349 399564522
227500004437 404525322
227600001007 303116457
227700004046 321961424
227800003642 391747224
227900004021 292250382
228000003734 343152590
228100007253 294896023
228200003682 311179610
228300003932 305783911
228400004242 283681698
228500003949 310857060
228600004209 329350630
228700003821 295030009
228800003591 287614330
228900003625 283900983
229000003953 302590749
229100003952 326659579
229200003668 322167537
229300003880 318132499
229400003685 310372587
229500004418 283171545
229600003729 283844367
229700003890 294358670
229800004226 338960517
229900004017 284765059
230000003136 287107472
230100004071 316718341
230200003837 284846597
230300004153 301110554
230400001069 293492329
230500003755 311862716
230600004226 293123896
230700004157 284047826
230800003964 283205978
230900003868 292769458
231000004096 283542634
231100003434 283704149
231200003682 283569153
231300004266 282946719
231400003460 282721431
231500004065 283263609
231600004074 283452336
231700003731 284069240
231800003695 282798166
231900003433 282599238
232000003791 283232826
232100003805 283234027
232200003816 314178636
232300004151 281684621
232400004171 280798111
232500003951 292122824
232600003424 283376194
232700003786 283568126
232800004017 283753839
232900003743 282098587
233000004202 295596793
233100002875 283400669
233200004553 283468583
233300003580 283783599
233400003753 282351065
233500003588 283546790
233600004093 283377689
233700004348 283288032
233800003705 283651056
233900003628 282147861
234000001758 283528197
234100004939 236881157
234200008164 188915774
234300006900 174189051
234400007987 148207433
234500005414 152523375
234600005277 231727454
234700003292 242412396
234800003865 302400570
234900004899 240352222
235000004941 206410028
235100007632 175136042
235200005533 173762092
235300009832 143063455
235400003551 144533419
235500002898 219366862
235600001827 313346527
235700004375 302014847
235800002140 322135375
235900013157 301733498
236000001514 299047773
236100002791 308541310
236200005903 325703707
236300002035 340591432
236400002138 338894134
236500002350 330744086
236600004647 337273894
236700003329 330100163
236800005547 326656906
236900002532 314640826
237000003213 308875459
237100003376 297446541
237200002022 290402477
237300005760 279657831
237400005071 282408606
237500001720 266252368
237600002694 253539537
237700005496 245723359
237800009648 220886566
237900015650 155704110
238000019904 94443730
238100023482 80997602
238200009666 81463843
238300010598 73480736
238400021553 79047062
238500012973 85100897
238600025898 90594703
238700022923 66764328
238800008452 63388957
238900026749 63173699
239000008632 67599700
239100021740 83227865
239200022129 96040220
239300011384 81994644
239400015298 88230221
239500009871 90916419
239600011410 107698595
239700007331 116610797
239800020467 108789848
239900016681 108976709
240000016976 104707118
240100006042 104917159
240200009757 105746245
240300006515 121202300
240400020126 111195828
240500006366 128527147
240600012035 94471493
240700009588 112228143
240800004461 117202960
240900011506 86366153
241000015986 103629564
241100011875 127984553
241200010546 132111547
241300006095 121458856
241400008089 101056887
241500008748 126182764
241600022040 160133815
241700021674 151106695
241800001584 168571054
241900008569 254424592
242000007632 322252659
242100002961 405020791
242200006419 377108772
242300002463 251810605
242400003126 220675503
242500003229 255562764
242600003761 263460313
242700009016 211536570
242800001489 195940656
242900013141 177866673
243000005992 256398033
243100006589 268579120
243200018727 213253542
243300007367 229304508
243400006188 208182796
243500019170 235084768
243600002573 244800629
243700006712 301195023
243800023424 276707672
243900016378 245105720
244000010407 239795451
244100012267 207983550
244200011962 223705285
244300019703 213183886
244400022581 197811062
244500002340 192292351
244600006826 221682020
244700024956 197456251
244800001500 179430479
244900020586 179145238
245000022582 188845974
245100018373 197641323
245200016549 161494463
245300013789 156881373
245400013696 168270112
245500020741 165849405
245600001684 153002023
245700012371 144448159
245800014422 157634309
245900017795 178330373
246000001523 208852798
246100017894 169921168
246200012032 172099797
246300022995 184495059
246400010278 159956129
246500001813 140678123
246600013473 158360913
246700017097 152600233
246800120093 154552238
246900014819 141834292
247000001903 172415001
247100013577 144844478
247200001519 144488085
247300016141 144282588
247400016804 151474633
247500003011 156077811
247600012694 133522221
247700016395 141571401
247800017022 149455029
247900021382 168490139
248000020214 130232875
248100017477 134917960
248200012462 137973062
248300010870 151838216
248400020494 159993806
248500011101 134290202
248600001600 118044199
248700001853 130239191
248800016892 150996309
248900009840 168103825
249000001722 146599846
249100018356 126635240
249200026061 172814935
249300017496 174329043
249400020720 142635514
249500001664 122961543
249600024434 169947420
249700020107 176828796
249800020053 134027636
249900008651 117261677
250000001908 146458235
250100002252 166069892
250200018001 141369236
250300019281 109496869
250400025516 121504462
250500014164 172465915
250600023879 153471502
250700020187 119794631
250800014895 131991092
250900010567 197934784
251000001619 159441479
251100021653 124331863
251200020286 127953089
251300020634 173334306
251400011364 156018260
251500001557 257441059
251600001520 224193954
251700025661 246405634
251800015892 244783393
251900022938 231673613
252000016015 248195283
252100014096 237293888
252200019124 218044019
252300001745 180192467
252400004208 361858697
252500003247 290600503
252600003878 277594619
252700004588 254435451
252800005404 412767710
252900005811 472224857
253000005544 486823458
253100000722 500163532
253200004342 533550274
253300005647 530400113
253400000794 499687335
253500005185 526986632
253600000504 584587158
253700002850 510209758
253800004562 572973908
253900006119 554055421
254000000777 538645812
254100005478 538172036
254200000632 581123587
254300003723 612858474
254400004766 565424269
254500000806 650815846
254600004950 613200836
254700006151 638905892
254800001036 622322234
254900004254 599066705
255000001109 645469175
255100005517 643925474
255200000945 621579826
255300003579 589999556
255400000477 609847280
255500000907 545915958
255600004400 571265340
255700006235 582877287
255800000410 610722869
255900003555 658052269
256000003884 566321334
256100004908 640018961
256200000758 580147521
256300004864 628277586
256400004278 579516133
256500000867 564539120
256600000996 590649772
256700005540 542422419
256800004395 570606998
256900000915 589258615
257000000779 626150869
257100004467 617518759
257200000792 582723174
257300005027 567176178
257400003490 543032900
257500000828 616672700
257600000954 576900778
257700004745 582305868
257800005620 566374199
257900000900 560720213
258000004902 559769387
258100003835 561269772
258200000849 588998510
258300004862 589656692
258400000771 607603723
258500000368 615955914
258600005399 566981243
258700000956 600968188
258800006570 614989244
258900004222 569401171
259000000959 570514922
259100000404 584527846
259200006214 611875912
259300006820 570834579
259400006298 560875157
259500000870 592685237
259600004688 621016262
259700004024 528355838
259800004469 598761622
259900000780 531882920
260000000923 579612064
260100001039 602137809
260200000801 620854898
260300005604 576960848
260400006003 578345430
260500005866 544487659
260600003757 614526459
260700003857 614515670
260800005141 602339998
260900001013 585916683
261000000999 565650536
261100000921 554194980
261200003893 605152320
261300003626 578898749
261400000883 568814547
261500000945 577274942
261600000935 604260994
261700006701 595618183
261800003652 552006231
261900003830 562348354
262000004538 617599944
262100001122 597111572
262200000873 645510281
262300000464 639940493
262400000819 613727525
262500000473 580907307
262600000478 588847956
262700003699 577403420
262800001031 559198966
262900000800 573858305
263000004754 573782573
263100005320 576935312
263200000835 567715489
263300001017 568415663
263400004730 551299563
263500004085 583378851
263600004791 571541084
263700000864 606620478
263800000935 599194494
263900005671 569378353
264000004210 499867401
264100007723 525475452
264200004353 526448806
264300006778 522302312
264400000901 544365949
264500003431 573060131
264600000493 581700166
264700000896 596505602
264800005514 526217283
264900003519 544815934
265000000928 468705961
265100003506 476031757
265200003270 504137776
265300000735 494893561
265400000870 571437867
265500000933 543314240
265600006190 522910845
265700003447 493392547
265800003423 459978793
265900000766 413053511
266000003418 399668157
266100000785 476588593
266200003952 426406033
266300005059 479326712
266400000466 478828114
266500003424 496011337
266600001895 454250042
266700000884 391505169
266800003768 429538503
266900004562 422076592
267000004049 421426339
267100006692 487872992
267200003689 442352748
267300003457 447571186
267400003619 447125643
267500000975 343186181
267600001034 369297629
267700003068 351755187
267800005270 392747552
267900003565 377115308
268000003234 341122317
268100003748 402333350
268200003877 420779176
268300003335 344249535
268400003314 372597576
268500005980 351467112
268600003148 333515179
268700003589 319551761
268800003331 317524312
268900003524 328963621
269000003620 366488213
269100003039 368814925
269200003144 334196353
269300003525 341803917
269400003187 341081523
269500003473 345770926
269600003442 332428350
269700003572 331836358
269800003648 321823853
269900003583 319363147
270000003275 320019109
270100003056 308388512
270200003305 336794214
270300004026 326830225
270400003343 309523134
270500003490 320152438
270600003256 335087663
270700003880 309059126
270800003370 307715857
270900003870 309285437
271000003179 335059953
271100003414 309121446
271200003741 308978249
271300003339 307802254
271400003274 309185970
271500004928 374377653
271600003973 326232380
271700003533 309277670
271800003277 307966685
271900000528 311233084
272000003212 360811652
272100003817 309187059
272200003497 309828930
272300003908 328129358
272400003758 327855246
272500003831 328895639
272600004161 309227463
272700003534 326104245
272800003111 308357582
272900003041 309417850
273000003533 319971538
273100003652 309505683
273200003496 327770891
273300003341 308188198
273400003768 309585757
273500003727 320105523
273600003574 309227457
273700003117 309626090
273800002969 307933463
273900003400 309967408
274000003786 311065062
274100003418 308745473
274200003515 318751900
274300003524 325913116
274400003565 319335152
274500003242 310986440
274600003254 308836006
274700002987 309512552
274800003638 307859259
274900003392 310386380
275000003728 310125796
275100003130 308692650
275200003679 309289680
275300003558 307963561
275400003540 328068223
275500003415 310317564
275600002935 309204249
275700003444 309369794
275800003609 308630798
275900003373 310698302
276000003444 309413620
276100003521 309273609
276200015628 308849218
276300003583 308480966
276400003163 310804070
276500003038 333953172
276600011893 309439163
276700003783 308610311
276800003447 308709773
276900003636 313679373
277000003702 319355512
277100003526 309902076
277200003725 308695471
277300003616 309737937
277400003446 311397934
277500004111 310194915
277600003477 309686435
277700003356 308679480
277800002965 309923696
277900003494 311684986
278000003075 309747202
278100003314 309496511
278200004022 308076286
278300003408 309684738
278400003681 311323870
278500003510 309224046
278600003573 309246891
278700003719 307664967
278800003736 309747710
278900003765 311205217
279000003681 308879471
279100003691 309156874
279200003627 307615869
279300002948 309994248
279400003689 310250759
279500003690 308713964
279600003666 308688792
279700003334 307536896
279800003330 309903747
279900003487 309518856
280000003207 308364901
280100003567 307991637
280200003605 307498262
280300003734 309559706
280400003537 308591816
280500003624 308495107
280600003527 307918823
280700003647 307350922
280800003889 310123380
280900003770 308445953
281000003223 308234804
281100003383 307266271
281200003420 307804481
281300003086 309656524
281400004075 308225650
281500003113 308214324
281600003337 306970134
281700003693 307936150
281800003561 309807840
281900003840 307968243
282000003779 307927273
282100003963 306716108
282200003250 308264779
282300003714 309995907
282400003684 308027847
282500003704 307398184
282600003700 329516334
282700003940 309933906
282800003764 311305281
282900003810 309296941
283000003750 310024594
283100003974 308252769
283200003863 310385809
283300003410 311523727
283400003995 309271283
283500003282 309674283
283600003623 308229987
283700003480 310211499
283800003979 310741267
283900003565 308617951
284000003773 309150483
284100003715 307920677
284200003553 310056741
284300003649 309482248
284400012046 308857626
284500003124 308507690
284600003467 308204752
284700003690 310276127
284800003820 309089341
284900003765 309041589
285000003750 308401847
285100004092 308177121
285200003636 310894867
285300004157 309246510
285400003829 309031577
285500003761 308031694
285600003662 308839068
285700003464 310756403
285800003883 308858759
285900003637 309137378
286000003035 311324071
286100003079 309463608
286200003507 311225917
286300003726 309620759
286400003878 309386520
286500006008 294022358
286600005849 193795528
286700006688 199291838
286800005790 176293773
286900005002 171758355
287000005344 203563867
287100005206 235467294
287200003884 283240247
287300005447 278197688
287400004600 214185208
287500004378 209894545
287600005775 194745257
287700008873 175718211
287800002405 197004947
287900001951 379515939
288000006260 421697893
288100001625 398350124
288200003393 380860192
288300003026 366465067
288400002442 342669758
288500002677 335637529
288600004168 303618198
288700005763 276865425
288800007330 273080325
288900005648 268174173
289000005961 266711313
289100003000 269556785
289200007187 271777317
289300001758 275473417
289400002479 302744991
289500001748 319025312
289600001803 320695844
289700008147 347153048
289800002042 357873585
289900004305 366494197
290000003110 374744750
290100004009 388824346
290200002149 538861707
290300004855 562813908
290400002390 556608954
290500001721 442435753
290600006003 542878244
290700001928 565618774
290800002035 592243341
290900002019 598830383
291000001558 550881925
291100001616 537565701
291200001596 534645904
291300001510 540489915
291400001510 537809014
291500001713 530105368
291600022100 455137145
291700001648 197638119
291800025263 188508081
291900182542 210874870
292000022517 223968947
292100005271 259792216
292200021080 264246753
292300019943 234818731
292400001600 241818950
292500021547 219537265
292600001980 171580506
292700001422 200943913
292800027701 257374867
292900023052 217656715
293000022175 244903062
293100019429 154332328
293200023647 203229589
293300019482 221608660
293400018681 166819260
293500001577 200635875
293600029059 251825885
293700028127 213640945
293800025527 235281113
293900023287 192613258
294000001515 241885414
294100025272 173210260
294200011654 203757770
294300022985 199877194
294400022668 300261432
294500002397 274984093
294600001546 225084467
294700001657 177407268
294800023199 171795490
294900025503 177947198
295000002157 174805296
295100026985 169302154
295200025404 179156848
295300024227 174885543
295400001674 166198793
295500001546 186947494
295600005313 349230227
295700005700 244744712
295800004851 220748887
295900005245 284560366
296000000883 464801106
296100003211 491651932
296200005496 492069196
296300003833 490752598
296400001030 511724807
296500005160 503793965
296600004898 559034055
296700005081 562874585
296800004591 526152283
296900006491 506105418
297000004540 553746620
297100004880 533852593
297200000793 557057161
297300003930 583328625
297400000868 553510706
297500004453 571642709
297600004311 604002222
297700000929 605664531
297800000752 594984227
297900003488 592375002
298000000890 581142902
298100000877 608577389
298200004760 588232487
298300000452 536790413
298400003955 568205922
298500000373 632557408
298600005323 560932379
298700005993 670737061
298800006288 602486782
298900000434 636855320
299000006159 600623349
299100005246 611602000
299200005568 637120945
299300005983 598680064
299400005712 572444701
299500004968 670602313
299600004196 620861492
299700003452 597995723
299800000465 604409919
299900006283 567358771
300000004802 588370540
300100001039 617365060
300200002741 629558580
300300004940 598378913
300400006690 564264773
300500000826 583442876
300600007112 584883457
300700000471 580283676
300800006773 608441707
300900007083 576684422
301000004856 583267587
301100000833 576644132
301200007025 551058743
301300003549 631121833
301400003962 616363672
301500000513 594184578
301600004866 585840255
301700005798 617298879
301800004597 575865538
301900004405 632546237
302000004366 626730735
302100006482 579686968
302200000511 593657183
302300001001 565402888
302400005922 550363499
302500005924 562704539
302600000921 552343104
302700003456 549394370
302800006282 553755254
302900007254 481514326
303000003799 492960873
303100000985 508914578
303200001120 522646671
303300000992 408912407
303400003531 422434058
303500001111 505477860
303600003583 470745124
303700004160 517448601
303800003766 484964717
303900003843 459058001
304000000446 415229462
304100000942 375572045
304200003294 341086441
304300007027 442892896
304400000521 444930299
304500004253 453266817
304600003250 377733700
304700003449 424775473
304800004049 303269167
304900003165 398690609
305000003605 388803312
305100000980 479737241
305200002991 386720465
305300003931 355468699
305400003433 334562706
305500003347 368699319
305600003538 433363472
305700003373 352765969
305800003643 397206513
305900004052 327657464
306000003440 303222209
306100000959 333317508
306200004024 389414331
306300003462 413782014
306400003841 353127689
306500004142 323676501
306600003320 338112108
306700003149 304613230
306800003689 392240546
306900003752 348597461
307000055000 298402511
307100003530 311167169
307200004351 304170159
307300003547 321660620
307400003944 317119475
307500003432 295337020
307600003667 295936607
307700003962 295125922
307800003806 294643340
307900003874 292457809
308000003835 294154949
308100003438 293618918
308200003182 293914585
308300003899 292750205
308400003763 292730946
308500003561 293664325
308600004041 293776562
308700003796 293773613
308800003686 291703663
308900003873 293394749
309000004120 293711975
309100003975 293700156
309200003723 292430681
309300003486 293197932
309400003792 293528062
309500003499 294029073
309600003586 293422696
309700004044 291699794
309800003532 293401609
309900003802 293779408
310000004021 293430802
310100003549 292034929
310200003679 293512154
310300003808 293192700
310400003716 294205424
310500004121 293082812
310600003624 291973251
310700004083 293226601
310800003785 293913784
310900003590 293884013
311000003644 291557608
311100003883 293469247
311200003621 293299137
311300003977 294049981
311400004112 292879184
311500004116 303948887
311600004453 311542994
311700003963 295586365
311800003281 294981788
311900003603 292568198
312000003495 294654634
312100003583 294095070
312200003540 293986614
312300003361 292751164
312400003875 292724589
312500003924 293579438
312600003652 293680099
312700004252 293930976
312800003975 291739285
312900003513 293606483
313000003589 293705687
313100003703 293623259
313200003709 292204120
313300008342 243869145
313400006324 166923337
313500007041 161311110
313600007206 144657689
313700005487 148357360
313800005274 227340315
313900005236 235710988
314000003610 304189863
314100003819 284344961
314200004085 251082676
314300006084 232556614
314400000172 3152326000
314487738462 4497212684
