100042243 65.920818
200014294 2.639670
300008150 1.801275
400014236 1.724747
500009019 2.237802
600015420 1.917903
700012125 2.723800
800016378 2.492010
900011101 1.831940
1000009498 19.956847
1100010831 2.725688
1200016489 2.740505
1300015227 1.768727
1400025833 1.639288
1500012169 1.970800
1600013142 2.198996
1700013576 2.129778
1800012010 1.720780
1900010735 2.628170
2000011536 2.199593
2100008959 2.301015
2200012377 2.292663
2300009191 2.342613
2400011772 20.255115
2500009289 2.485725
2600012243 2.030811
2700013110 20.393295
2800019496 21.685216
2900011201 1.816129
3000025860 20.402880
3100082897 21.048961
3200019940 2.550573
3300011723 1.368723
3400006715 20.049795
3500013781 1.729481
3600012288 2.282129
3700009911 21.704719
3800009230 21.407089
3900006953 2.243516
4000010927 2.412725
4100006479 4.367356
4200010932 29.295035
4300003957 12.002839
4400010546 22.774377
4500010659 40.840809
4600034931 22.111677
4700013154 22.120776
4800014513 22.536931
4900009197 23.445840
5000022389 23.493258
5100012042 43.577557
5200013692 42.457088
5300020553 23.804806
5400013845 22.132530
5500010753 45.851331
5600017361 23.228506
5700010141 23.048758
5800015845 43.892828
5900037794 24.241283
6000011826 45.028852
6100005406 45.474646
6200010463 45.301887
6300022858 23.744044
6400022821 45.799034
6500009352 25.160066
6600017599 34.444189
6700013810 34.761887
6800029486 24.168152
6900016645 46.172211
7000031065 46.210212
7100014693 22.826095
7200005947 46.812676
7300016242 44.936243
7400007500 45.564488
7500030688 45.230909
7600041217 24.596866
7700012366 45.510743
7800027408 45.849112
7900018079 46.142640
8000010366 46.448017
8100025967 46.164840
8200021869 43.810140
8300010231 68.080809
8400026322 43.035116
8500025439 69.031573
8600014232 34.560659
8700105066 1.911890
8800011800 1.619079
8900014729 1.946145
9000015097 3.001823
9100014287 3.637916
9200011538 3.759684
9300005774 2.170040
9400019370 2.489056
9500012555 1.763220
9600011750 1.409559
9700014235 19.359739
9800011999 2.283749
9900013844 3.076343
10000018394 3.164453
10100017427 19.903333
10200012409 2.134743
10300010348 1.132701
10400012656 18.647789
10500012342 1.712357
10600012554 21.483245
10700011391 1.780037
10800011242 0.906079
10900010981 19.360434
11000011808 22.037089
11100012272 1.428665
11200011118 19.677105
11300011867 2.528214
11400018020 20.965308
11500011497 1.974385
11600012774 19.883165
11700014940 12.787282
11800009462 10.787423
11900013650 19.705012
12000014730 2.431843
12100024802 22.018812
12200006465 19.947753
12300009310 1.975414
12400011100 21.893546
12500023473 19.013130
12600018509 2.806025
12700005223 22.345854
12800010068 1.174082
12900011736 20.535346
13000021824 16.473339
13100008546 6.862027
13200025077 20.460619
13300001811 22.196719
13400007210 0.932729
13500014068 21.683591
13600009840 22.554401
13700009445 20.598436
13800012419 23.073818
13900012158 0.980535
14000013280 43.836455
14100023791 1.042518
14202112024 43.158363
14300015887 1.613888
14400031130 25.741580
14500056998 20.074020
14600021478 44.719870
14700012270 22.078783
14800026817 24.130238
14900016209 22.197344
15000014475 43.129588
15100023948 24.821012
15200018728 34.620950
15300022768 31.377160
15400020604 43.627899
15500038236 45.148151
15600020434 28.508690
15700009667 39.077352
15800009840 44.329581
15900023890 44.107982
16000027063 55.762863
16100010328 53.475567
16200012772 57.061119
16300009918 1.529794
16400007050 2.150982
16500012647 3.304544
16600011201 2.067941
16700010572 20.513596
16800011986 2.002357
16900013985 3.718379
17000008368 21.906215
17100012275 20.012159
17200019050 2.525898
17300012279 21.516459
17400013855 20.304262
17500010989 22.461116
17600011868 20.382497
17700030554 2.709490
17800011283 39.396610
17900015097 22.823286
18000014135 20.770413
18100023745 8.735664
18200010486 34.465727
18300025860 2.699331
18400008790 23.564895
18500006408 21.462692
18600010169 23.079110
18700024142 21.460814
18800040277 45.307742
18900010647 24.062192
19000017479 44.589669
19100025177 45.967542
19200026007 45.613891
19300025047 46.085863
19400028273 64.373807
19500005610 46.206593
19600022106 64.788206
19700009840 45.625046
19800012779 64.550362
19900010806 46.285301
20000017137 65.581401
20100022620 49.629093
20200025775 63.769738
20300009676 51.185285
20400017811 1.668088
20500009104 2.025583
20600012665 3.162906
20700010983 3.524420
20800011454 3.830058
20900014507 3.912045
21000011825 4.200709
21100017849 4.053558
21200013377 3.825081
21300026375 3.499815
21400010435 4.046349
21500011029 3.870185
21600011604 3.395428
21700012520 1.785802
21800013774 3.918294
21900009257 2.988216
22000019123 3.194646
22100010657 1.393608
22200011390 1.292622
22300011726 18.500199
22400009829 1.892911
22500001799 2.115004
22600015097 3.124329
22700010895 4.656172
22800012986 4.446226
22900011848 4.156092
23000011248 3.623691
23100010346 3.358066
23200011303 3.678031
23300011944 3.901175
23400009564 3.262878
23500014147 3.553634
23600014009 3.169476
23700015846 3.138736
23800011708 3.303777
23900021651 3.076553
24000011362 3.533880
24100027288 3.971886
24200017200 19.225697
24300010323 2.046096
24400011817 0.425280
24500014726 1.434311
24600014931 18.396061
24700011604 2.263840
24800017145 3.850570
24900009365 3.758526
25000017284 3.709774
25100011165 19.382346
25200015272 2.235163
25300012468 0.716629
25400011630 1.330435
25500011370 18.748453
25600011992 1.888881
25700012070 4.259454
25800011216 20.573999
25900010653 2.295416
26000014938 0.478237
26100015417 1.526154
26200021988 19.249983
26300013538 2.781234
26400010897 2.791381
26500011987 2.660959
26600010589 18.631598
26700014380 3.700649
26800010960 2.609374
26900011405 1.108776
27000012088 1.215250
27100015165 19.100073
27200011741 2.299022
27300013430 3.715490
27400011608 4.345843
27500011115 20.011166
27600013129 2.260050
27700011272 1.440662
27800012555 19.098548
27900014162 2.341095
28000014718 21.442257
28100011760 2.278718
28200014613 1.209698
28300012663 18.789538
28400012424 2.126027
28500010198 3.579571
28600011601 3.683158
28700020199 20.909366
28800028128 1.535685
28900006221 0.926719
29000019892 19.209685
29100012137 3.914494
29200012899 20.702610
29300020318 1.095408
29400007685 19.064212
29500021446 2.990065
29600025635 3.503795
29700009842 21.030018
29800012606 1.188085
29900016291 19.087974
30000014932 3.036109
30100008847 20.889456
30200013146 0.749076
30300016436 21.901187
30400013876 21.136177
30500012435 19.383078
30600013173 21.870775
30700019171 1.218625
30800007436 19.052733
30900008938 3.392582
31000010735 21.677439
31100011246 2.576051
31200139598 20.543122
31300009248 20.555829
31400010579 21.062755
31500011178 22.013819
31600028370 20.138270
31700010315 21.164885
31800013095 1.422262
31900010187 19.541217
32000021741 23.802886
32100012464 6.162048
32200037988 37.544768
32300014003 19.494688
32400021445 23.859194
32500015503 20.127998
32600017214 22.293124
32700015313 20.880973
32800009419 22.241531
32900007567 19.903243
33000011883 24.164616
33100024493 19.744051
33200020691 23.713379
33300007937 19.786721
33400013080 23.925005
33500017195 20.514754
33600011485 23.345295
33700018384 22.348510
33800009457 21.866370
33900009865 25.004833
34000024181 18.858767
34100011707 43.274562
34200029944 21.597316
34300028116 23.640101
34400016337 25.188022
34500007063 24.142177
34600012841 38.987567
34700014113 23.445367
34800013783 20.607954
34900014508 24.109524
35000011757 21.803584
35100027096 23.229621
35200030624 23.266548
35300010473 22.766057
35400022003 22.377002
35500016116 23.777556
35600018253 21.794725
35700011083 47.424987
35800019019 0.724040
35900031541 45.296857
36000030562 23.031743
36100024696 22.872097
36200010210 45.663489
36300014738 34.988626
36400014723 1.582990
36500012209 1.497465
36600019148 1.535457
36700010617 2.191725
36800011536 3.620334
36900008403 4.341124
37000012581 4.735413
37100009069 4.672032
37200013261 4.445085
37300011445 4.243444
37400012962 3.369964
37500011131 3.011033
37600010046 2.743861
37700009247 2.927595
37800010803 2.656329
37900014179 2.864050
38000009717 3.040604
38100009467 3.170599
38200010812 2.908183
38300012683 1.647938
38400010476 1.498039
38500017698 20.022201
38600006473 1.627726
38700013069 1.477212
38800012490 4.060493
38900012285 4.815905
39000010679 4.790669
39100011862 4.493799
39200015222 2.988842
39300014904 20.952007
39400011624 1.266962
39500014116 19.938705
39600209564 1.702222
39700015728 0.349395
39800015174 0.096356
39900020219 0.082599
40000020320 0.083844
40100021574 0.077777
40200010319 0.061707
40300012018 0.710040
40400010534 3.153968
40500011403 4.236550
40600009819 4.404000
40700027098 3.522528
40800012225 3.868637
40900014158 26.291114
41000019999 0.264240
41100011531 0.074091
41200011283 0.082716
41300019468 0.077125
41400018810 0.077976
41500011040 0.057608
41600022085 0.863260
41700018118 22.473354
41800013158 1.342819
41900015362 0.104353
42000014141 0.071519
42100018648 0.091920
42200018551 0.084182
42300022322 0.066365
42400012494 0.052916
42500016498 1.800025
42600015528 2.642856
42700015854 2.385652
42800014650 2.666848
42900014200 2.935489
43000010183 2.615757
43100016625 2.706227
43200030051 25.175077
43300013410 0.601150
43400020274 0.081644
43500014085 0.076729
43600014733 0.086956
43700015878 0.090759
43800010890 0.053815
43900010295 0.060819
44000010387 1.478498
44100097901 19.398872
44200015343 1.490594
44300012920 1.408086
44400010064 3.529088
44500010869 4.090516
44600012815 20.539454
44700012184 1.810681
44800018156 20.411351
44900012938 1.250137
45000014020 2.235308
45100015597 3.794563
45200009471 22.506806
45300010486 1.696429
45400019384 24.392331
45500008793 0.582671
45600011599 1.037340
45700017652 25.492250
45800012426 0.965569
45900010480 0.382970
46000010343 21.144044
46100016403 1.114099
46200013925 23.729019
46300010231 0.670625
46400011961 21.028741
46500011432 1.107709
46600014913 22.720807
46700011465 0.589855
46800010601 2.595133
46900016483 2.536674
47000011300 2.126831
47100017871 2.340076
47200015578 2.445797
47300009179 2.354544
47400014482 2.398131
47500014718 19.545665
47600013835 1.676747
47700012326 2.523772
47800013870 19.774633
47900010682 5.440080
48000014755 23.282831
48100017569 0.867986
48200010014 0.186234
48300012896 0.069175
48400010042 2.684568
48500014791 18.397718
48600011584 7.273222
48700016922 0.184208
48800009017 0.081430
48900013490 21.919355
49000012307 0.558385
49100014889 0.480040
49200027114 0.265952
49300007028 0.121496
49400009666 0.086170
49500009646 23.204749
49600011742 0.395544
49700015254 0.407853
49800015174 0.216809
49900015703 0.105275
50000010927 0.092898
50100014049 21.947891
50200010855 1.164582
50300028328 25.241769
50400024059 1.071027
50500017253 20.684308
50600009566 22.674109
50700009782 0.988046
50800013618 23.134469
50900017016 22.843213
51000023280 22.864868
51100009439 22.651986
51200015862 0.905176
51300010288 23.497281
51400022450 21.980285
51500022590 23.521551
51600003651 22.390151
51700023892 22.462406
51800011041 23.070454
51900017125 27.730967
52000011601 38.066126
52100011472 23.443619
52200009829 43.952072
52300007615 22.345945
52400015202 45.446168
52500019891 22.392565
52600010857 44.103288
52700017999 44.182746
52800015903 43.767484
52900008288 43.852624
53000016650 43.945000
53100029072 44.701776
53200017905 44.488817
53300016723 44.988273
53400019171 63.533319
53500010146 42.979526
53600013985 55.713009
53700009848 40.166708
53800011012 1.575773
53900012694 1.729273
54000015986 1.919730
54100034506 1.239041
54200010472 0.073764
54300011492 0.052013
54400018513 0.086219
54500019469 0.064491
54600025477 0.073685
54700014980 0.042134
54800013269 1.062859
54900013244 3.603284
55000011183 4.691906
55100016242 3.855687
55200014105 3.286652
55300013087 3.559172
55400011760 4.422733
55500013828 5.300536
55600013050 3.975044
55700014054 3.365152
55800012510 4.724008
55900019766 4.888951
56000014066 3.859409
56100023341 4.632406
56200012030 4.626162
56300032553 2.721255
56400015125 0.717207
56500025467 0.072624
56600015052 0.081496
56700019833 0.060554
56800035729 0.065982
56900011073 0.065464
57000014189 0.050277
57100020235 0.888511
57200021385 2.688218
57300014405 1.366650
57400012998 0.237808
57500012869 0.048446
57600014824 0.043022
57700026789 0.030242
57800014951 0.076033
57900022470 0.047615
58000014445 0.037072
58100016761 0.053492
58200013025 0.168549
58300026218 0.257097
58400018262 0.207052
58500014875 0.662881
58600014300 0.351849
58700071724 0.252262
58800023837 0.124564
58900012230 0.232436
59000009163 0.419402
59100008949 2.390770
59200012541 2.358229
59300013565 2.293042
59400013628 1.998825
59500011767 2.213807
59600009970 1.922364
59700012185 2.253752
59800016148 20.953026
59900022534 2.119099
60000016740 1.001179
60100021027 0.056925
60200014432 0.047859
60300013554 0.083425
60400013054 0.057184
60500017918 0.067538
60600010934 0.039016
60700015265 1.118176
60800023765 2.555018
60900010329 3.949173
61000023584 4.514189
61100014447 3.640993
61200013421 3.307662
61300015774 3.556421
61400011253 4.227154
61500012297 3.687700
61600014767 4.427122
61700010123 5.018806
61800010761 2.991128
61900022412 21.523278
62000016843 1.742885
62100017054 0.729833
62200017606 0.048758
62300017932 0.055187
62400000012 0.089939
62500016225 0.062774
62600013274 0.062392
62700089207 0.054807
62800027145 1.508150
62900022330 0.584624
63000010403 0.089918
63100011537 0.033406
63200012914 0.033841
63300011142 0.034757
63400009320 0.053331
63500024156 0.039136
63600027255 0.038516
63700012967 0.078310
63800021124 0.142930
63900020660 0.224548
64000010280 0.198533
64100019420 0.586187
64200014852 0.244525
64300026900 0.249219
64400020637 0.069818
64500012915 0.233601
64600016949 0.840922
64700012145 1.815086
64800012083 20.736315
64900016221 1.812172
65000012519 2.118055
65100012363 1.191404
65200009314 1.892221
65300016105 3.224559
65400012707 3.722725
65500016283 24.755138
65600013103 1.484752
65700024537 1.203742
65800022373 1.943266
65900016128 1.495416
66000015157 1.054444
66100012203 0.684801
66200016692 1.191720
66300030710 1.347264
66400016313 0.902272
66500013780 1.529219
66600009328 22.721630
66700027693 22.747348
66800012602 5.109310
66900009819 39.421830
67000023568 1.489886
67100011922 43.212593
67200023370 1.307417
67300027974 42.900252
67400006175 4.184501
67500010574 43.521954
67600015088 22.437257
67700025690 26.404071
67800008976 42.278049
67900011537 45.517266
68000027214 45.538828
68100009303 43.202620
68200007689 46.127729
68300024557 43.325574
68400019425 67.416341
68500015240 43.794622
68600015660 56.562849
68700017377 40.584743
68800015070 35.770456
68900017320 2.258379
69000010030 3.497546
69100009372 0.744822
69200015044 1.763472
69300013394 21.416947
69400020366 1.775231
69500014277 3.142712
69600012537 20.684196
69700008587 1.005585
69800021260 21.640669
69900015256 9.732296
70000015339 14.353253
70100024316 1.010882
70200013588 20.875601
70300010780 23.188782
70400023432 2.034532
70500010996 7.274538
70600032951 15.572035
70700011004 2.994263
70800009906 23.002414
70900024800 1.082179
71000025102 23.241500
71100016133 22.022216
71200013633 2.542031
71300012731 22.576037
71400016781 24.284492
71500007702 2.346679
71600013383 23.799025
71700027305 24.910346
71800016885 1.713503
71900010589 24.118163
72000009665 21.890613
72100020983 23.116844
72200030141 2.834194
72300011223 24.391552
72400009222 23.010866
72500013430 25.907293
72600007281 24.946642
72700025850 25.524500
72800017756 46.834015
72900018196 25.123131
73000017416 19.314873
73100011192 19.338338
73200020663 36.286019
73300010201 2.534175
73400016006 4.173155
73500013357 21.909891
73600012544 2.254966
73700011113 20.883777
73800014689 2.255481
73900010734 38.300810
74000029424 22.190789
74100027241 22.939798
74200028134 23.254354
74300018128 40.290838
74400007636 43.653743
74500018776 4.217490
74600014279 39.778810
74700016931 43.663445
74800023191 24.335279
74900017489 24.046127
75000016095 40.423094
75100012368 43.395084
75200019772 23.618554
75300018976 23.483417
75400018132 44.938828
75500024329 43.614282
75600006294 43.106763
75700008987 22.251188
75800017493 44.005028
75900012976 22.500475
76000008435 40.956477
76100012968 2.842723
76200010693 23.646499
76300016375 22.258985
76400010233 44.351506
76500010725 38.986798
76600019754 28.666217
76700022045 47.342921
76800024877 60.085524
76900010769 60.392427
77000011306 53.924455
77100015362 54.414837
77200013411 1.691661
77300011899 1.644587
77400012086 0.384684
77500011900 2.259204
77600018170 3.870947
77700011637 4.015541
77800017645 4.454567
77900011861 3.871155
78000009901 4.079559
78100016214 3.995367
78200009978 4.334695
78300013812 4.640640
78400010416 4.802466
78500010337 4.511412
78600013229 4.554304
78700012870 4.511410
78800014812 5.248882
78900013311 4.534945
79000009892 3.907937
79100010295 4.606479
79200009766 4.814201
79300013769 5.536714
79400012654 5.135531
79500012271 4.469883
79600013385 4.273033
79700010890 4.911419
79800009794 4.620454
79900018684 6.831146
80000014933 3.084032
80100012673 0.348658
80200015321 0.050142
80300016997 0.075657
80400020107 0.042391
80500020198 0.026035
80600018117 0.026546
80700015731 0.441689
80800020527 0.127989
80900010556 0.031508
81000012175 0.021615
81100015541 0.758220
81200014685 1.303725
81300011823 2.031845
81400013693 20.514349
81500012640 1.644021
81600010723 1.269546
81700013194 1.319208
81800011087 4.232543
81900012495 4.888021
82000013680 4.505396
82100009424 4.695612
82200007956 2.781126
82300009922 3.631346
82400013960 4.970508
82500012582 23.631062
82600013135 1.873698
82700014385 0.438635
82800015766 1.625505
82900013406 1.017768
83000016447 0.098475
83100021918 0.038792
83200011572 0.073371
83300012514 0.027795
83400014293 0.023526
83500022503 0.029832
83600019374 0.351424
83700014629 0.029835
83800010175 0.026051
83900015547 0.354720
84000017701 1.552921
84100024161 5.792050
84200014325 16.084490
84300016358 1.399162
84400014469 19.179287
84500009253 1.295493
84600013269 18.520091
84700011632 2.139770
84800017189 4.487532
84900018830 4.727587
85000021005 4.624409
85100015226 4.154296
85200006838 5.333326
85300016737 5.056228
85400015103 3.812959
85500013083 18.599586
85600010848 18.919156
85700012795 1.759844
85800012379 4.644721
85900011987 4.415129
86000012318 3.964418
86100014825 4.163770
86200011069 4.352113
86300013592 19.091230
86400009671 1.714947
86500013953 18.887115
86600013340 3.377991
86700012451 4.328184
86800019609 4.619365
86900009902 4.118710
87000013137 4.200114
87100010241 15.427501
87200013655 7.561347
87300010535 19.923735
87400014045 3.971990
87500011274 20.323002
87600011719 4.760486
87700015323 17.500753
87800014523 4.191082
87900015019 4.347104
88000015811 4.335038
88100012724 4.328113
88200010136 4.260542
88300010105 4.825879
88400012594 4.495998
88500015154 18.583869
88600022841 18.371740
88700007240 1.848026
88800013322 4.275771
88900011273 4.590045
89000013016 18.859417
89100013460 1.715621
89200014420 19.242363
89300016513 2.407502
89400008030 4.467638
89500020044 3.852778
89600011603 3.546019
89700015137 4.045232
89800016494 19.452674
89900022640 1.589618
90000015402 19.383729
90100012104 2.945497
90200011937 22.241926
90300007121 20.578074
90400020450 21.787348
90500022276 20.605474
90600013632 21.934632
90700008473 26.830742
90800021926 35.738745
90900019369 21.715994
91000010766 42.363996
91100008623 21.166837
91200009366 42.517147
91300015568 22.200859
91400021367 42.051930
91500011779 42.492678
91600016086 40.453179
91700011467 50.449980
91800009168 52.756114
91900006532 42.183957
92000008621 60.060089
92100027624 42.958165
92200018178 60.265287
92300017674 42.074797
92400015293 60.072538
92500023028 42.910489
92600010363 61.252123
92700100991 38.928295
92800020907 55.493412
92900013010 36.323080
93000018098 35.749314
93100019189 1.356274
93200020385 1.520012
93300010399 1.945275
93400014791 1.804501
93500012024 1.222925
93600015364 2.671804
93700009328 2.486901
93800011454 2.516959
93900014954 2.837324
94000011657 3.680895
94100013032 3.141936
94200019094 1.952723
94300009075 1.050223
94400011278 1.502001
94500012459 2.551837
94600032378 2.481497
94700009262 2.587732
94800014167 19.644671
94900013760 1.680125
95000010519 2.301208
95100016416 2.720060
95200013550 2.387391
95300013876 3.584320
95400013929 2.829174
95500017153 20.435268
95600085802 1.641379
95700015617 1.363692
95800009346 19.647102
95900019880 2.212858
96000011451 1.556144
96100010037 18.354848
96200026252 2.296718
96300010476 2.740675
96400016664 2.386918
96500012634 2.988418
96600011254 2.571109
96700011800 21.984975
96800011074 1.965412
96900014219 20.891021
97000011261 2.004786
97100016786 22.239896
97200023154 22.560186
97300010514 1.977615
97400014238 21.660650
97500016515 24.154488
97600017080 1.426160
97700023669 24.099516
97800028314 23.304842
97900017051 44.309633
98000023312 17.538223
98100034169 32.982565
98200017265 23.393929
98300009337 24.888426
98400219945 45.475688
98500012552 25.387658
98600020991 45.722479
98700027233 25.418569
98800018187 46.361887
98900011582 46.353315
99000029206 23.645406
99100031211 45.943808
99200013925 45.829212
99300017234 46.459159
99400019201 46.408914
99500005546 44.212960
99600009039 46.186036
99700010139 47.002639
99800026920 47.641736
99900028345 64.462725
100000014792 47.928402
100100018105 36.701351
100200011330 55.657876
100300011063 53.754262
100400014355 1.525295
100500015128 3.741370
100600014189 4.712975
100700013098 3.560108
100800011395 2.111324
100900012742 0.836042
101000010785 4.037858
101100019031 4.224005
101200014200 4.410260
101300011579 4.130868
101400012049 2.655545
101500011904 2.165592
101600010513 2.200404
101700023087 21.085806
101800011295 2.034405
101900012060 0.889167
102000011462 0.676483
102100025028 2.583632
102200011731 3.579246
102300012004 4.166298
102400020569 20.736976
102500011516 16.158814
102600018919 5.765606
102700015536 4.503352
102800010909 3.899256
102900013856 3.845964
103000010022 5.214070
103100023414 5.026392
103200012721 20.290938
103300013017 23.229590
103400010694 2.517387
103500010726 20.774800
103600013870 21.118168
103700009082 2.848536
103800011431 22.309346
103900006792 20.987004
104000009706 22.259697
104100011039 21.296067
104200007202 21.892467
104300009690 22.349474
104400019047 21.659065
104500039423 41.864006
104600022551 21.679418
104700010313 22.239487
104800006893 41.877709
104900010243 22.879497
105000022775 22.172365
105100009030 44.464772
105200012580 42.720577
105300023668 22.631761
105400025472 43.225536
105500033165 44.435893
105600012049 44.238394
105700019329 42.130623
105800012653 56.100356
105900007096 51.790204
106000006835 44.314055
106100030699 61.867240
106200022036 44.602100
106300012346 64.258231
106400007672 42.280205
106500011069 63.028006
106600009758 36.959667
106700009931 37.369054
106800016501 53.202391
106900013929 1.408252
107000012765 1.646075
107100012564 1.283765
107200027114 1.764275
107300012749 1.538232
107400019335 3.393829
107500011613 2.807065
107600015780 0.998519
107700013089 1.302188
107800010211 1.656740
107900014553 2.174229
108000013229 2.088805
108100011789 1.835552
108200010354 2.237411
108300009915 1.843547
108400015921 1.515697
108500009384 2.422727
108600011965 1.845805
108700018573 1.583307
108800012310 1.700393
108900014017 1.708295
109000015412 20.135786
109100012620 1.410273
109200013189 1.463572
109300018204 2.463295
109400015432 2.220319
109500009132 2.217423
109600012660 3.045827
109700010053 20.362376
109800014234 1.684927
109900012397 1.604036
110000012467 1.300149
110100015595 1.882128
110200015927 1.314476
110300008440 1.447070
110400017505 1.335367
110500011073 19.344622
110600014576 1.408595
110700015692 21.058465
110800017482 1.473758
110900013194 2.036380
111000015776 1.553935
111100012586 1.005152
111200014492 1.300793
111300011430 19.266961
111400009372 1.649035
111500014603 2.849514
111600011281 2.050919
111700014446 19.023691
111800008888 1.765855
111900009963 2.121280
112000013985 2.213874
112100014506 1.159745
112200013691 1.110629
112300020859 1.365647
112400012009 21.155953
112500010650 1.928834
112600016523 21.135828
112700006413 1.859793
112800010933 0.744569
112900010167 20.635600
113000022781 21.442100
113100012318 2.381610
113200011035 0.747981
113300024835 21.679183
113400006218 21.476899
113500027647 1.692934
113600012220 20.797714
113700029726 21.660359
113800013157 1.316047
113900015734 5.380940
114000026330 37.951531
114100028682 1.128474
114200017076 20.344718
114300024567 23.738743
114400029941 1.178677
114500018006 21.128650
114600009070 23.123160
114700021282 0.867626
114800031027 21.473163
114900016065 23.733659
115000013451 0.429748
115100029315 45.279979
115200011918 1.062792
115300009364 23.191519
115400007302 22.411334
115500023589 22.356040
115600019498 23.852636
115700009980 19.895370
115800020909 25.751839
115900019061 0.754301
116000029040 47.244862
116100009874 0.972515
116200026497 47.380097
116300018803 1.020958
116400022793 47.458071
116500009732 0.913424
116600010359 48.185560
116700010317 0.948108
116800007394 47.120065
116900010425 1.130509
117000015602 47.055519
117100019124 5.844017
117200037110 42.324164
117300019203 23.858896
117400012258 24.011641
117500016074 24.372753
117600010674 24.455599
117700024024 46.375192
117800019537 24.421089
117900017775 25.578076
118000010018 47.013128
118100006595 4.626706
118200025492 45.440273
118300027134 23.593364
118400025469 25.074108
118500013443 49.182888
118600023051 45.415830
118700010789 25.112991
118800030871 23.976659
118900013243 50.214746
119000017078 23.763112
119100008455 26.188119
119200018886 47.545420
119300011085 47.146371
119400011943 24.130109
119500012866 36.357087
119600027334 37.183704
119700012100 41.168238
119800006553 17.360233
119900014159 1.828468
120000015464 4.020950
120100012377 3.153930
120200015992 21.790833
120300012511 2.150921
120400011299 2.534710
120500008741 1.985164
120600011824 0.162018
120700010181 0.176378
120800018169 0.084265
120900014169 0.219808
121000029258 1.021165
121100015452 1.537540
121200013941 0.143739
121300023286 0.088540
121400020664 0.053572
121500014890 0.123462
121600028815 0.675507
121700019949 3.646207
121800011483 21.675794
121900029907 1.804153
122000014243 1.827862
122100031106 1.499778
122200011986 20.219958
122300010996 21.088427
122400008994 2.046717
122500027000 14.459425
122600008871 8.596114
122700020425 23.086010
122800024628 1.632229
122900024149 22.642500
123000010353 21.392694
123100022031 21.425034
123200012998 22.326246
123300021813 24.558227
123400013282 22.458589
123500009256 42.302643
123600022360 22.412162
123700026133 34.386058
123800025184 32.410475
123900027723 42.792863
124000030092 22.904101
124100019564 43.098431
124200013201 22.457353
124300008931 46.921241
124400021837 42.463315
124500029818 23.162902
124600007523 44.373652
124700032609 44.771955
124800029135 43.185774
124900009937 57.126625
125000014943 44.992783
125100010265 44.704559
125200012312 65.692927
125300012847 1.568465
125400091644 2.175835
125500011528 3.558162
125600012006 4.654412
125700010799 3.734741
125800010877 3.093200
125900015344 3.540011
126000015846 4.000840
126100011748 4.265570
126200006554 4.623244
126300011691 3.729800
126400010737 4.112521
126500011633 4.295237
126600010113 4.959142
126700011189 5.066734
126800010415 5.673912
126900012799 5.501852
127000007529 6.110537
127100009975 20.786347
127200011065 3.643275
127300011717 4.529316
127400016169 5.243567
127500006164 3.762158
127600017966 4.366143
127700011183 5.739891
127800010070 5.673656
127900013892 4.355021
128000013587 4.008875
128100012742 4.673375
128200012789 3.640703
128300009958 3.202790
128400011273 3.939686
128500011601 4.767476
128600015167 4.632621
128700016661 4.400929
128800013173 20.020050
128900009052 2.361901
129000014464 2.149700
129100013184 17.923081
129200011072 2.221747
129300011259 3.804677
129400016844 4.001630
129500010011 3.839975
129600012029 3.600113
129700010721 4.183881
129800012050 3.793266
129900011497 19.692082
130000006563 2.001888
130100009997 17.771792
130200010423 60.171814
130300015740 126.154600
130400014599 141.155126
130500016712 160.682868
130600017760 2.479599
130700021782 1.415369
130800012196 0.267882
130900015983 0.184406
131000009889 0.154712
131100013706 0.655503
131200019048 0.485618
131300015189 0.558924
131400013584 0.138142
131500014369 0.053318
131600020135 0.029886
131700011432 0.021916
131800010706 0.022835
131900010287 0.026831
132000018150 0.020133
132100020628 0.020302
132200010438 0.020871
132300015056 0.020067
132400011799 0.283684
132500015522 0.789012
132600013019 0.063572
132700011038 0.033055
132800019200 0.028321
132900012790 0.022712
133000015949 0.020821
133100019898 0.021012
133200016811 0.019903
133300015331 0.019718
133400014001 0.023010
133500010930 0.021791
133600016059 0.206978
133700012402 0.033629
133800020526 0.026432
133900015079 0.021637
134000010696 0.027898
134100014038 0.018567
134200021585 0.025141
134300018686 0.957000
134400012292 2.187942
134500015361 20.608759
134600008945 1.706722
134700019900 1.338486
134800022333 17.777289
134900010960 9.905101
135000010755 17.685204
135100016670 40.850895
135200013275 20.606833
135300009375 21.801800
135400006712 42.121468
135500013247 21.606529
135600015932 22.347200
135700018753 40.210327
135800014016 40.256625
135900011641 42.105049
136000025559 45.075905
136100015161 37.342807
136200018928 60.058181
136300012051 40.853701
136400029292 59.294357
136500028034 50.803770
136600011117 49.710310
136700009743 60.596405
136800010494 60.560849
136900021931 59.550871
137000026667 59.341306
137100014288 59.349794
137200016797 59.062461
137300017141 58.805929
137400025362 58.869557
137500011056 35.362801
137600012202 52.429568
137700010444 52.580694
137800015621 52.767503
137900028558 3.151990
138000016346 39.767950
138100019606 58.159094
138200009661 56.602659
138300017412 77.955102
138400012747 72.824980
138500009264 2.978903
138600025611 4.466769
138700018680 2.787688
138800012067 1.144954
138900012084 1.430277
139000015017 19.189560
139100018132 2.724003
139200032987 5.356979
139300011728 4.992385
139400012268 22.848989
139500011656 19.792076
139600006853 2.817418
139700015620 23.334307
139800012786 11.767994
139900014836 10.549722
140000014246 20.553609
140100015316 1.756299
140200013899 21.922790
140300011671 2.512322
140400012328 3.216219
140500013437 20.416142
140600011944 0.814304
140700010465 19.667893
140800012650 2.371529
140900012770 3.205298
141000015003 2.243982
141100010494 2.622597
141200014837 3.419982
141300010526 4.073544
141400013729 4.228793
141500017381 20.384886
141600014205 1.655422
141700012529 18.881315
141800017963 1.647844
141900008579 1.392492
142000009609 2.608315
142100013687 3.129315
142200013648 3.632344
142300014503 3.977039
142400017497 4.047728
142500016495 20.849401
142600010078 1.321722
142700011523 1.139602
142800015290 20.246125
142900011064 1.381660
143000010927 2.937683
143100011454 3.677093
143200010387 20.656835
143300016385 1.420680
143400010430 5.027093
143500014705 17.704491
143600008669 1.165013
143700008563 10.357694
143800014727 12.808240
143900014010 1.175955
144000010897 21.954587
144100013216 0.987413
144200022156 22.354861
144300040026 1.072725
144400025940 1.108234
144500014135 21.384578
144600019096 1.695637
144700012637 22.424347
144800019817 1.133220
144900014220 21.018878
145000024480 1.901928
145100033779 21.997615
145200014927 1.028042
145300020771 21.267550
145400016285 23.504537
145500028011 1.096074
145600022513 21.421433
145700021640 1.792356
145800015341 22.484985
145900013423 22.428046
146000021343 24.586167
146100010597 23.003105
146200007408 23.808605
146300026216 23.295490
146400011228 23.643027
146500013059 46.141362
146600011142 23.043654
146700015731 23.755323
146800028349 44.134902
146900015321 23.712289
147000026949 23.245154
147100014090 44.482093
147200015890 24.257815
147300022809 26.613579
147400012701 36.187169
147500016784 41.630000
147600012837 40.733185
147700024734 40.558154
147800011651 1.637342
147900008782 2.380969
148000017048 1.661913
148100011517 1.201290
148200016065 23.027058
148300016810 1.880580
148400021838 24.835837
148500010854 21.955103
148600017879 36.032134
148700027846 10.853147
148800024755 23.116784
148900025211 23.969061
149000017629 25.270558
149100010915 45.633935
149200017900 23.779776
149300010975 45.953989
149400016609 28.437655
149500021315 48.762583
149600015456 56.698666
149700020587 54.296538
149800011975 45.036535
149900012455 48.955348
150000010775 66.581486
150100027345 52.625304
150200020557 64.612185
150300012888 58.667384
150400015022 38.561575
150500010733 54.960791
150600008852 37.855645
150700009882 54.612710
150800017274 1.540301
150900013411 1.677151
151000012941 1.366714
151100010277 2.709067
151200014071 2.255945
151300011981 2.152451
151400031423 2.584194
151500030293 2.459961
151600031095 20.341917
151700018468 2.203580
151800015536 2.603550
151900013489 2.176078
152000010914 20.076474
152100017415 19.886146
152200012734 1.429430
152300011179 1.516914
152400018713 1.733232
152500011065 2.295088
152600011772 1.926784
152700013048 1.788018
152800019006 2.841080
152900010292 27.127956
153000026529 2.819298
153100013787 2.743872
153200026715 0.948951
153300013864 0.110627
153400013033 0.067101
153500017621 18.515821
153600014902 1.770081
153700010434 2.183420
153800012124 1.753310
153900014584 1.583589
154000019374 23.940579
154100016788 2.368903
154200011989 20.014764
154300027675 2.212400
154400010218 24.507213
154500012665 22.912248
154600013029 2.290039
154700009785 3.708264
154800010402 26.072652
154900017724 25.310771
155000010864 26.372369
155100026246 47.422431
155200018164 26.325772
155300025591 48.014121
155400008194 24.376667
155500035187 50.780235
155600018649 25.463142
155700033606 48.429158
155800018800 28.989369
155900026061 45.586445
156000010530 49.404113
156100011359 48.913210
156200026239 49.080219
156300026392 49.484689
156400028049 49.163431
156500027253 33.575371
156600021556 38.068505
156700010170 42.310041
156800010560 41.069455
156900010872 37.076895
157000019499 56.165612
157100019623 2.053412
157200024052 3.286904
157300017119 1.629433
157400014125 1.393734
157500018692 0.895569
157600010243 0.513678
157700018673 0.176364
157800013619 0.678497
157900011228 2.807433
158000019756 2.362156
158100014781 25.204732
158200012835 1.929871
158300017586 0.909761
158400013444 1.305073
158500023457 0.159483
158600024768 0.042946
158700012053 0.029182
158800018284 0.024711
158900014498 0.027626
159000013585 0.020909
159100014816 0.021228
159200011332 0.027862
159300011347 0.188493
159400010298 0.037358
159500017714 0.021265
159600128223 0.026807
159700025333 0.025331
159800019934 0.043128
159900012731 1.237169
160000013286 0.197084
160100015668 0.053599
160200014944 0.032487
160300017178 0.027706
160400015699 0.022930
160500013064 0.020568
160600012737 0.027508
160700015523 0.025807
160800016185 0.023858
160900017877 0.940326
161000024988 0.353890
161100017699 0.057458
161200012995 0.044691
161300024477 0.039040
161400015356 0.022131
161500013840 0.036642
161600016891 0.807452
161700018196 0.733451
161800019910 0.673920
161900014576 0.043403
162000013650 0.171127
162100009678 1.049733
162200018462 0.068138
162300024233 0.036829
162400021279 1.295684
162500020934 2.900736
162600013830 26.644171
162700014654 1.602604
162800017713 0.123521
162900016440 0.041550
163000010293 0.029697
163100016837 0.028294
163200021889 0.025563
163300011682 0.027819
163400012975 0.053846
163500013008 0.051463
163600021272 0.052105
163700021154 0.040531
163800013029 0.029525
163900017828 0.025389
164000019226 0.039536
164100020965 0.024221
164200013529 0.025097
164300020186 0.026142
164400015709 0.030542
164500011829 0.022512
164600016302 0.225367
164700020804 0.253986
164800023967 0.410850
164900023384 1.037281
165000025098 0.344966
165100010956 0.102821
165200012493 0.129664
165300014072 0.117293
165400022674 0.083967
165500016801 0.110890
165600010135 0.136805
165700024652 0.136433
165800016767 0.232437
165900012455 0.931142
166000015653 0.256087
166100011401 0.214892
166200017516 0.091422
166300009662 0.110750
166400018322 0.126102
166500022083 0.085984
166600020989 0.064992
166700021891 0.186041
166800012283 0.192233
166900013133 0.223904
167000019262 0.037569
167100015668 0.032182
167200013459 0.027661
167300011166 0.024420
167400013414 0.023139
167500018458 0.045838
167600011311 0.044597
167700012132 0.044711
167800018227 0.050985
167900011640 0.029842
168000012265 0.027617
168100015941 0.032228
168200012215 0.022952
168300019233 0.025946
168400015136 0.025734
168500012799 0.024213
168600021742 0.034481
168700011726 0.043692
168800019823 0.216611
168900012631 1.072334
169000019212 0.121851
169100017781 0.093017
169200012157 0.086025
169300021186 0.054460
169400018581 0.068518
169500013638 0.109104
169600011850 0.070317
169700021448 0.063982
169800013350 0.377219
169900008247 0.273848
170000015806 0.211809
170100019057 0.331241
170200022686 0.163620
170300019870 0.391127
170400009495 0.183983
170500024092 0.086918
170600022111 0.098150
170700014597 0.139136
170800020688 0.125874
170900020918 0.054862
171000014326 0.042884
171100015462 0.043703
171200015116 0.040302
171300019963 0.149874
171400024999 0.528256
171500012320 0.676667
171600017451 0.192911
171700011931 0.142808
171800012986 0.103705
171900019028 0.110889
172000014055 0.095225
172100159592 0.069393
172200022503 0.070061
172300018539 0.101071
172400024105 0.091752
172500015057 0.046034
172600025131 0.036181
172700017048 0.037423
172800017102 0.044866
172900012748 0.550653
173000014775 0.145898
173100015534 0.115037
173200042646 0.111068
173300019040 0.073707
173400016566 0.093204
173500020931 0.084126
173600008926 0.100302
173700026969 1.419854
173800019658 0.817682
173900020729 1.042679
174000013991 0.264553
174100017487 0.271967
174200022624 1.667862
174300018053 20.970548
174400013892 21.304786
174500021257 23.610114
174600013060 39.555234
174700006394 23.575959
174800014246 24.785036
174900013763 38.223697
175000017300 0.921418
175100017256 20.139271
175200017103 20.743363
175300016730 40.118151
175400013022 40.971215
175500015909 21.270837
175600024400 39.298762
175700012546 38.249939
175800023846 20.215051
175900017068 22.818348
176000009722 55.740310
176100015200 37.583524
176200021838 55.857040
176300021918 39.289193
176400012271 55.685539
176500011434 37.912786
176600026979 57.580451
176700012286 48.068855
176800013654 45.922608
176900021908 57.011173
177000007730 42.925976
177100014780 53.993715
177200010335 60.538656
177300017342 62.586787
177400015361 40.428604
177500011548 55.522301
177600013096 40.164232
177700015988 1.545628
177800014554 1.529882
177900018912 1.568388
178000015962 3.588071
178100011097 2.595897
178200018125 2.255798
178300016313 2.909086
178400014737 21.900639
178500009626 1.403547
178600014682 2.408573
178700013089 1.775571
178800009585 1.427348
178900013771 2.778469
179000039720 2.303572
179100016402 2.216824
179200010671 2.157440
179300020011 20.357604
179400011148 1.560759
179500011549 8.857869
179600010677 13.290251
179700011046 1.938948
179800019325 3.032143
179900012931 2.312754
180000012689 21.164302
180100010036 2.626588
180200017107 21.380684
180300014856 2.469732
180400014693 22.079346
180500011422 2.859471
180600020540 23.208160
180700010128 23.320545
180800016815 22.768294
180900020519 24.398341
181000020998 22.633721
181100018541 23.887465
181200010065 46.732703
181300010392 22.438457
181400013919 23.858405
181500018966 44.818277
181600009987 24.482157
181700029864 44.102893
181800004998 23.494258
181900011296 47.338017
182000022128 23.730053
182100011655 45.167224
182200041032 25.244017
182300007092 46.205611
182400023937 25.096313
182500007494 44.828436
182600019792 45.735719
182700031779 46.411577
182800020132 46.654292
182900024904 39.984776
183000017045 29.890046
183100010779 36.336531
183200013841 34.557225
183300021377 42.053136
183400013115 47.072246
183500020688 47.599996
183600025926 2.332708
183700009963 3.417703
183800011297 2.587241
183900011445 0.413245
184000011362 0.688323
184100012253 21.978697
184200016767 1.942122
184300013970 1.600407
184400015078 18.723323
184500014631 20.565937
184600011460 21.831453
184700013614 2.983234
184800011280 3.106339
184900022796 23.938441
185000006884 3.185123
185100012153 25.317369
185200019246 24.086787
185300026120 24.151367
185400018020 24.367254
185500011517 46.506296
185600012899 24.181364
185700013209 48.055555
185800031722 48.260744
185900024060 47.918508
186000010110 47.298009
186100015275 44.899269
186200024715 48.348693
186300031931 45.558488
186400020982 49.242291
186500004362 51.640442
186600012055 68.179761
186700009637 40.141826
186800011766 54.597435
186900016503 38.405491
187000029960 51.703094
187100016465 49.428552
187200014220 54.419241
187300009608 1.800811
187400020153 1.011305
187500011795 0.168493
187600015395 0.303789
187700012903 3.422486
187800010562 3.299426
187900016383 3.420118
188000011515 2.673004
188100010684 2.595678
188200011583 3.536698
188300015446 2.268894
188400015137 2.280810
188500011111 2.607593
188600011516 2.768163
188700011580 2.663636
188800009637 2.610594
188900015874 2.636169
189000017702 4.438550
189100019967 4.973177
189200016377 5.601739
189300014280 5.051950
189400017717 4.502575
189500012110 5.124380
189600017714 1.654975
189700013861 0.317407
189800014997 0.170475
189900015845 0.358176
190000016468 0.253149
190100014975 0.352021
190200027262 0.291517
190300014752 0.249290
190400010965 0.162437
190500014494 0.405208
190600013831 0.384970
190700021704 0.257122
190800011369 0.203155
190900013988 0.453491
191000005505 0.202046
191100013791 1.873669
191200013319 19.403873
191300012872 0.700622
191400012037 0.154694
191500015197 0.788683
191600016392 3.396465
191700012142 3.608218
191800013026 3.347642
191900011575 3.297758
192000017094 3.612714
192100012798 3.908147
192200015572 2.535417
192300016008 2.568777
192400010185 3.157982
192500013642 21.502946
192600020228 0.631334
192700014412 0.139590
192800013731 0.965228
192900010607 19.087004
193000010091 0.862344
193100017916 0.146308
193200012693 2.166520
193300014758 3.295783
193400014664 3.319401
193500013476 2.377918
193600016579 21.346136
193700011935 0.162211
193800014494 0.525423
193900013821 1.895961
194000012511 18.312136
194100011873 0.184879
194200011156 0.175263
194300014254 3.682034
194400013233 4.251606
194500023497 4.779877
194600014254 4.492394
194700012816 4.535724
194800016097 4.682630
194900012766 5.152556
195000011679 4.393859
195100010692 5.123920
195200018624 5.030357
195300012653 4.987202
195400009872 4.981215
195500016238 4.826319
195600011923 5.441544
195700015995 5.371395
195800018808 4.776786
195900018377 4.083142
196000010890 4.351049
196100012363 18.255534
196200008391 0.156578
196300010723 0.162012
196400010718 4.148702
196500014245 4.758167
196600018170 4.746323
196700015797 4.709518
196800011091 4.158566
196900014907 4.555303
197000008111 4.818911
197100011231 4.771571
197200015688 4.468480
197300016112 4.638135
197400014020 4.226958
197500010585 4.128359
197600013793 4.089307
197700009705 4.910219
197800010996 4.599275
197900014160 4.111109
198000013894 3.783284
198100013637 18.371011
198200012528 0.782559
198300014207 3.202102
198400017586 3.971499
198500014194 4.892503
198600012121 4.695207
198700009886 5.178921
198800024392 4.477098
198900012048 5.283954
199000009065 5.515409
199100016230 19.845732
199200020652 1.083473
199300010775 19.005667
199400014808 0.870109
199500013521 2.187151
199600012347 4.031600
199700011126 3.198029
199800010717 3.479467
199900012650 3.732360
200000011847 3.818005
200100016080 4.486358
200200013936 3.338658
200300010904 4.048155
200400010587 4.773645
200500011810 20.925029
200600012398 0.322365
200700011795 1.674889
200800012069 19.700904
200900011403 0.124249
201000010656 1.522389
201100014416 3.196432
201200017171 4.277474
201300012783 22.364714
201400016704 0.144012
201500018635 0.327403
201600027207 4.540246
201700012267 16.262223
201800017656 0.140770
201900014704 19.669144
202000013159 0.544687
202100002607 0.174157
202200011798 1.028134
202300010230 18.705518
202400011985 3.418715
202500016263 2.552033
202600015305 3.748017
202700012362 3.947499
202800008571 3.566954
202900012858 3.621562
203000011483 3.319946
203100008513 3.992105
203200009977 3.964540
203300012929 3.550667
203400009442 4.376657
203500015259 4.919263
203600009873 4.176089
203700015360 4.629663
203800016108 4.513809
203900012891 5.014442
204000010230 4.913707
204100019087 5.097637
204200011502 4.492578
204300009443 4.676227
204400014139 4.916541
204500011817 3.726875
204600011865 3.955750
204700011533 4.584395
204800016329 4.421013
204900015407 18.733333
205000011696 18.409209
205100009998 3.614961
205200023566 3.217350
205300012522 4.071385
205400012806 4.179606
205500022289 3.754341
205600017049 4.027134
205700013382 19.666575
205800012602 18.854359
205900010968 1.828299
206000014265 3.190018
206100013279 20.379368
206200009238 19.345081
206300024610 1.986447
206400013778 2.636072
206500017687 3.734336
206600011613 3.955290
206700011255 4.006438
206800011991 4.809736
206900018122 21.750900
207000016351 18.824170
207100024351 3.132758
207200017461 3.200396
207300013424 22.845734
207400018516 0.939900
207500014376 23.037107
207600014321 2.708121
207700010964 20.090228
207800016836 22.432657
207900011279 20.053611
208000020070 42.145692
208100024374 20.496607
208200019078 3.356087
208300024167 21.801576
208400026677 21.416347
208500011179 23.371693
208600010818 20.428205
208700022732 23.460872
208800023310 21.430852
208900013943 22.394484
209000029181 40.371476
209100011468 22.683777
209200009309 22.598871
209300015357 41.698106
209400023433 22.576932
209500018394 28.366757
209600010175 37.090760
209700013954 42.336355
209800014373 21.571710
209900008230 22.395553
210000007221 44.404638
210100027530 43.324887
210200024967 21.607030
210300018068 43.484620
210400032442 21.915024
210500038071 43.873530
210600020343 21.467742
210700016761 41.595912
210800015319 21.954335
210900023270 44.505984
211000023781 42.360347
211100007286 21.354906
211200020951 43.582476
211300027584 22.028367
211400011895 42.120977
211500029234 41.574999
211600012151 41.825545
211700013365 36.427603
211800009930 52.452190
211900014002 35.358142
212000014059 19.919672
212100010469 34.915556
212200010046 37.570736
212300010691 1.717834
212400015224 2.081492
212500018427 1.900613
212600011212 1.513807
212700015116 1.303562
212800007983 0.340152
212900010779 0.363603
213000010484 0.456096
213100018317 0.138141
213200010180 0.250543
213300010439 2.501954
213400008769 3.647200
213500009863 3.546617
213600032728 3.649028
213700011777 3.611869
213800011578 2.815590
213900012767 3.846935
214000012739 3.600055
214100011766 3.687403
214200013660 4.727410
214300013831 4.282683
214400013107 5.335415
214500010797 4.558314
214600012470 4.743535
214700011602 0.961582
214800009300 0.668658
214900010470 0.134861
215000015011 0.170772
215100008845 1.258191
215200011157 0.158838
215300010411 2.764802
215400020630 2.069500
215500009950 20.537140
215600011869 2.154765
215700012880 1.417011
215800018917 1.317100
215900017487 0.333562
216000009689 0.323812
216100016938 0.457551
216200010180 0.149080
216300013815 0.248718
216400015992 1.674440
216500017697 3.267635
216600015201 4.117771
216700016333 4.452864
216800010593 3.562391
216900013427 4.292253
217000012254 4.160982
217100009344 4.397540
217200011179 4.394627
217300013190 4.894580
217400010087 3.985097
217500008877 21.312594
217600012984 2.214404
217700011810 1.127066
217800015640 1.089979
217900013905 0.341274
218000007267 0.359259
218100012362 0.436416
218200013284 0.124899
218300012848 0.264620
218400012679 1.878848
218500011487 1.598775
218600010058 19.247807
218700012889 1.735872
218800025074 1.134074
218900011431 0.396250
219000013251 0.390155
219100011757 0.270520
219200013346 3.396324
219300020509 20.326450
219400010554 1.857985
219500012917 0.800370
219600010902 0.309967
219700015008 0.443055
219800010929 0.460040
219900012687 2.229377
220000009836 1.408298
220100011418 18.944460
220200009659 0.248934
220300014833 0.140457
220400010895 0.110737
220500014140 3.404928
220600029220 4.023914
220700014865 3.930225
220800011668 3.675425
220900014061 4.244610
221000034558 18.187827
221100014984 0.154020
221200013620 0.116611
221300011877 0.162005
221400013366 2.795642
221500011968 1.964523
221600013525 18.914171
221700015392 1.295667
221800013294 0.164467
221900013918 0.096512
222000010894 0.394267
222100011772 3.954009
222200004647 4.334124
222300017975 19.724772
222400011344 0.439057
222500013829 0.161619
222600011181 0.106751
222700011839 1.535067
222800011054 1.662494
222900014456 18.528410
223000022028 2.088261
223100019183 0.231897
223200014698 0.162817
223300010782 0.114609
223400014705 2.425952
223500015161 3.326165
223600040932 4.209345
223700009705 19.605731
223800010899 0.189284
223900013612 0.142957
224000013315 0.130597
224100012329 1.863665
224200012189 7.627080
224300012050 12.758183
224400014431 0.529567
224500014008 0.248611
224600015199 0.105609
224700011902 1.094139
224800016340 2.834297
224900010252 1.602544
225000012524 2.072517
225100015457 19.980694
225200013629 0.187041
225300013213 0.127859
225400013236 0.126655
225500015701 1.521805
225600011570 1.075971
225700018554 20.587805
225800013020 0.768751
225900012095 0.179986
226000019051 0.166049
226100010953 0.924312
226200010146 20.144657
226300011661 0.224589
226400010109 0.159609
226500019378 0.201043
226600016820 1.467315
226700014437 17.620297
226800012023 1.367913
226900014259 0.214656
227000017146 0.226134
227100011639 0.120246
227200011756 1.207123
227300011728 3.283351
227400015812 20.705487
227500012597 0.282420
227600010182 0.185142
227700014799 0.152081
227800009950 0.227540
227900011987 1.502035
228000014540 1.390287
228100017203 20.831111
228200010584 1.799365
228300011963 0.955321
228400011951 0.201583
228500012537 0.165762
228600013561 0.143633
228700012760 1.329224
228800014325 2.989867
228900009875 4.051855
229000012498 4.196502
229100014126 3.974805
229200009552 4.061626
229300016069 3.310549
229400015528 4.095161
229500013317 4.941092
229600017437 4.408884
229700017225 4.370392
229800012416 9.513603
229900012845 14.640170
230000011454 0.189616
230100012689 0.206656
230200014605 0.119148
230300008247 0.794029
230400010547 1.497179
230500011250 1.885713
230600011840 18.835554
230700015623 1.199254
230800013583 0.191756
230900014323 0.204411
231000009049 0.110690
231100013432 0.577295
231200018216 3.075149
231300012697 3.940854
231400017913 3.171776
231500010199 3.846515
231600027478 19.945477
231700017143 0.184968
231800011686 0.249079
231900025332 0.092294
232000034726 0.429317
232100017608 1.755828
232200018158 1.003805
232300012082 21.353210
232400012530 0.324648
232500015619 0.215676
232600010706 0.174832
232700026963 0.201104
232800013672 2.862489
232900014204 18.730565
233000014040 0.196604
233100011308 0.161956
233200015457 0.148672
233300011677 1.248444
233400008260 0.880519
233500016047 20.530938
233600012036 0.412044
233700011297 0.184953
233800011155 0.163696
233900016217 0.195626
234000013678 8.536363
234100012231 12.764939
234200023601 0.199836
234300010617 0.155962
234400011939 0.160921
234500015709 1.326724
234600017407 0.754706
234700012238 20.973049
234800013844 0.414646
234900012226 0.352275
235000014077 0.232176
235100008416 0.270891
235200010756 19.986243
235300014173 0.662040
235400032382 0.286521
235500012943 0.196861
235600010862 0.194969
235700013504 1.452127
235800012434 0.895216
235900010699 20.556464
236000011875 0.195604
236100012061 0.218016
236200011961 0.081544
236300005645 0.705177
236400017300 20.314565
236500013549 0.195554
236600011941 0.128262
236700011876 0.141738
236800012500 1.259720
236900014729 0.768689
237000013803 20.362528
237100013752 0.189389
237200016790 0.142673
237300010559 0.115142
237400013455 19.017907
237500208344 0.529884
237600014733 0.198075
237700012700 0.160218
237800012133 0.194731
237900015443 1.429615
238000018855 20.314047
238100014387 0.918115
238200010505 0.167196
238300009886 0.113927
238400010733 7.470095
238500010108 12.929833
238600016413 0.159107
238700016512 0.111974
238800015031 1.116079
238900012338 0.690557
239000011503 20.431246
239100009405 0.242732
239200030535 0.117064
239300012950 1.508453
239400011633 19.768618
239500022254 0.193104
239600012940 0.102640
239700011485 1.345480
239800014684 17.910444
239900011927 2.787841
240000010447 0.034062
240100012837 0.020903
240200013756 0.029675
240300013896 0.039832
240400014944 0.067695
240500012700 0.168097
240600013517 0.045919
240700013286 0.047471
240800011611 0.066145
240900012135 0.033985
241000009083 0.047545
241100014160 0.052608
241200011099 0.359130
241300018862 0.129212
241400004111 0.029063
241500018033 0.030393
241600017138 0.022474
241700014742 0.022733
241800011585 0.023653
241900012572 0.032962
242000014995 0.028434
242100011955 0.021297
242200017890 0.025643
242300013327 0.027349
242400010775 0.022390
242500010263 21.772772
242600011049 0.076682
242700012332 0.024722
242800012948 0.025070
242900010836 0.044957
243000015816 0.032804
243100014248 0.135163
243200010619 0.113100
243300022233 0.060341
243400005623 0.032684
243500011831 0.058811
243600012103 0.029357
243700014672 0.053109
243800017373 0.043965
243900013678 0.252822
244000029384 0.036710
244100012855 0.027301
244200014247 0.024818
244300013644 0.021902
244400014272 0.021199
244500021634 0.029234
244600028378 0.027043
244700011685 0.019509
244800008638 0.019588
244900011431 0.023467
245000009651 0.022577
245100014433 0.695518
245200012956 0.769329
245300010333 19.389178
245400014448 22.690850
245500013258 1.212604
245600011108 18.340150
245700011919 11.863907
245800011534 10.964875
245900012734 18.459850
246000009263 1.116601
246100011335 2.395243
246200012634 2.978932
246300013246 21.181287
246400023724 0.893360
246500005464 0.793059
246600008321 21.027333
246700010525 20.550503
246800010744 0.537823
246900013380 21.418684
247000014640 20.597263
247100012919 19.823106
247200014650 14.427695
247300009981 8.736809
247400011750 19.727923
247500014268 21.567283
247600009641 0.919364
247700010270 20.977288
247800008262 20.355812
247900014401 20.160434
248000008252 21.482095
248100014787 19.116694
248200009363 20.242463
248300005373 0.891104
248400015566 20.056180
248500005112 20.736360
248600006415 0.799273
248700005721 20.080199
248800027546 1.756668
248900014875 23.111964
249000024213 1.077030
249100012063 19.299206
249200021619 1.783743
249300020364 21.800596
249400013056 1.125404
249500017416 20.889930
249600011248 21.741542
249700010551 0.518051
249800012838 22.009126
249900021828 22.691413
250000015147 1.219972
250100010048 21.655122
250200019979 20.635908
250300004978 0.828356
250400015671 21.072704
250500013538 20.423761
250600016917 8.692920
250700016391 34.350420
250800017061 0.979010
250900013145 19.962478
251000017221 21.410564
251100011095 0.763375
251200024422 21.838432
251300017534 21.969507
251400011795 0.765678
251500011807 22.696879
251600009544 21.967849
251700029629 0.405832
251800006023 35.957062
251900032421 8.361259
252000016982 21.312018
252100009808 22.389241
252200014528 0.789331
252300014498 22.669694
252400024200 23.515511
252500009526 0.507901
252600015912 23.784695
252700017196 21.549464
252800009666 22.314023
252900019004 1.691052
253000007546 21.342262
253100019334 22.253605
253200011292 21.949719
253300018942 0.666482
253400009853 21.315763
253500016441 21.594402
253600025662 20.416887
253700024488 22.246642
253800003611 0.689854
253900015527 42.096711
254000016373 20.967266
254100022367 22.173401
254200023365 0.556764
254300010787 22.902054
254400008266 22.133090
254500018026 21.095125
254600028636 22.896872
254700011400 20.717561
254800002358 23.459739
254900025101 20.661274
255000026771 23.288606
255100027345 20.508883
255200021958 22.827688
255300017201 2.578737
255400009616 41.536138
255500023449 21.152091
255600009705 22.672199
255700008516 21.601429
255800028259 22.216466
255900027327 43.227213
256000010407 21.481235
256100012880 22.068602
256200010044 43.005541
256300010677 19.051904
256400014733 19.604188
256500011260 37.636814
256600012066 18.378283
256700009699 19.247787
256800014757 37.050192
256900011167 26.049309
257000007258 10.288041
257100010797 1.167096
257200011848 1.544958
257300016950 1.791946
257400016326 2.192983
257500010553 1.843706
257600009915 1.972423
257700010358 2.207643
257800012403 2.364836
257900014387 1.625821
258000015221 1.231987
258100012912 1.519870
258200005876 1.696729
258300014038 1.743770
258400009155 1.320463
258500013190 1.421964
258600014633 1.658984
258700016525 2.057720
258800010910 2.153453
258900010515 2.245229
259000012038 2.016620
259100012114 3.237152
259200006335 2.134987
259300007185 2.420352
259400010312 2.558337
259500015235 2.709183
259600011631 2.754298
259700008469 3.156166
259800013654 3.124004
259900010529 30.730998
260000011282 2.807236
260100015884 3.509312
260200016017 2.789048
260300008159 2.872130
260400004279 2.949515
260500012924 2.535660
260600021723 3.414416
260700011568 2.608319
260800012637 3.313363
260900015011 2.290232
261000009919 3.326041
261100014368 2.553591
261200010919 3.541164
261300011863 1.590429
261400015072 1.476672
261500013025 1.796986
261600013597 1.618374
261700018980 1.706362
261800014696 1.997964
261900017595 2.350784
262000107586 2.534695
262100010874 1.731079
262200011828 1.989859
262300010914 2.925772
262400007674 2.662953
262500010727 18.742512
262600012499 1.187397
262700014673 1.505189
262800013406 1.639106
262900012858 1.235352
263000011020 1.279073
263100011723 1.650850
263200007980 2.016452
263300013991 2.043482
263400014508 1.963805
263500010205 2.359722
263600012164 2.479378
263700013690 1.225630
263800013848 1.453892
263900011257 1.762239
264000014213 1.598590
264100013464 1.274557
264200014955 1.595727
264300013171 1.853019
264400012979 1.918381
264500012666 2.394488
264600014402 2.240082
264700013666 2.294814
264800011828 3.369463
264900013666 3.204026
265000014374 2.956446
265100010027 2.556802
265200011557 3.068832
265300005134 2.658412
265400015927 31.073212
265500013056 1.765846
265600239655 1.368762
265700012658 2.695985
265800015999 3.439766
265900012582 3.184810
266000012883 3.224959
266100008440 2.541359
266200012058 2.725221
266300009697 3.417552
266400016526 3.535929
266500013864 2.849327
266600008647 3.232428
266700009070 3.577462
266800009088 2.718580
266900018910 2.503421
267000011135 2.234292
267100012974 2.951920
267200010905 3.761925
267300018050 3.098100
267400013086 3.237670
267500010474 3.038816
267600004800 19.548041
267700008850 1.324476
267800012002 1.459973
267900010407 1.690648
268000012039 1.693781
268100009331 1.892654
268200012855 2.223175
268300015169 2.126394
268400011175 2.868875
268500009908 2.929678
268600012344 3.451005
268700011847 1.276296
268800009187 1.467699
268900008798 1.229991
269000010831 1.504986
269100010746 1.660801
269200015098 2.185117
269300010400 2.250387
269400012757 2.468319
269500011971 2.478022
269600012227 2.648886
269700014124 2.681797
269800026417 19.220607
269900015450 1.247647
270000014640 1.559089
270100015362 1.552063
270200009850 1.965306
270300012631 1.642642
270400011462 2.401049
270500011749 2.742890
270600013492 2.516918
270700013929 2.128386
270800012381 2.582162
270900014232 2.661666
271000010491 2.930239
271100009780 2.869830
271200009198 2.759597
271300009942 2.625623
271400014178 3.314678
271500010733 3.290282
271600016400 3.326904
271700012726 3.246342
271800012693 3.176390
271900015070 2.665361
272000014165 19.537403
272100011316 1.311855
272200014414 1.322054
272300012432 1.606860
272400010247 1.792074
272500011679 1.620026
272600010172 1.686195
272700012266 2.196299
272800024510 1.783930
272900012897 1.720538
273000012423 2.164652
273100012814 1.662712
273200010536 2.910231
273300009798 2.970955
273400009866 2.242095
273500014962 1.234801
273600017734 2.040908
273700011140 2.380873
273800009267 2.370684
273900013887 2.162422
274000014406 3.139161
274100012288 2.353942
274200025122 2.759551
274300014499 2.042747
274400009212 18.690477
274500011272 1.190518
274600012207 1.322127
274700011850 1.435834
274800010397 1.745497
274900009375 1.607817
275000009491 2.733546
275100013442 2.472417
275200010821 2.680217
275300010514 2.575285
275400011610 2.590852
275500008778 2.692897
275600012533 2.553745
275700010624 2.907451
275800008757 2.248220
275900027647 2.717681
276000009178 2.182371
276100011925 2.764981
276200013658 2.444895
276300011997 2.955224
276400010835 2.287170
276500012329 3.491314
276600025346 3.071203
276700019695 2.528954
276800013946 3.196619
276900014487 18.886958
277000020353 1.518397
277100012337 2.170947
277200024107 1.861288
277300013584 1.330564
277400008802 1.676040
277500009273 2.081398
277600015211 1.960399
277700012409 19.802467
277800010888 1.483652
277900015017 1.800251
278000011871 1.850629
278100010192 19.421401
278200016096 1.525899
278300013110 2.000552
278400013360 1.660786
278500017813 1.601175
278600015867 1.816191
278700011058 1.319301
278800012656 19.106465
278900010715 1.366818
279000009794 1.779203
279100012680 2.271171
279200021415 3.031118
279300010143 1.951361
279400013591 1.650508
279500010327 1.673061
279600016528 2.106048
279700012101 3.292065
279800012085 21.226673
279900037459 1.789904
280000023412 1.195857
280100011303 19.156286
280200011425 1.624475
280300011771 2.020804
280400016307 19.177178
280500012185 1.731945
280600016288 1.127117
280700011400 19.042825
280800010367 2.219514
280900010247 2.118589
281000017734 2.201048
281100011748 2.767066
281200011126 2.696664
281300011565 2.604380
281400014489 18.577553
281500012208 2.251899
281600025357 1.712703
281700011744 1.295004
281800012418 19.796721
281900016123 1.318733
282000013556 1.817596
282100022336 2.701676
282200009251 3.331150
282300019690 20.412824
282400013186 1.501501
282500014638 1.568562
282600010795 20.083279
282700009132 2.057606
282800012141 20.986874
282900014116 1.584852
283000028772 21.475264
283100023747 2.239689
283200006516 2.641641
283300028076 23.079721
283400011403 1.544073
283500018859 21.080008
283600025597 2.682809
283700020318 21.601716
283800011759 1.263599
283900024778 20.920401
284000009625 21.668113
284100020743 1.115582
284200016443 21.456355
284300019329 22.838589
284400014180 0.647955
284500013301 23.571883
284600020115 24.380174
284700014293 1.590801
284800023037 5.825128
284900009100 38.729691
285000009792 1.472632
285100006729 21.819738
285200008942 24.935502
285300037522 0.712704
285400028899 46.498520
285500011910 1.126173
285600009030 23.655932
285700020415 23.897672
285800009693 23.224981
285900008423 25.089216
286000027357 23.226073
286100019732 23.694057
286200011277 24.560437
286300030522 24.627218
286400015196 23.428574
286500029470 25.502649
286600022714 23.754395
286700024902 24.813427
286800026725 24.032105
286900022152 25.705033
287000014454 23.507897
287100024880 25.604325
287200009984 47.722616
287300026868 1.246615
287400027622 47.169463
287500011147 24.344166
287600021565 25.640687
287700030011 43.955359
287800013855 16.518477
287900031282 33.767768
288000020452 41.343181
288100024684 30.377919
288200029810 24.345105
288300007399 48.985493
288400039382 24.708247
288500019260 24.590331
288600007598 47.570624
288700029269 47.226517
288800018654 23.967729
288900025922 46.317835
289000028724 23.925210
289100023533 47.426789
289200012702 35.961078
289300009561 35.952602
289400026724 41.479360
289500013787 41.984413
289600013329 40.804200
289700011358 40.101476
289800012194 38.810747
289900004876 37.595221
290000015880 2.523030
290100026524 3.810457
290200014130 22.227791
290300022851 2.637386
290400027320 24.290826
290500011987 23.259502
290600013709 3.734121
290700013579 43.809620
290800027810 23.495625
290900011568 22.739899
291000014896 41.098862
291100023561 28.529409
291200016118 44.739150
291300013750 47.530879
291400022942 45.329894
291500022486 38.462483
291600010764 32.161210
291700009239 40.455902
291800024367 30.686922
291900027050 45.031023
292000027748 28.308682
292100009732 36.164564
292200013075 35.802716
292300016925 36.935171
292400011945 51.184195
292500012877 54.739912
292600010146 35.665386
292700013104 50.820919
292800011767 37.455727
292900010950 32.209201
293000011461 2.022588
293100010546 1.995914
293200014890 1.960874
293300009566 2.393509
293400010941 2.910983
293500009298 2.627857
293600010456 3.392189
293700011376 3.074032
293800010268 1.617636
293900015796 2.032154
294000011909 2.647020
294100013105 2.331779
294200014949 1.912299
294300010695 21.185141
294400008563 1.639054
294500009898 1.656914
294600016617 2.074698
294700009124 2.014306
294800024872 3.664678
294900010821 2.730605
295000013036 18.682184
295100009743 1.334946
295200016164 1.679509
295300014086 1.247602
295400009162 19.225039
295500012618 1.918498
295600010375 2.119292
295700015419 1.936019
295800011231 3.112757
295900011591 2.457338
296000012113 18.991186
296100010805 2.402039
296200012484 1.916775
296300011159 1.371690
296400024217 18.555102
296500012517 1.880529
296600014383 1.790379
296700010514 2.700487
296800020451 20.881802
296900011125 1.206175
297000010657 1.995556
297100018124 1.570676
297200010160 1.835250
297300011834 20.214121
297400017387 2.166742
297500018087 2.645397
297600017474 19.662541
297700007842 1.935700
297800018731 1.163900
297900023839 21.443018
298000013896 1.918909
298100011866 21.657017
298200018608 1.370459
298300017980 1.743044
298400009679 20.646484
298500009325 2.199114
298600009640 21.872562
298700014389 1.984972
298800011063 20.006029
298900023750 3.234702
299000010590 22.130701
299100017185 1.879798
299200012673 21.108575
299300009227 22.628954
299400011126 1.150284
299500013765 21.451527
299600009167 3.298610
299700011286 21.494862
299800015175 11.587220
299900011581 32.265745
300000017264 2.192784
300100012757 21.074965
300200023166 22.834339
300300029634 1.536132
300400008037 22.442638
300500014287 23.565955
300600012769 20.932891
300700008025 23.713838
300800008122 1.182193
300900010959 22.679138
301000013804 25.291416
301100013756 1.219168
301200015047 44.580412
301300022787 1.671818
301400016477 23.008815
301500011319 23.617044
301600009834 1.080089
301700017941 45.802990
301800023876 12.733835
301900008978 33.480057
302000010403 22.901854
302100011529 25.286483
302200011984 6.896176
302300013676 40.818763
302400023168 11.582647
302500026752 34.468956
302600021600 23.688175
302700015048 24.213662
302800010586 23.317521
302900011256 23.214138
303000025862 46.468085
303100028710 23.459034
303200020079 24.924257
303300028236 45.399205
303400012057 24.204851
303500014167 24.839306
303600011320 45.712913
303700029825 23.690261
303800007121 23.959294
303900010971 29.258029
304000017830 25.838792
304100017188 39.715864
304200021026 24.673757
304300017315 23.242691
304400010054 40.068415
304500111555 30.149301
304600018100 25.100215
304700009633 18.642724
304800011301 37.569472
304900015140 21.387389
305000010156 36.797479
305100010864 19.621823
305200012610 37.717937
305300004547 2.257110
305400008856 2.496352
305500006224 2.679391
305600009503 2.232934
305700025825 2.596400
305800034995 2.148371
305900010730 23.201197
306000015379 2.055300
306100029274 3.183057
306200091938 22.260810
306300013312 21.505213
306400013048 18.711005
306500031547 21.958400
306600012489 21.169720
306700021176 19.130111
306800013831 22.105379
306900011032 21.151241
307000009250 20.430232
307100012949 20.315928
307200009893 2.750844
307300022451 21.926489
307400031695 21.454753
307500011569 2.787509
307600012996 41.063244
307700012301 2.652133
307800020393 3.029989
307900026283 24.801004
308000020726 24.778026
308100016873 2.923197
308200024733 27.318701
308300011600 22.045899
308400014396 2.062361
308500013223 26.258052
308600018183 21.841544
308700014809 23.061711
308800010215 24.075890
308900011298 45.789726
309000013884 22.834705
309100008717 24.107906
309200013112 2.532000
309300026942 25.305800
309400009585 23.988570
309500026862 25.891800
309600030125 24.100242
309700017219 26.892028
309800010917 25.422112
309900028761 24.448023
310000011055 26.288263
310100014142 26.353417
310200027443 24.780898
310300037565 25.994863
310400012845 49.803169
310500010154 25.153203
310600019559 28.018955
310700009402 37.523146
310800011570 37.138567
310900009530 26.534400
310936552058 152.673696
