100042243 78120555
200014294 77435306
300008150 76997968
400014236 76756452
500009019 78997962
600015420 78546011
700012125 77593480
800016378 74527649
900011101 71377899
1000009498 74607342
1100010831 70946545
1200016489 78850750
1300015227 76648878
1400025833 76716229
1500012169 72398843
1600013142 77365875
1700013576 74691530
1800012010 78623947
1900010735 76912149
2000011536 79389909
2100008959 79163493
2200012377 76787229
2300009191 76335896
2400011772 75987271
2500009289 68017459
2600012243 67485814
2700013110 74531448
2800019496 71925500
2900011201 65315733
3000025860 73174696
3100082897 72354770
3200019940 72730898
3300011723 77524146
3400006715 76459271
3500013781 77118264
3600012288 76631784
3700009911 70963371
3800009230 70749205
3900006953 77469295
4000010927 76345204
4100006479 77232494
4200010932 69061036
4300003957 74299390
4400010546 66691856
4500010659 70999929
4600034931 67369752
4700013154 71746291
4800014513 68019265
4900009197 67337087
5000022389 69448628
5100012042 63841953
5200013692 68040893
5300020553 65009332
5400013845 67585094
5500010753 62108002
5600017361 66162435
5700010141 65235462
5800015845 65141560
5900037794 62609348
6000011826 63917080
6100005406 62957999
6200010463 63104175
6300022858 63599643
6400022821 62879850
6500009352 59080781
6600017599 65695948
6700013810 60201775
6800029486 62996353
6900016645 62696901
7000031065 61935149
7100014693 66076528
7200005947 61904834
7300016242 64075592
7400007500 63659464
7500030688 63883828
7600041217 61622928
7700012366 62991401
7800027408 62701403
7900018079 62259274
8000010366 61925258
8100025967 62094797
8200021869 65467783
8300010231 62659869
8400026322 66632266
8500025439 61517516
8600014232 82310300
8700105066 79711688
8800011800 79874797
8900014729 78047066
9000015097 81763656
9100014287 80014839
9200011538 78400209
9300005774 79693533
9400019370 74353125
9500012555 77253270
9600011750 79429094
9700014235 78846856
9800011999 72603105
9900013844 79770047
10000018394 79656449
10100017427 78698011
10200012409 75395066
10300010348 76903855
10400012656 78964079
10500012342 76927457
10600012554 74558399
10700011391 72672640
10800011242 74278112
10900010981 76584309
11000011808 70784635
11100012272 71690590
11200011118 74321170
11300011867 74974955
11400018020 72899129
11500011497 70618994
11600012774 72947229
11700014940 71554336
11800009462 69832840
11900013650 72979865
12000014730 73185038
12100024802 69514442
12200006465 72139911
12300009310 72793015
12400011100 67201208
12500023473 76663957
12600018509 74590153
12700005223 70655530
12800010068 70668778
12900011736 71250809
13000021824 72831952
13100008546 67170718
13200025077 70444861
13300001811 71042605
13400007210 71574903
13500014068 69134473
13600009840 65016620
13700009445 69769285
13800012419 65991836
13900012158 68367149
14000013280 65523961
14100023791 66974220
14202112024 66063926
14300015887 65184201
14400031130 64373813
14500056998 65453030
14600021478 63823815
14700012270 65654804
14800026817 63692550
14900016209 66030505
15000014475 65127111
15100023948 62360362
15200018728 66168974
15300022768 66040973
15400020604 65772675
15500038236 63439223
15600020434 65558320
15700009667 65205870
15800009840 64881117
15900023890 65113591
16000027063 64672367
16100010328 65624465
16200012772 73898497
16300009918 79131267
16400007050 78179946
16500012647 70707056
16600011201 70311468
16700010572 73903448
16800011986 73082947
16900013985 77378787
17000008368 72059252
17100012275 74648979
17200019050 73939490
17300012279 70924477
17400013855 73406174
17500010989 69054772
17600011868 73733138
17700030554 69839380
17800011283 72571634
17900015097 67582493
18000014135 73111691
18100023745 68828401
18200010486 71675420
18300025860 75990546
18400008790 65814078
18500006408 69368745
18600010169 66533525
18700024142 69329912
18800040277 64114108
18900010647 64437263
19000017479 64762739
19100025177 63090130
19200026007 63016450
19300025047 62494731
19400028273 66176492
19500005610 62378032
19600022106 65552616
19700009840 63157177
19800012779 66045852
19900010806 62268738
20000017137 64801299
20100022620 65239080
20200025775 61042690
20300009676 82352362
20400017811 81351714
20500009104 79447391
20600012665 83874527
20700010983 82025109
20800011454 83107210
20900014507 82736553
21000011825 81685774
21100017849 82638957
21200013377 81922444
21300026375 82670349
21400010435 82482430
21500011029 83276269
21600011604 78606244
21700012520 80668613
21800013774 82366091
21900009257 79432010
22000019123 79078912
22100010657 70357582
22200011390 80479139
22300011726 82030766
22400009829 77829141
22500001799 76313640
22600015097 84290968
22700010895 80056394
22800012986 79670421
22900011848 82186481
23000011248 82172368
23100010346 82939520
23200011303 82104199
23300011944 76013463
23400009564 75512803
23500014147 76093174
23600014009 76092878
23700015846 76848542
23800011708 81480291
23900021651 82442927
24000011362 82743980
24100027288 81427766
24200017200 80494160
24300010323 72039638
24400011817 74859724
24500014726 79156160
24600014931 80676757
24700011604 77877325
24800017145 81379213
24900009365 79029037
25000017284 79746100
25100011165 77578001
25200015272 71713311
25300012468 76139336
25400011630 78872369
25500011370 79965870
25600011992 78430273
25700012070 80743591
25800011216 76756723
25900010653 71280396
26000014938 75299253
26100015417 78810124
26200021988 77685263
26300013538 80420812
26400010897 76927704
26500011987 79129363
26600010589 80816764
26700014380 80800580
26800010960 74442084
26900011405 78307459
27000012088 78391681
27100015165 78390754
27200011741 79667069
27300013430 81051351
27400011608 78777901
27500011115 77000828
27600013129 78978142
27700011272 78113058
27800012555 78149109
27900014162 78153004
28000014718 75838183
28100011760 77427904
28200014613 78366660
28300012663 78388883
28400012424 80506973
28500010198 81967157
28600011601 78494894
28700020199 74515890
28800028128 77904227
28900006221 77308944
29000019892 77432344
29100012137 77651739
29200012899 74315620
29300020318 76826494
29400007685 77300860
29500021446 82170316
29600025635 75702850
29700009842 73062143
29800012606 76606115
29900016291 77221395
30000014932 72282702
30100008847 73734634
30200013146 74715042
30300016436 71879541
30400013876 72169757
30500012435 74073797
30600013173 70389656
30700019171 74217767
30800007436 77376063
30900008938 76621725
31000010735 71139399
31100011246 74661142
31200139598 70142124
31300009248 72236443
31400010579 69303374
31500011178 69783768
31600028370 70798355
31700010315 72751721
31800013095 72097675
31900010187 75315677
32000021741 67363413
32100012464 70946307
32200037988 66810229
32300014003 74414119
32400021445 66780583
32500015503 71760377
32600017214 68757115
32700015313 70019377
32800009419 68840422
32900007567 72916760
33000011883 66523111
33100024493 72995980
33200020691 66757097
33300007937 73436028
33400013080 65664886
33500017195 70893723
33600011485 67154665
33700018384 65290176
33800009457 69696566
33900009865 65849525
34000024181 68455260
34100011707 66951111
34200029944 67287823
34300028116 66024330
34400016337 64315562
34500007063 64564337
34600012841 66422388
34700014113 63800005
34800013783 70177315
34900014508 63829622
35000011757 67334718
35100027096 65063167
35200030624 63642211
35300010473 63720701
35400022003 65559355
35500016116 62870749
35600018253 66185989
35700011083 60336050
35800019019 63718190
35900031541 63265878
36000030562 62882700
36100024696 64085710
36200010210 62369622
36300014738 79451482
36400014723 78160491
36500012209 79899854
36600019148 76402502
36700010617 82946717
36800011536 80195517
36900008403 82498106
37000012581 79403269
37100009069 79985450
37200013261 78767282
37300011445 82948925
37400012962 82723297
37500011131 81767167
37600010046 83292065
37700009247 80224701
37800010803 79829911
37900014179 81013066
38000009717 80873885
38100009467 79521544
38200010812 76475106
38300012683 67145071
38400010476 79483312
38500017698 78441470
38600006473 72545150
38700013069 74250450
38800012490 79648187
38900012285 79333336
39000010679 78036541
39100011862 81484402
39200015222 79005360
39300014904 72210918
39400011624 76782090
39500014116 76089923
39600209564 58238309
39700015728 53234907
39800015174 54155390
39900020219 56439182
40000020320 56338308
40100021574 54888698
40200010319 60638566
40300012018 82033844
40400010534 80241777
40500011403 80047988
40600009819 80132930
40700027098 79782577
40800012225 76018317
40900014158 56291263
41000019999 52982125
41100011531 54576610
41200011283 55568141
41300019468 56484537
41400018810 54376042
41500011040 62995891
41600022085 75915184
41700018118 68298581
41800013158 54620523
41900015362 51538293
42000014141 56488479
42100018648 55582231
42200018551 55680537
42300022322 53697763
42400012494 74355140
42500016498 81431205
42600015528 79892923
42700015854 79822674
42800014650 79944573
42900014200 79053880
43000010183 81069516
43100016625 76329001
43200030051 61581106
43300013410 52668729
43400020274 50908665
43500014085 56444364
43600014733 54531265
43700015878 54529898
43800010890 53313852
43900010295 70911424
44000010387 77001980
44100097901 77518659
44200015343 76208769
44300012920 81229517
44400010064 76914019
44500010869 75622385
44600012815 73233957
44700012184 76551826
44800018156 74524130
44900012938 76078964
45000014020 79234165
45100015597 73026020
45200009471 68533128
45300010486 74271507
45400019384 61437342
45500008793 70509181
45600011599 72938289
45700017652 60603517
45800012426 63107371
45900010480 72039854
46000010343 70940072
46100016403 72329122
46200013925 64944492
46300010231 70951494
46400011961 70573887
46500011432 70389314
46600014913 66789562
46700011465 77720230
46800010601 77030904
46900016483 74773636
47000011300 74748871
47100017871 75815710
47200015578 76230212
47300009179 72838647
47400014482 68268315
47500014718 73966086
47600013835 77151549
47700012326 75302859
47800013870 63574012
47900010682 71496276
48000014755 64734551
48100017569 59117031
48200010014 60041850
48300012896 78378528
48400010042 74079985
48500014791 63157043
48600011584 59049482
48700016922 61017956
48800009017 69887383
48900013490 68838125
49000012307 64543305
49100014889 60419189
49200027114 59655409
49300007028 59769814
49400009666 72963798
49500009646 67542600
49600011742 62358245
49700015254 60199885
49800015174 59222622
49900015703 60585748
50000010927 72297903
50100014049 68164099
50200010855 73662023
50300028328 62569162
50400024059 66702342
50500017253 70323137
50600009566 68573848
50700009782 68399477
50800013618 64606313
50900017016 66891562
51000023280 64290453
51100009439 66497720
51200015862 67096953
51300010288 62195050
51400022450 67740043
51500022590 61578654
51600003651 66683052
51700023892 64143376
51800011041 65683540
51900017125 64444790
52000011601 65963204
52100011472 63168808
52200009829 65300552
52300007615 65082704
52400015202 62690674
52500019891 65582481
52600010857 64922226
52700017999 64784977
52800015903 65287904
52900008288 65190584
53000016650 65076387
53100029072 64492536
53200017905 64668918
53300016723 67842488
53400019171 63792326
53500010146 67832383
53600013985 75527717
53700009848 70688301
53800011012 71588534
53900012694 74135202
54000015986 59881526
54100034506 55468102
54200010472 55607348
54300011492 57608228
54400018513 58033916
54500019469 58077303
54600025477 58726928
54700014980 67577246
54800013269 71741305
54900013244 77357708
55000011183 67360104
55100016242 68389178
55200014105 69680185
55300013087 74060136
55400011760 76845949
55500013828 72313102
55600013050 70148558
55700014054 76480143
55800012510 76550557
55900019766 77161003
56000014066 78144800
56100023341 75035816
56200012030 68673455
56300032553 57847634
56400015125 56801138
56500025467 57732311
56600015052 57827759
56700019833 55847985
56800035729 56930198
56900011073 57880357
57000014189 68493910
57100020235 73217529
57200021385 60100642
57300014405 55150131
57400012998 55216336
57500012869 53367932
57600014824 56039287
57700026789 52666408
57800014951 51030484
57900022470 52466726
58000014445 55616813
58100016761 60094342
58200013025 58272619
58300026218 60663323
58400018262 61240695
58500014875 57605304
58600014300 60056772
58700071724 59015124
58800023837 60136914
58900012230 67537534
59000009163 74764446
59100008949 73803526
59200012541 73099541
59300013565 71684053
59400013628 70221246
59500011767 71680730
59600009970 77020704
59700012185 68656435
59800016148 72712430
59900022534 55711499
60000016740 55331146
60100021027 56597638
60200014432 57896784
60300013554 57710724
60400013054 59075818
60500017918 58417875
60600010934 68222895
60700015265 72211749
60800023765 75805208
60900010329 72338277
61000023584 68002946
61100014447 67006701
61200013421 72681939
61300015774 75916969
61400011253 77449916
61500012297 77198159
61600014767 73686291
61700010123 65745452
61800010761 71318787
61900022412 70106421
62000016843 55450394
62100017054 55175765
62200017606 57277454
62300017932 58380085
62400000012 57331540
62500016225 59375754
62600013274 58107978
62700089207 65087483
62800027145 57093413
62900022330 55488702
63000010403 54271962
63100011537 54752720
63200012914 55554499
63300011142 52206931
63400009320 52911858
63500024156 51196260
63600027255 57118391
63700012967 61526857
63800021124 58363103
63900020660 61796850
64000010280 60424974
64100019420 56209215
64200014852 60124054
64300026900 60567500
64400020637 59895681
64500012915 73100573
64600016949 73149127
64700012145 73228682
64800012083 72518012
64900016221 71975914
65000012519 64215012
65100012363 74820826
65200009314 77252161
65300016105 77502922
65400012707 70863049
65500016283 63455991
65600013103 71708315
65700024537 71755034
65800022373 64807486
65900016128 65733010
66000015157 66044278
66100012203 72089941
66200016692 69235326
66300030710 70939705
66400016313 71214165
66500013780 73094927
66600009328 65049430
66700027693 69846783
66800012602 65891126
66900009819 67745391
67000023568 65132508
67100011922 67134134
67200023370 64710522
67300027974 67598586
67400006175 64396954
67500010574 62512150
67600015088 66474501
67700025690 60922424
67800008976 65041791
67900011537 63110037
68000027214 63273797
68100009303 66712200
68200007689 62636432
68300024557 66293661
68400019425 63033706
68500015240 65988260
68600015660 75303716
68700017377 71663025
68800015070 78168825
68900017320 62764247
69000010030 64576190
69100009372 74292302
69200015044 65775212
69300013394 69290921
69400020366 69946340
69500014277 66184885
69600012537 70886972
69700008587 67213669
69800021260 68229615
69900015256 67475061
70000015339 69709381
70100024316 67170857
70200013588 69867557
70300010780 65945680
70400023432 68768994
70500010996 70218519
70600032951 65856286
70700011004 65756044
70800009906 64666572
70900024800 71599675
71000025102 65953183
71100016133 67199743
71200013633 66845624
71300012731 64255258
71400016781 63841865
71500007702 65736212
71600013383 60292614
71700027305 61627698
71800016885 61829739
71900010589 60308830
72000009665 66675818
72100020983 62721678
72200030141 62949436
72300011223 60587148
72400009222 62150401
72500013430 58298642
72600007281 57715911
72700025850 57998180
72800017756 60213423
72900018196 57511361
73000017416 77093863
73100011192 75577052
73200020663 77480179
73300010201 75022450
73400016006 73631664
73500013357 72030730
73600012544 68184063
73700011113 72835657
73800014689 70288565
73900010734 75555868
74000029424 69421105
74100027241 70940310
74200028134 67716117
74300018128 71530000
74400007636 66667364
74500018776 67385196
74600014279 72124741
74700016931 66009117
74800023191 65964241
74900017489 65010961
75000016095 71203582
75100012368 66064710
75200019772 67693467
75300018976 64893143
75400018132 64869758
75500024329 66859750
75600006294 66778301
75700008987 69756111
75800017493 67213311
75900012976 67240115
76000008435 70215379
76100012968 67514013
76200010693 66094582
76300016375 68951441
76400010233 64837728
76500010725 65380640
76600019754 65530161
76700022045 67760461
76800024877 65905876
76900010769 71016068
77000011306 79021661
77100015362 77660837
77200013411 67916049
77300011899 79836580
77400012086 83024443
77500011900 80044289
77600018170 79286215
77700011637 80370462
77800017645 81444513
77900011861 79110060
78000009901 79097667
78100016214 82245266
78200009978 82029879
78300013812 77838009
78400010416 76809787
78500010337 78246823
78600013229 77213677
78700012870 78771587
78800014812 75980859
78900013311 80986453
79000009892 81655735
79100010295 79672759
79200009766 77189054
79300013769 76160039
79400012654 77080112
79500012271 80027308
79600013385 79128811
79700010890 79426770
79800009794 73404042
79900018684 61414959
80000014933 60471022
80100012673 61555440
80200015321 61426065
80300016997 60319914
80400020107 61677489
80500020198 63131878
80600018117 58766961
80700015731 56905509
80800020527 57362903
80900010556 68324063
81000012175 74696919
81100015541 77219110
81200014685 82895321
81300011823 79605226
81400013693 75170622
81500012640 72996198
81600010723 83692078
81700013194 80309906
81800011087 78147740
81900012495 79330853
82000013680 76092994
82100009424 78134838
82200007956 81798128
82300009922 82072237
82400013960 78150421
82500012582 66717425
82600013135 73140714
82700014385 68078996
82800015766 60488045
82900013406 61503554
83000016447 61704495
83100021918 59992989
83200011572 60613220
83300012514 61489796
83400014293 60744825
83500022503 57047360
83600019374 57573590
83700014629 67767700
83800010175 72166885
83900015547 78668959
84000017701 71991009
84100024161 71800613
84200014325 73409851
84300016358 70190046
84400014469 76358131
84500009253 77808240
84600013269 80916153
84700011632 79034815
84800017189 77785620
84900018830 77235638
85000021005 79602894
85100015226 80232395
85200006838 77614874
85300016737 73392840
85400015103 76558055
85500013083 79207040
85600010848 81662495
85700012795 78713582
85800012379 77663930
85900011987 80458054
86000012318 80681329
86100014825 74326869
86200011069 74593650
86300013592 81484917
86400009671 82021094
86500013953 79792733
86600013340 79545947
86700012451 79047227
86800019609 79256867
86900009902 77014399
87000013137 75300991
87100010241 77995548
87200013655 81932496
87300010535 74160792
87400014045 77639118
87500011274 78842860
87600011719 79422759
87700015323 77429189
87800014523 81011836
87900015019 80003108
88000015811 77929906
88100012724 78649442
88200010136 78398044
88300010105 73470549
88400012594 83233616
88500015154 80414215
88600022841 81600427
88700007240 79693879
88800013322 77275173
88900011273 77298505
89000013016 85062495
89100013460 79428442
89200014420 77574862
89300016513 80673586
89400008030 78827902
89500020044 80528440
89600011603 77656349
89700015137 78006084
89800016494 85500188
89900022640 75304541
90000015402 76796183
90100012104 72964386
90200011937 70042823
90300007121 72137327
90400020450 69958700
90500022276 71031256
90600013632 69650754
90700008473 70724028
90800021926 68910188
90900019369 69975573
91000010766 68467230
91100008623 70253807
91200009366 67665705
91300015568 69164729
91400021367 68361709
91500011779 68177478
91600016086 71200338
91700011467 67633651
91800009168 70655490
91900006532 68090858
92000008621 70798914
92100027624 66903822
92200018178 70677141
92300017674 68293701
92400015293 70728310
92500023028 67441107
92600010363 69760847
92700100991 73978347
92800020907 76641825
92900013010 79604582
93000018098 78963499
93100019189 78326908
93200020385 77941993
93300010399 76083646
93400014791 85257522
93500012024 85169851
93600015364 86751051
93700009328 84427813
93800011454 81606406
93900014954 77555799
94000011657 77468314
94100013032 80777059
94200019094 68216176
94300009075 84054876
94400011278 78266489
94500012459 75181492
94600032378 79488674
94700009262 68735508
94800014167 76162223
94900013760 76037630
95000010519 79957989
95100016416 81722783
95200013550 81374479
95300013876 72791800
95400013929 72148278
95500017153 75438029
95600085802 73379524
95700015617 72165030
95800009346 75996773
95900019880 75085115
96000011451 82972001
96100010037 83113637
96200026252 84115296
96300010476 81029808
96400016664 75767530
96500012634 75199414
96600011254 72476685
96700011800 68449227
96800011074 73807339
96900014219 73118494
97000011261 67019609
97100016786 67284323
97200023154 69592753
97300010514 67092763
97400014238 67610158
97500016515 65248329
97600017080 64967859
97700023669 63260418
97800028314 64030548
97900017051 61543358
98000023312 64600925
98100034169 61384939
98200017265 63583241
98300009337 59828758
98400219945 63637040
98500012552 59321738
98600020991 62342519
98700027233 59539580
98800018187 62021242
98900011582 62187805
99000029206 62986518
99100031211 62268397
99200013925 62556131
99300017234 62231785
99400019201 62051402
99500005546 65003071
99600009039 62202901
99700010139 60985899
99800026920 61971713
99900028345 64837696
100000014792 60064063
100100018105 78642237
100200011330 76506105
100300011063 78367198
100400014355 77993839
100500015128 74331550
100600014189 65884653
100700013098 73304203
100800011395 79600200
100900012742 78034354
101000010785 81184351
101100019031 81457382
101200014200 79884795
101300011579 78845850
101400012049 78997650
101500011904 73170846
101600010513 74278905
101700023087 71737012
101800011295 65126915
101900012060 79764094
102000011462 78002318
102100025028 78632078
102200011731 72865522
102300012004 76866151
102400020569 77851450
102500011516 80358956
102600018919 78295647
102700015536 77958895
102800010909 77988766
102900013856 79712361
103000010022 67978303
103100023414 72948770
103200012721 77083222
103300013017 66952852
103400010694 72343412
103500010726 74605949
103600013870 72230095
103700009082 73263803
103800011431 70559747
103900006792 70642331
104000009706 70424385
104100011039 70673057
104200007202 69626772
104300009690 67413098
104400019047 69404993
104500039423 69152744
104600022551 69373549
104700010313 66692514
104800006893 69238224
104900010243 65555636
105000022775 67615373
105100009030 64088488
105200012580 66959429
105300023668 65465039
105400025472 67213552
105500033165 65119920
105600012049 65094752
105700019329 68263022
105800012653 64386368
105900007096 68106246
106000006835 64956777
106100030699 68497347
106200022036 64384086
106300012346 66058916
106400007672 67828432
106500011069 65908421
106600009758 80930974
106700009931 78327719
106800016501 79192066
106900013929 79092248
107000012765 76737908
107100012564 78587016
107200027114 78101613
107300012749 73212743
107400019335 71258754
107500011613 78829655
107600015780 82187206
107700013089 80552531
107800010211 80387884
107900014553 82033660
108000013229 80839614
108100011789 81311164
108200010354 79481466
108300009915 74187011
108400015921 72679411
108500009384 71453663
108600011965 71966623
108700018573 75965261
108800012310 78666296
108900014017 74692225
109000015412 74950051
109100012620 77357024
109200013189 75342442
109300018204 78297181
109400015432 78419535
109500009132 76806597
109600012660 73778447
109700010053 75504673
109800014234 72579355
109900012397 70977791
110000012467 70856205
110100015595 70740029
110200015927 76833938
110300008440 75490448
110400017505 74991981
110500011073 76382800
110600014576 74183512
110700015692 73783846
110800017482 74389902
110900013194 71544059
111000015776 70905021
111100012586 76865826
111200014492 77071892
111300011430 74472093
111400009372 79246366
111500014603 72004622
111600011281 73396805
111700014446 80544929
111800008888 70678084
111900009963 74731896
112000013985 71026457
112100014506 73865776
112200013691 72676293
112300020859 75382167
112400012009 69552914
112500010650 73412220
112600016523 73101380
112700006413 72330624
112800010933 70049047
112900010167 71120869
113000022781 72418450
113100012318 71519222
113200011035 69044078
113300024835 69895958
113400006218 71229514
113500027647 66971423
113600012220 68000132
113700029726 71153525
113800013157 65606940
113900015734 69314684
114000026330 68560176
114100028682 66696696
114200017076 70196823
114300024567 65407307
114400029941 68316974
114500018006 67754792
114600009070 65999943
114700021282 66597636
114800031027 68080582
114900016065 63776858
115000013451 66457569
115100029315 63872339
115200011918 67133663
115300009364 63287555
115400007302 66578812
115500023589 63809479
115600019498 64014574
115700009980 67402067
115800020909 61774229
115900019061 66281722
116000029040 61458843
116100009874 64817868
116200026497 60813491
116300018803 65022719
116400022793 60206255
116500009732 66148677
116600010359 59796413
116700010317 64480579
116800007394 61276887
116900010425 61179188
117000015602 61229568
117100019124 61284743
117200037110 61231044
117300019203 60581330
117400012258 63197982
117500016074 59915790
117600010674 59977341
117700024024 62042654
117800019537 59103761
117900017775 58883098
118000010018 59520937
118100006595 59320427
118200025492 59699946
118300027134 61679593
118400025469 58149953
118500013443 58224538
118600023051 62192892
118700010789 57783783
118800030871 61532723
118900013243 57186244
119000017078 60858115
119100008455 61733337
119200018886 56767842
119300011085 60162965
119400011943 65047818
119500012866 75311664
119600027334 76695084
119700012100 74091276
119800006553 73021850
119900014159 70950615
120000015464 72723655
120100012377 73899150
120200015992 68814759
120300012511 62785787
120400011299 63769184
120500008741 62754605
120600011824 66344840
120700010181 68509741
120800018169 69822877
120900014169 58877753
121000029258 62328124
121100015452 60531183
121200013941 63271128
121300023286 66164283
121400020664 73105251
121500014890 77285658
121600028815 68172376
121700019949 68178454
121800011483 72689380
121900029907 74057430
122000014243 73379334
122100031106 68705904
122200011986 74663945
122300010996 71872250
122400008994 71969804
122500027000 67519344
122600008871 71966136
122700020425 67124479
122800024628 69464396
122900024149 66941372
123000010353 70705364
123100022031 68020683
123200012998 66488399
123300021813 68076279
123400013282 65659593
123500009256 64143252
123600022360 65647148
123700026133 66455369
123800025184 63398694
123900027723 66670421
124000030092 64223355
124100019564 66122044
124200013201 65888281
124300008931 61950775
124400021837 67707384
124500029818 64835179
124600007523 64546494
124700032609 64546413
124800029135 66281002
124900009937 74384102
125000014943 76981396
125100010265 81687499
125200012312 84854963
125300012847 84490242
125400091644 84969685
125500011528 85997413
125600012006 84832119
125700010799 81577030
125800010877 84570248
125900015344 81514893
126000015846 83316138
126100011748 82610718
126200006554 86512260
126300011691 84487101
126400010737 85514457
126500011633 83743508
126600010113 82498877
126700011189 83845297
126800010415 81118316
126900012799 82148203
127000007529 82964288
127100009975 81530613
127200011065 79913123
127300011717 81586473
127400016169 81198711
127500006164 83056777
127600017966 83274659
127700011183 85332635
127800010070 84787403
127900013892 85381075
128000013587 85727983
128100012742 83176022
128200012789 82913052
128300009958 84673906
128400011273 83506417
128500011601 82001843
128600015167 80311097
128700016661 80153324
128800013173 77793648
128900009052 81307401
129000014464 83165925
129100013184 82580162
129200011072 84544430
129300011259 84010478
129400016844 84629146
129500010011 83062103
129600012029 81192397
129700010721 78119727
129800012050 82468624
129900011497 84198307
130000006563 85633720
130100009997 87272114
130200010423 82200130
130300015740 72759758
130400014599 69496101
130500016712 68803805
130600017760 69612442
130700021782 70126283
130800012196 69080596
130900015983 64620109
131000009889 68866962
131100013706 68017152
131200019048 67093505
131300015189 66777664
131400013584 67387943
131500014369 67314399
131600020135 66555863
131700011432 67197224
131800010706 66245046
131900010287 66950404
132000018150 67189222
132100020628 70033492
132200010438 66206088
132300015056 67773100
132400011799 66757914
132500015522 67195668
132600013019 67497293
132700011038 66995780
132800019200 66894941
132900012790 66764845
133000015949 67064759
133100019898 67148591
133200016811 67784192
133300015331 66206246
133400014001 64795274
133500010930 65081623
133600016059 65338387
133700012402 65960624
133800020526 65624067
133900015079 65711406
134000010696 72211918
134100014038 79908550
134200021585 73041165
134300018686 77127389
134400012292 70761379
134500015361 74308565
134600008945 74665180
134700019900 76776020
134800022333 68976055
134900010960 74113508
135000010755 70908582
135100016670 70991123
135200013275 73314958
135300009375 70483756
135400006712 68655036
135500013247 69553387
135600015932 68816107
135700018753 72071038
135800014016 71511120
135900011641 68941333
136000025559 69277165
136100015161 71146621
136200018928 70997882
136300012051 70523843
136400029292 71599209
136500028034 71238450
136600011117 71497222
136700009743 70838346
136800010494 68664283
136900021931 71396742
137000026667 71768681
137100014288 71544095
137200016797 72007651
137300017141 72176025
137400025362 70611956
137500011056 84015249
137600012202 81189857
137700010444 80843153
137800015621 79072290
137900028558 78390889
138000016346 76849094
138100019606 75608406
138200009661 77507248
138300017412 76701493
138400012747 73395345
138500009264 67435431
138600025611 74412944
138700018680 73626336
138800012067 75042307
138900012084 78886169
139000015017 78187968
139100018132 70748815
139200032987 74216868
139300011728 75610434
139400012268 67893038
139500011656 72788544
139600006853 75164890
139700015620 68724873
139800012786 71632198
139900014836 75072378
140000014246 76024693
140100015316 76493516
140200013899 67982389
140300011671 74401305
140400012328 76219375
140500013437 76832966
140600011944 76978129
140700010465 76155127
140800012650 79942292
140900012770 77227819
141000015003 79237392
141100010494 76325451
141200014837 71611221
141300010526 70402852
141400013729 75823062
141500017381 75324433
141600014205 72796611
141700012529 76861943
141800017963 79104993
141900008579 77819940
142000009609 79096695
142100013687 76189786
142200013648 67734867
142300014503 72405623
142400017497 71913752
142500016495 73980762
142600010078 73177279
142700011523 74823599
142800015290 73262234
142900011064 68807887
143000010927 68785193
143100011454 73200121
143200010387 74395626
143300016385 75897066
143400010430 71313224
143500014705 67630299
143600008669 70263759
143700008563 72113629
143800014727 74027628
143900014010 70880880
144000010897 66541158
144100013216 69647586
144200022156 72353921
144300040026 68569623
144400025940 66595700
144500014135 68422800
144600019096 71915042
144700012637 66918174
144800019817 64697366
144900014220 69498043
145000024480 67072609
145100033779 66466876
145200014927 66979918
145300020771 68518898
145400016285 65012128
145500028011 64086584
145600022513 66871175
145700021640 60438473
145800015341 65337017
145900013423 64058107
146000021343 61903250
146100010597 62546024
146200007408 63739062
146300026216 61548551
146400011228 62305512
146500013059 61795551
146600011142 62902587
146700015731 62346678
146800028349 64282499
146900015321 61108474
147000026949 64052138
147100014090 64319243
147200015890 60673979
147300022809 62714259
147400012701 75286254
147500016784 68544188
147600012837 69832541
147700024734 69462638
147800011651 65192138
147900008782 70504512
148000017048 66427277
148100011517 65696068
148200016065 65320626
148300016810 69100555
148400021838 62232652
148500010854 68219883
148600017879 63737753
148700027846 64716545
148800024755 64637333
148900025211 61411592
149000017629 59317035
149100010915 63035147
149200017900 62737956
149300010975 62361903
149400016609 63344310
149500021315 60092201
149600015456 63368879
149700020587 59427261
149800011975 63819297
149900012455 59905425
150000010775 62993487
150100027345 63104796
150200020557 59015381
150300012888 68754573
150400015022 80205796
150500010733 77401758
150600008852 75914126
150700009882 77021565
150800017274 78962149
150900013411 78869687
151000012941 81237956
151100010277 67941539
151200014071 76438036
151300011981 68551028
151400031423 74102224
151500030293 77278372
151600031095 74084909
151700018468 72196553
151800015536 76931312
151900013489 78285952
152000010914 75365098
152100017415 76160649
152200012734 75959073
152300011179 78918616
152400018713 77138091
152500011065 72824302
152600011772 72271163
152700013048 76141198
152800019006 64444126
152900010292 53955746
153000026529 51783358
153100013787 64404005
153200026715 73999394
153300013864 71822291
153400013033 74568179
153500017621 78049419
153600014902 72880077
153700010434 71216052
153800012124 76034891
153900014584 70351122
154000019374 63464859
154100016788 77160387
154200011989 75427773
154300027675 72919583
154400010218 62902297
154500012665 66513690
154600013029 62180770
154700009785 62369786
154800010402 58228900
154900017724 59797181
155000010864 57977348
155100026246 60680145
155200018164 57041374
155300025591 59640712
155400008194 62252824
155500035187 56546339
155600018649 58805855
155700033606 59456818
155800018800 59403470
155900026061 58966891
156000010530 58231294
156100011359 59002615
156200026239 58327146
156300026392 57859366
156400028049 58197506
156500027253 59110428
156600021556 69825126
156700010170 74034951
156800010560 73752312
156900010872 67074950
157000019499 70068497
157100019623 62556643
157200024052 60750169
157300017119 60808649
157400014125 62049126
157500018692 76315097
157600010243 79915696
157700018673 77133669
157800013619 71462785
157900011228 67946891
158000019756 68050311
158100014781 60243378
158200012835 65014237
158300017586 64256616
158400013444 63483729
158500023457 62520149
158600024768 62487920
158700012053 62927183
158800018284 63276070
158900014498 62919345
159000013585 64696255
159100014816 63037918
159200011332 63168700
159300011347 62814156
159400010298 65021901
159500017714 66862735
159600128223 56701146
159700025333 64598554
159800019934 63152713
159900012731 63881923
160000013286 62898895
160100015668 63298114
160200014944 63913876
160300017178 63262682
160400015699 64861938
160500013064 68950882
160600012737 58296464
160700015523 59181580
160800016185 59746262
160900017877 58745572
161000024988 59360968
161100017699 58414115
161200012995 64523346
161300024477 68554557
161400015356 64739186
161500013840 63414276
161600016891 64999113
161700018196 66847103
161800019910 61787751
161900014576 63673557
162000013650 66426009
162100009678 75905025
162200018462 74181154
162300024233 61315409
162400021279 57342806
162500020934 57559063
162600013830 57922818
162700014654 58436703
162800017713 58613610
162900016440 59600004
163000010293 58407901
163100016837 58220240
163200021889 57326265
163300011682 58821446
163400012975 59631147
163500013008 60060524
163600021272 58553269
163700021154 58676076
163800013029 57517625
163900017828 58723099
164000019226 58680062
164100020965 58851650
164200013529 62013545
164300020186 60509303
164400015709 58221491
164500011829 64127760
164600016302 61475524
164700020804 61449282
164800023967 62354164
164900023384 63960904
165000025098 61255059
165100010956 62633353
165200012493 66212883
165300014072 65879866
165400022674 63661461
165500016801 60731565
165600010135 59806356
165700024652 60662649
165800016767 61217110
165900012455 62960826
166000015653 63046658
166100011401 65250520
166200017516 62646237
166300009662 63369490
166400018322 58567369
166500022083 57177389
166600020989 57349974
166700021891 57856265
166800012283 58470807
166900013133 58888870
167000019262 58752745
167100015668 57965342
167200013459 58106259
167300011166 57181460
167400013414 59247907
167500018458 60053933
167600011311 59441090
167700012132 58394684
167800018227 58840884
167900011640 57758756
168000012265 58593940
168100015941 58673360
168200012215 58779937
168300019233 59144842
168400015136 67402962
168500012799 58269526
168600021742 60112801
168700011726 61088192
168800019823 60519094
168900012631 61208903
169000019212 61327003
169100017781 63957027
169200012157 63998370
169300021186 63032122
169400018581 54876240
169500013638 64425474
169600011850 64124849
169700021448 60698987
169800013350 59757836
169900008247 63233547
170000015806 60483444
170100019057 57327150
170200022686 60650538
170300019870 60896302
170400009495 58938289
170500024092 57483454
170600022111 57833801
170700014597 57941923
170800020688 58153469
170900020918 59985510
171000014326 57915035
171100015462 58078599
171200015116 63249065
171300019963 57333155
171400024999 57217464
171500012320 61278928
171600017451 57417087
171700011931 56808645
171800012986 59714820
171900019028 60174838
172000014055 57586159
172100159592 57905002
172200022503 57404805
172300018539 57673405
172400024105 58378617
172500015057 57743825
172600025131 57789459
172700017048 59953505
172800017102 60462653
172900012748 58363768
173000014775 61886235
173100015534 57625720
173200042646 63352037
173300019040 71881801
173400016566 61214599
173500020931 59866976
173600008926 57933937
173700026969 60234113
173800019658 77020416
173900020729 74137661
174000013991 73743609
174100017487 70944411
174200022624 71564665
174300018053 73027787
174400013892 70351925
174500021257 64028029
174600013060 72534338
174700006394 63824339
174800014246 70578657
174900013763 69180026
175000017300 70389559
175100017256 72628251
175200017103 71269761
175300016730 71655708
175400013022 69869719
175500015909 71197610
175600024400 72834586
175700012546 75124445
175800023846 73143702
175900017068 75310049
176000009722 72225517
176100015200 76338866
176200021838 75900712
176300021918 73180892
176400012271 76063619
176500011434 75702070
176600026979 73717949
176700012286 75156584
176800013654 76119370
176900021908 74398239
177000007730 73295395
177100014780 73444238
177200010335 70001974
177300017342 67469193
177400015361 74402947
177500011548 74398803
177600013096 69670130
177700015988 69406337
177800014554 76535887
177900018912 76367953
178000015962 71584675
178100011097 70892303
178200018125 70281935
178300016313 69812629
178400014737 67995858
178500009626 74390761
178600014682 73366716
178700013089 73617294
178800009585 73318446
178900013771 68542662
179000039720 71689463
179100016402 69955938
179200010671 66877237
179300020011 74343451
179400011148 72959828
179500011549 70592806
179600010677 70682844
179700011046 70129869
179800019325 69650112
179900012931 69527498
180000012689 69243697
180100010036 66865879
180200017107 69746728
180300014856 65854762
180400014693 67590936
180500011422 64690917
180600020540 64365291
180700010128 65219746
180800016815 66245712
180900020519 62746740
181000020998 66503186
181100018541 63757441
181200010065 61943774
181300010392 66039868
181400013919 63406968
181500018966 63888546
181600009987 61724359
181700029864 64733993
181800004998 64893534
181900011296 60661603
182000022128 62638177
182100011655 63407202
182200041032 60488572
182300007092 62275002
182400023937 62220947
182500007494 62268593
182600019792 62570312
182700031779 61905714
182800020132 61359024
182900024904 61316792
183000017045 74689504
183100010779 73535013
183200013841 83261316
183300021377 72221962
183400013115 54959388
183500020688 59217576
183600025926 70956150
183700009963 63063085
183800011297 74453491
183900011445 67448511
184000011362 69808614
184100012253 69559587
184200016767 82312965
184300013970 74390173
184400015078 80432305
184500014631 73768759
184600011460 70862898
184700013614 69393872
184800011280 69418179
184900022796 64357043
185000006884 63281703
185100012153 60907089
185200019246 63324495
185300026120 63153211
185400018020 62128238
185500011517 61730449
185600012899 62061315
185700013209 60328736
185800031722 59792545
185900024060 59921580
186000010110 60644490
186100015275 64371002
186200024715 59352098
186300031931 62948852
186400020982 58275112
186500004362 61693437
186600012055 58154555
186700009637 71372756
186800011766 77565548
186900016503 74649836
187000029960 69128974
187100016465 71276287
187200014220 77298329
187300009608 78158711
187400020153 77929943
187500011795 77802188
187600015395 75782184
187700012903 76161550
187800010562 76500349
187900016383 76616178
188000011515 76987939
188100010684 75211748
188200011583 75960936
188300015446 77234254
188400015137 76822799
188500011111 80230038
188600011516 79804817
188700011580 79617768
188800009637 78101334
188900015874 77767135
189000017702 79798371
189100019967 70164766
189200016377 66771470
189300014280 66245527
189400017717 67985346
189500012110 68245592
189600017714 68160340
189700013861 70033490
189800014997 66765212
189900015845 63929944
190000016468 70544274
190100014975 69665340
190200027262 66036915
190300014752 65203409
190400010965 65502177
190500014494 65286388
190600013831 79656831
190700021704 79113635
190800011369 71454526
190900013988 68751471
191000005505 71325040
191100013791 76078268
191200013319 78584125
191300012872 76877154
191400012037 76138381
191500015197 76952181
191600016392 75848909
191700012142 75534642
191800013026 76669431
191900011575 76853319
192000017094 77492978
192100012798 70841294
192200015572 68305075
192300016008 71359044
192400010185 78059049
192500013642 72786982
192600020228 69037067
192700014412 75311520
192800013731 76582931
192900010607 76846197
193000010091 74372323
193100017916 75581574
193200012693 68663114
193300014758 71048374
193400014664 76255816
193500013476 75051135
193600016579 69226582
193700011935 70794392
193800014494 79312722
193900013821 78528668
194000012511 79662817
194100011873 77672301
194200011156 76083202
194300014254 77367309
194400013233 77117380
194500023497 75852852
194600014254 76505075
194700012816 78667603
194800016097 78829044
194900012766 78982870
195000011679 77508999
195100010692 78924662
195200018624 79569994
195300012653 78745563
195400009872 79713309
195500016238 80677335
195600011923 72671894
195700015995 69171135
195800018808 71779721
195900018377 80426474
196000010890 78304215
196100012363 80062198
196200008391 78659678
196300010723 78131028
196400010718 76213978
196500014245 76725495
196600018170 80015247
196700015797 80101612
196800011091 78978274
196900014907 78664764
197000008111 80649685
197100011231 80117700
197200015688 80202170
197300016112 80580200
197400014020 78759404
197500010585 80519784
197600013793 78878008
197700009705 73845999
197800010996 78435282
197900014160 81548445
198000013894 79105871
198100013637 80590209
198200012528 80430716
198300014207 79965659
198400017586 78658652
198500014194 77687686
198600012121 74393848
198700009886 74539924
198800024392 78200012
198900012048 72615036
199000009065 77139917
199100016230 76413956
199200020652 76682729
199300010775 78351367
199400014808 79676556
199500013521 79888053
199600012347 79231337
199700011126 80356311
199800010717 81139903
199900012650 80163767
200000011847 76344491
200100016080 72204348
200200013936 78579216
200300010904 71663617
200400010587 65946937
200500011810 77598937
200600012398 80033446
200700011795 79868505
200800012069 75104812
200900011403 64533076
201000010656 73019194
201100014416 76534192
201200017171 67501175
201300012783 70870245
201400016704 74589608
201500018635 66862297
201600027207 70525614
201700012267 74978680
201800017656 76746516
201900014704 77867231
202000013159 79418446
202100002607 78779357
202200011798 79335274
202300010230 79060386
202400011985 80448090
202500016263 80282532
202600015305 80625429
202700012362 80443110
202800008571 78148672
202900012858 77482378
203000011483 78530291
203100008513 76102020
203200009977 80215665
203300012929 76744610
203400009442 76635501
203500015259 75964812
203600009873 78700001
203700015360 78874783
203800016108 78317244
203900012891 77912413
204000010230 72244661
204100019087 76301301
204200011502 80131364
204300009443 74372311
204400014139 74660771
204500011817 75851027
204600011865 78297982
204700011533 78735879
204800016329 79545743
204900015407 79223101
205000011696 79389912
205100009998 76434873
205200023566 73074246
205300012522 76676171
205400012806 74886575
205500022289 79483258
205600017049 71827307
205700013382 75121275
205800012602 78073288
205900010968 79969032
206000014265 75372621
206100013279 76536051
206200009238 75193371
206300024610 75678298
206400013778 72587338
206500017687 73061541
206600011613 78452359
206700011255 72388039
206800011991 72416753
206900018122 72744494
207000016351 75761785
207100024351 70876834
207200017461 71270729
207300013424 68583006
207400018516 70077067
207500014376 68301820
207600014321 71201331
207700010964 74725069
207800016836 67371585
207900011279 72504374
208000020070 69085201
208100024374 70379897
208200019078 67978511
208300024167 71711912
208400026677 68362223
208500011179 67615440
208600010818 70272717
208700022732 66524072
208800023310 67250031
208900013943 68105408
209000029181 70102601
209100011468 66665825
209200009309 66613624
209300015357 68476012
209400023433 66157471
209500018394 68836272
209600010175 65637617
209700013954 67914466
209800014373 68352990
209900008230 65577305
210000007221 65622466
210100027530 66404328
210200024967 69038977
210300018068 65762102
210400032442 67364994
210500038071 65546252
210600020343 67964637
210700016761 68275241
210800015319 69248367
210900023270 64801991
211000023781 67790070
211100007286 70376674
211200020951 65645067
211300027584 68149484
211400011895 68514081
211500029234 69521327
211600012151 68941774
211700013365 79110040
211800009930 80838430
211900014002 82236634
212000014059 78976838
212100010469 82480455
212200010046 75449921
212300010691 75020492
212400015224 74813474
212500018427 74823700
212600011212 72188871
212700015116 75655666
212800007983 82177097
212900010779 80617358
213000010484 84918361
213100018317 78154402
213200010180 83498770
213300010439 82621967
213400008769 83980731
213500009863 84417450
213600032728 83261022
213700011777 82480592
213800011578 84108323
213900012767 84791933
214000012739 83402769
214100011766 76137344
214200013660 73854005
214300013831 69564719
214400013107 69776627
214500010797 75800747
214600012470 73988555
214700011602 75012750
214800009300 80193247
214900010470 81619157
215000015011 79851149
215100008845 79565907
215200011157 82462393
215300010411 75478693
215400020630 74721594
215500009950 74732720
215600011869 74659042
215700012880 72082601
215800018917 73296015
215900017487 79603574
216000009689 81259198
216100016938 81779250
216200010180 77493270
216300013815 79432722
216400015992 82113761
216500017697 83614557
216600015201 82875378
216700016333 82837800
216800010593 81376400
216900013427 82469095
217000012254 81667780
217100009344 79368344
217200011179 82156522
217300013190 74611653
217400010087 74098804
217500008877 75179620
217600012984 73594182
217700011810 72271291
217800015640 74503546
217900013905 79019373
218000007267 79183221
218100012362 80298700
218200013284 75522991
218300012848 78465929
218400012679 76153052
218500011487 74723108
218600010058 79152915
218700012889 77536088
218800025074 82335512
218900011431 77434954
219000013251 77600817
219100011757 76176410
219200013346 74029772
219300020509 77390610
219400010554 78757862
219500012917 79276975
219600010902 72770263
219700015008 71643030
219800010929 70586791
219900012687 76443700
220000009836 83202959
220100011418 79985581
220200009659 79129998
220300014833 78160611
220400010895 78351143
220500014140 71559381
220600029220 71326304
220700014865 70952210
220800011668 75569254
220900014061 77720816
221000034558 82762446
221100014984 78643733
221200013620 71348170
221300011877 71355735
221400013366 71750642
221500011968 81639054
221600013525 82428623
221700015392 80812018
221800013294 72984967
221900013918 71889084
222000010894 70243041
222100011772 73115214
222200004647 78291166
222300017975 81989380
222400011344 79707979
222500013829 72853944
222600011181 72828501
222700011839 71198549
222800011054 77277130
222900014456 81779473
223000022028 80555948
223100019183 77761877
223200014698 71424360
223300010782 71864779
223400014705 71135350
223500015161 75063241
223600040932 79350708
223700009705 79983848
223800010899 73867068
223900013612 73715873
224000013315 72144473
224100012329 76467118
224200012189 79202481
224300012050 78349143
224400014431 78815733
224500014008 78706429
224600015199 72135551
224700011902 72851004
224800016340 71871598
224900010252 74744807
225000012524 80374832
225100015457 78211680
225200013629 74597238
225300013213 74087228
225400013236 71977782
225500015701 75463018
225600011570 75517440
225700018554 73018514
225800013020 72708231
225900012095 72631955
226000019051 74457859
226100010953 78725853
226200010146 76053551
226300011661 71969866
226400010109 72472641
226500019378 71698820
226600016820 74833052
226700014437 82597928
226800012023 78348943
226900014259 70912499
227000017146 72008881
227100011639 71459530
227200011756 72069158
227300011728 74614457
227400015812 78453163
227500012597 84876664
227600010182 80252703
227700014799 74003639
227800009950 72267042
227900011987 72543995
228000014540 72414097
228100017203 77087321
228200010584 84692521
228300011963 79893220
228400011951 82258088
228500012537 79281054
228600013561 78533420
228700012760 82347413
228800014325 82617247
228900009875 80117733
229000012498 75561627
229100014126 79621517
229200009552 78937488
229300016069 75013103
229400015528 72016712
229500013317 71856034
229600017437 72165861
229700017225 73121792
229800012416 77215372
229900012845 77587278
230000011454 81197616
230100012689 73516815
230200014605 72178944
230300008247 72230031
230400010547 72670021
230500011250 74834503
230600011840 82194459
230700015623 80989711
230800013583 76934797
230900014323 80141653
231000009049 74738096
231100013432 71852298
231200018216 72112399
231300012697 72276899
231400017913 72820680
231500010199 77096460
231600027478 76884873
231700017143 80112098
231800011686 71594732
231900025332 72613738
232000034726 72368595
232100017608 73115461
232200018158 76505274
232300012082 71858901
232400012530 71932376
232500015619 72044205
232600010706 73088474
232700026963 73033147
232800013672 77952505
232900014204 76758156
233000014040 70987146
233100011308 71871402
233200015457 71493630
233300011677 73234442
233400008260 75059025
233500016047 71406736
233600012036 72013542
233700011297 71979113
233800011155 72529082
233900016217 73312607
234000013678 78339089
234100012231 75488308
234200023601 71713205
234300010617 70949690
234400011939 70254680
234500015709 73079507
234600017407 75285154
234700012238 70484917
234800013844 70158436
234900012226 69532444
235000014077 72374416
235100008416 74219640
235200010756 78398654
235300014173 73486306
235400032382 71529010
235500012943 71762600
235600010862 72197841
235700013504 72600710
235800012434 71088964
235900010699 71827883
236000011875 71573091
236100012061 72321522
236200011961 73490819
236300005645 77200424
236400017300 71611673
236500013549 71572974
236600011941 71387728
236700011876 72323089
236800012500 72108397
236900014729 70424465
237000013803 71630148
237100013752 70734506
237200016790 71747034
237300010559 75922306
237400013455 77371673
237500208344 70924589
237600014733 71304502
237700012700 70563143
237800012133 73014367
237900015443 69951441
238000018855 71068779
238100014387 70650683
238200010505 72968331
238300009886 76923374
238400010733 74066969
238500010108 73463649
238600016413 72472518
238700016512 73491399
238800015031 71917369
238900012338 72552748
239000011503 71919435
239100009405 74620254
239200030535 77036152
239300012950 73893886
239400011633 73957623
239500022254 73705109
239600012940 72061250
239700011485 68431113
239800014684 72012429
239900011927 71522274
240000010447 72807362
240100012837 72718168
240200013756 72911203
240300013896 73672731
240400014944 74290739
240500012700 72901800
240600013517 74043777
240700013286 73844624
240800011611 74051677
240900012135 73829208
241000009083 73804988
241100014160 73476535
241200011099 74159067
241300018862 74352924
241400004111 73195402
241500018033 72983210
241600017138 73133758
241700014742 71981928
241800011585 74102452
241900012572 74246362
242000014995 73407698
242100011955 73763356
242200017890 73457444
242300013327 69805486
242400010775 70484448
242500010263 71985154
242600011049 71227213
242700012332 73103887
242800012948 72233777
242900010836 72715667
243000015816 73716270
243100014248 73446683
243200010619 72662843
243300022233 72919315
243400005623 73431147
243500011831 73579452
243600012103 73454064
243700014672 73605523
243800017373 73198927
243900013678 73310624
244000029384 72706587
244100012855 72990354
244200014247 72968809
244300013644 72720698
244400014272 72045871
244500021634 73763036
244600028378 77317149
244700011685 76794492
244800008638 73328061
244900011431 76082028
245000009651 75701570
245100014433 74126623
245200012956 74624633
245300010333 75432705
245400014448 71500345
245500013258 75437981
245600011108 78570390
245700011919 70791644
245800011534 73960137
245900012734 77748292
246000009263 72802134
246100011335 72701682
246200012634 73987456
246300013246 73634635
246400023724 72905520
246500005464 74308325
246600008321 71505891
246700010525 74046406
246800010744 73359695
246900013380 71681343
247000014640 73895607
247100012919 71808947
247200014650 72439970
247300009981 70241584
247400011750 73364216
247500014268 72257932
247600009641 70440005
247700010270 73530609
247800008262 72002129
247900014401 71203372
248000008252 71599754
248100014787 74580412
248200009363 76336559
248300005373 74114363
248400015566 71622994
248500005112 74801767
248600006415 74535955
248700005721 71430659
248800027546 74328729
248900014875 71150870
249000024213 70945949
249100012063 74294532
249200021619 73691832
249300020364 70991722
249400013056 72820744
249500017416 69249547
249600011248 68951203
249700010551 73007853
249800012838 67228807
249900021828 69624094
250000015147 69247517
250100010048 66340972
250200019979 71001569
250300004978 66365814
250400015671 68312067
250500013538 72508416
250600016917 70600401
250700016391 66278084
250800017061 71133056
250900013145 71850982
251000017221 68062579
251100011095 70795635
251200024422 66140279
251300017534 69539691
251400011795 68911025
251500011807 66217193
251600009544 70266820
251700029629 70212670
251800006023 66360463
251900032421 69156179
252000016982 67029018
252100009808 67364175
252200014528 66947397
252300014498 63902375
252400024200 65184828
252500009526 65417208
252600015912 62892697
252700017196 68867859
252800009666 62787260
252900019004 65867551
253000007546 67694282
253100019334 63737008
253200011292 66815683
253300018942 68233462
253400009853 66942691
253500016441 67771774
253600025662 69463353
253700024488 67523489
253800003611 66923254
253900015527 68693598
254000016373 67638938
254100022367 69683326
254200023365 66024424
254300010787 68695387
254400008266 65764469
254500018026 69212545
254600028636 65649300
254700011400 68182824
254800002358 65558353
254900025101 67538386
255000026771 66109113
255100027345 68126400
255200021958 67511156
255300017201 66195908
255400009616 66231657
255500023449 66271031
255600009705 66704521
255700008516 66629263
255800028259 66325090
255900027327 66372921
256000010407 66940963
256100012880 66460856
256200010044 66116554
256300010677 75768518
256400014733 74325306
256500011260 76055805
256600012066 77987896
256700009699 78045904
256800014757 76430766
256900011167 78415063
257000007258 82402470
257100010797 79074294
257200011848 77488413
257300016950 75048939
257400016326 76284642
257500010553 77993108
257600009915 76194243
257700010358 76432001
257800012403 75435550
257900014387 78125577
258000015221 80473101
258100012912 82318026
258200005876 82166638
258300014038 80765446
258400009155 83717175
258500013190 86272484
258600014633 80509288
258700016525 79943749
258800010910 82612346
258900010515 80089015
259000012038 84010959
259100012114 82885426
259200006335 119917245
259300007185 93116419
259400010312 82604806
259500015235 81020061
259600011631 82076021
259700008469 82592722
259800013654 84688529
259900010529 83333091
260000011282 75107191
260100015884 78083158
260200016017 78250215
260300008159 80311627
260400004279 81977106
260500012924 82775645
260600021723 75338327
260700011568 73437761
260800012637 76871085
260900015011 81062064
261000009919 80122556
261100014368 76152307
261200010919 79727257
261300011863 83991074
261400015072 77491226
261500013025 77837412
261600013597 81311675
261700018980 86167369
261800014696 80880499
261900017595 73779644
262000107586 76872072
262100010874 77851624
262200011828 75612489
262300010914 73898760
262400007674 77065497
262500010727 79115619
262600012499 77771315
262700014673 79093674
262800013406 81927155
262900012858 83477124
263000011020 76427515
263100011723 75152472
263200007980 78404124
263300013991 77685595
263400014508 74984284
263500010205 77075343
263600012164 78522634
263700013690 83281838
263800013848 84020262
263900011257 75703290
264000014213 86432997
264100013464 83400124
264200014955 82089690
264300013171 82042054
264400012979 81362184
264500012666 82811404
264600014402 80315249
264700013666 123624185
264800011828 73627049
264900013666 76508284
265000014374 77979385
265100010027 82291717
265200011557 82195314
265300005134 83416847
265400015927 81789011
265500013056 82795220
265600239655 84710926
265700012658 82101901
265800015999 81916783
265900012582 82927747
266000012883 79982983
266100008440 78062751
266200012058 77494311
266300009697 75859731
266400016526 80952891
266500013864 82492215
266600008647 78024086
266700009070 82617221
266800009088 82599262
266900018910 78076444
267000011135 76452941
267100012974 75520653
267200010905 77020527
267300018050 77572475
267400013086 78455964
267500010474 82739162
267600004800 76424119
267700008850 85223384
267800012002 84509658
267900010407 81023253
268000012039 74628092
268100009331 71211212
268200012855 75500536
268300015169 76434975
268400011175 78343033
268500009908 82213179
268600012344 81379185
268700011847 80625379
268800009187 84007786
268900008798 84254876
269000010831 83702377
269100010746 84364530
269200015098 76399473
269300010400 77098654
269400012757 78842025
269500011971 81921645
269600012227 77321022
269700014124 72199903
269800026417 82323386
269900015450 80588058
270000014640 79904456
270100015362 81121377
270200009850 81195778
270300012631 79975388
270400011462 82662366
270500011749 80554713
270600013492 81818683
270700013929 81670065
270800012381 80744165
270900014232 82764286
271000010491 84789868
271100009780 80283504
271200009198 79431896
271300009942 81998902
271400014178 73641589
271500010733 75597832
271600016400 77365942
271700012726 76462003
271800012693 76667935
271900015070 79395680
272000014165 81342159
272100011316 76835016
272200014414 78417923
272300012432 83548609
272400010247 75654330
272500011679 86196154
272600010172 86846413
272700012266 75106514
272800024510 73003283
272900012897 78404668
273000012423 81017443
273100012814 82660126
273200010536 82336492
273300009798 74345249
273400009866 84821656
273500014962 85313738
273600017734 79287357
273700011140 82663321
273800009267 74430377
273900013887 75761834
274000014406 76483667
274100012288 79784145
274200025122 77664795
274300014499 82049925
274400009212 82737125
274500011272 83477764
274600012207 83823590
274700011850 81338842
274800010397 81756329
274900009375 82259496
275000009491 83746022
275100013442 82807446
275200010821 85423218
275300010514 79498360
275400011610 81789865
275500008778 77365822
275600012533 79397107
275700010624 76150437
275800008757 84506457
275900027647 83342439
276000009178 82629079
276100011925 82724227
276200013658 75165146
276300011997 78778222
276400010835 77648946
276500012329 73216505
276600025346 72625369
276700019695 76534705
276800013946 78833289
276900014487 78760650
277000020353 80429296
277100012337 75199690
277200024107 78596621
277300013584 73959083
277400008802 76112329
277500009273 74909457
277600015211 78659301
277700012409 75605639
277800010888 76241821
277900015017 79441426
278000011871 78011805
278100010192 78029949
278200016096 74045183
278300013110 78232948
278400013360 80474494
278500017813 80686185
278600015867 74871987
278700011058 77156564
278800012656 77805746
278900010715 79412041
279000009794 81897738
279100012680 74747175
279200021415 71629131
279300010143 77512315
279400013591 72834893
279500010327 75991356
279600016528 74631827
279700012101 73032916
279800012085 72352022
279900037459 76081269
280000023412 78203335
280100011303 77085543
280200011425 82951568
280300011771 79660470
280400016307 78677988
280500012185 81696913
280600016288 78943155
280700011400 77875953
280800010367 71535715
280900010247 76713167
281000017734 78045478
281100011748 71260257
281200011126 73352586
281300011565 74861302
281400014489 80791146
281500012208 77781612
281600025357 71994660
281700011744 70289690
281800012418 74355931
281900016123 73687797
282000013556 74650036
282100022336 69820627
282200009251 73754480
282300019690 74154633
282400013186 77943839
282500014638 79853097
282600010795 72051978
282700009132 73980072
282800012141 72392956
282900014116 78020496
283000028772 67971140
283100023747 71766461
283200006516 72456328
283300028076 69082607
283400011403 70446523
283500018859 68677394
283600025597 65831952
283700020318 71350054
283800011759 71981969
283900024778 71029058
284000009625 70967457
284100020743 70749884
284200016443 67378725
284300019329 67088525
284400014180 67165112
284500013301 64161805
284600020115 65697049
284700014293 63878629
284800023037 65053589
284900009100 66651237
285000009792 61581760
285100006729 65961963
285200008942 60770017
285300037522 63588797
285400028899 62262548
285500011910 63965621
285600009030 62341310
285700020415 62415514
285800009693 61579148
285900008423 60350883
286000027357 61410921
286100019732 64263908
286200011277 58010961
286300030522 63028859
286400015196 60803919
286500029470 59891532
286600022714 60260772
286700024902 61465549
286800026725 59388736
286900022152 59315444
287000014454 61909253
287100024880 58375365
287200009984 59600406
287300026868 61458074
287400027622 61598558
287500011147 59218072
287600021565 59497767
287700030011 62093411
287800013855 58524215
287900031282 61092901
288000020452 58719060
288100024684 61601562
288200029810 61110661
288300007399 58725290
288400039382 58853223
288500019260 60095461
288600007598 60380655
288700029269 60585763
288800018654 61569455
288900025922 61492826
289000028724 61996227
289100023533 60311292
289200012702 79578663
289300009561 79411827
289400026724 68407735
289500013787 67973971
289600013329 70074426
289700011358 71995809
289800012194 73760732
289900004876 75253665
290000015880 67686279
290100026524 67504191
290200014130 68593573
290300022851 63533991
290400027320 65208306
290500011987 64652679
290600013709 64288713
290700013579 65531559
290800027810 64975656
290900011568 66158925
291000014896 65400971
291100023561 60576216
291200016118 64227903
291300013750 60714674
291400022942 63585092
291500022486 61399336
291600010764 64683569
291700009239 60558599
291800024367 63386907
291900027050 63761619
292000027748 63129236
292100009732 72029626
292200013075 80132265
292300016925 81454759
292400011945 80147255
292500012877 77483035
292600010146 80815815
292700013104 83536610
292800011767 82952722
292900010950 80483608
293000011461 76055562
293100010546 74723552
293200014890 80164638
293300009566 81889658
293400010941 80551349
293500009298 81223455
293600010456 80524036
293700011376 78919156
293800010268 73683274
293900015796 78213469
294000011909 80334601
294100013105 79807973
294200014949 80168134
294300010695 73851590
294400008563 78038349
294500009898 78746617
294600016617 78351829
294700009124 81428448
294800024872 80263044
294900010821 77246942
295000013036 81697281
295100009743 78679378
295200016164 78369210
295300014086 75225035
295400009162 77905600
295500012618 77805173
295600010375 76195245
295700015419 77987589
295800011231 75597406
295900011591 79642722
296000012113 79136422
296100010805 71574044
296200012484 78002243
296300011159 78642191
296400024217 79906669
296500012517 76742419
296600014383 75023211
296700010514 77175296
296800020451 75825049
296900011125 73425225
297000010657 76759640
297100018124 77356363
297200010160 75489348
297300011834 74948147
297400017387 72915490
297500018087 75253863
297600017474 75219356
297700007842 73024074
297800018731 75317343
297900023839 70358311
298000013896 73846889
298100011866 72162375
298200018608 71628283
298300017980 70272045
298400009679 71679208
298500009325 70221683
298600009640 68693620
298700014389 71651101
298800011063 73287363
298900023750 69644748
299000010590 68778169
299100017185 70616870
299200012673 69306775
299300009227 67476064
299400011126 74476473
299500013765 68363177
299600009167 68074951
299700011286 70537619
299800015175 67446092
299900011581 68439370
300000017264 66049704
300100012757 69140888
300200023166 69488326
300300029634 67704894
300400008037 67335951
300500014287 64766774
300600012769 68844246
300700008025 65743125
300800008122 64761001
300900010959 67660902
301000013804 61934488
301100013756 64067514
301200015047 65077583
301300022787 65218059
301400016477 64020522
301500011319 66041674
301600009834 62058866
301700017941 63495260
301800023876 64163486
301900008978 63388075
302000010403 62552777
302100011529 61729567
302200011984 64605503
302300013676 61415251
302400023168 61290120
302500026752 65859737
302600021600 60762499
302700015048 63934904
302800010586 62753590
302900011256 64149778
303000025862 62432058
303100028710 62473006
303200020079 60979660
303300028236 64212899
303400012057 61857772
303500014167 60632202
303600011320 63415461
303700029825 62116666
303800007121 63540648
303900010971 60972354
304000017830 63400094
304100017188 61186359
304200021026 59843045
304300017315 62742071
304400010054 72465421
304500111555 75352992
304600018100 81799082
304700009633 80952276
304800011301 76582779
304900015140 69494819
305000010156 77392061
305100010864 76914363
305200012610 74382744
305300004547 68502738
305400008856 78316470
305500006224 65088067
305600009503 71094379
305700025825 71277718
305800034995 70857911
305900010730 65505085
306000015379 69896463
306100029274 67962121
306200091938 69840798
306300013312 70156521
306400013048 80317341
306500031547 68997908
306600012489 72021223
306700021176 77862969
306800013831 68265736
306900011032 72532687
307000009250 74328351
307100012949 76102403
307200009893 66815868
307300022451 69728030
307400031695 71349309
307500011569 66762776
307600012996 70155729
307700012301 67654623
307800020393 65781214
307900026283 64292264
308000020726 60579483
308100016873 60469283
308200024733 57224869
308300011600 67108421
308400014396 71282804
308500013223 59924544
308600018183 67730477
308700014809 66882683
308800010215 61955003
308900011298 62327678
309000013884 66147480
309100008717 61616000
309200013112 65668536
309300026942 59332572
309400009585 63168568
309500026862 59595983
309600030125 61964070
309700017219 57038601
309800010917 58582358
309900028761 62880713
310000011055 56170108
310100014142 57527265
310200027443 61110854
310300037565 56492840
310400012845 57817497
310500010154 58244670
310600019559 54351648
310700009402 58109587
310800011570 58088500
310900009530 57171754
310936552058 18801667
