100312712 1416187.000000
200338814 56211
300265161 38141
400325615 36406
500274955 48615
600279105 41427
700322681 58121
800369794 51074
900299069 35959
1000556390 409455
1100331329 53179
1200325244 59425
1300351649 37282
1400368628 34584
1500335305 39238
1600332917 46785
1700337083 43746
1800298854 37206
1900273791 55588
2000292727 48022
2100357187 50093
2200368126 48413
2300305224 49177
2400386484 423261
2500289136 46495
2600375996 37689
2700600570 417984
2800351950 428923
2900350725 32621
3000389830 410568
3100361447 418823
3200366270 51014
3300400309 29180
3400383362 421573
3500308047 36678
3600326900 48093
3700393477 423566
3800380089 416497
3900385349 47796
4000361444 50655
4100558740 92758
4200261884 556365
4300362506 245246
4400641203 417688
4500510490 797416
4600433797 409656
4700375297 436448
4800391102 421560
4900412993 434163
5000584192 448683
5100668039 765071
5200354231 794425
5300652250 425572
5400619336 411353
5500523347 783127
5600390446 422635
5700639885 413489
5800381433 786293
5900595613 417376
6000588757 791481
6100658925 787323
6200399826 786153
6300449250 415281
6400520312 791955
6500718968 408781
6600300650 622282
6700299692 575500
6800560333 418689
6900832249 796085
7000652335 787060
7100345176 414774
7200443717 796931
7300650375 791812
7400734431 797668
7500649192 794619
7600598154 416826
7700609847 788366
7800680414 790571
7900337933 790022
8000743358 790984
8100640453 788314
8200691202 788742
8300581031 1173132
8400581043 788570
8500438581 1167829
8600431520 782292
8700406107 41910
8800416501 35564
8900433359 41770
9000441660 67496
9100424817 80049
9200590308 81059
9300390591 47558
9400488536 50894
9500447046 37459
9600372923 30789
9700484313 419775
9800396877 45597
9900474882 67485
10000444915 69319
10100375105 430747
10200461619 44261
10300443486 23955
10400478661 404939
10500439742 36225
10600691618 440483
10700496160 35574
10800523350 18508
10900477387 407744
11000506080 428969
11100456483 28166
11200444704 402167
11300667377 52127
11400540517 420297
11500425061 38343
11600491304 398866
11700375584 251621
11800713895 207162
11900451294 395469
12000553482 48943
12100415824 420922
12200485116 395733
12300546377 39544
12400542481 404600
12500456871 400846
12600739548 57558
12700487727 434186
12800598857 22817
12900449420 402369
13000324540 329941
13100564614 126755
13200607141 396370
13300550592 433651
13400587112 18359
13500562553 412248
13600572144 403263
13700602246 395213
13800509468 418738
13900610410 18435
14000588178 789893
14100616392 19201
14200649098 784083
14300590497 28930
14400709289 455698
14500472328 361324
14600629252 784903
14700461503 398634
14800638644 422652
14900749666 403068
15000589733 772449
15100636404 425658
15200418685 629979
15300691415 569849
15400737565 789119
15500665207 787645
15600420905 513970
15700792221 700720
15800467406 790942
15901027215 789808
16000433831 991737
16100758134 965059
16200518247 1159601
16300509902 33290
16400341798 46245
16500629966 64255
16600510766 39985
16700588476 416907
16800645031 40243
16900550404 79124
17000661872 434100
17100545388 410819
17201073721 51360
17300726836 419662
17400548951 409876
17500625202 426538
17600593088 413288
17700933064 52038
17800720757 786246
17900651879 424175
18000551099 417604
18100466876 165347
18200561573 679345
18300547206 56409
18400533550 426498
18500662126 409431
18600789569 422272
18700561098 409166
18800647360 798838
18900604223 426388
19000520967 794131
19100727276 797527
19200563978 790467
19300627202 792034
19400781493 1171509
19500607642 792626
19600579072 1167935
19700791966 792426
19800665929 1172403
19900570571 792585
20000567076 1168684
20100483052 890383
20200849816 1070486
20300598695 1159188
20400587008 37318
20500585239 44255
20600632359 72954
20700578125 79500
20800596192 87534
20900557937 89009
21000578398 94363
21100599953 92120
21200625747 86174
21300567778 79566
21400582431 91782
21500589023 88631
21600602498 73398
21700668107 39616
21800588239 88752
21900603522 65274
22000603560 69473
22100606428 26964
22200630290 28608
22300570689 417336
22400652786 40514
22500582589 44386
22600613722 72422
22700609913 102508
22800616079 97414
22900629362 93933
23000671804 81886
23100633402 76592
23200590878 83045
23300639574 81549
23400628145 67757
23500663975 74362
23600657913 66323
23700692120 66332
23800624815 74028
23900643261 69751
24000818604 80412
24100631589 88941
24200726010 425578
24300725040 40535
24400791020 8755
24500623924 31222
24600637992 408137
24700679556 48483
24800675774 86173
24900625054 81684
25000761171 81356
25100655264 413502
25200682778 44080
25300626655 15005
25400852841 28857
25500626722 412290
25600858530 40740
25700581455 94579
25800596667 434278
25900727638 44995
26000710929 9903
26100641980 33076
26200679078 411246
26300702760 61509
26400816705 59052
26500711074 57904
26600849364 414080
26700698138 82229
26800764388 53418
26900648976 23877
27000669999 26198
27100713691 411749
27200691712 50368
27300735465 82815
27400671830 94148
27500709007 423741
27600706768 49086
27700668791 30947
27800723895 410447
27900673714 50315
28000678625 447189
28100741382 48520
28200801495 26070
28300732547 405045
28400591361 47069
28500708920 80687
28600706199 79505
28700672384 428472
28800653515 32900
28900685538 19702
29000748184 409049
29100782966 83591
29200709730 423095
29300756730 23143
29400872098 405262
29500682845 67566
29600816088 72943
29700662417 422537
29800774779 25029
29900706704 405350
30000659269 60351
30100805378 423576
30200768346 15391
30300689134 432918
30400886591 419483
30500720573 394839
30600807810 423356
30700781486 24872
30800924435 405412
30900800798 71485
31000789763 424083
31100948848 52891
31200861106 396258
31300769958 408342
31400799353 401423
31500788511 422457
31600730988 392083
31700684977 423440
31800813958 28199
31900739049 404734
32001031925 440947
32100664895 120223
32201037566 689803
32300870052 398937
32400860981 438166
32500812978 397208
32600908211 421523
32700690603 402070
32801005259 421057
32900967943 399102
33000859196 442064
33100875641 396340
33200926518 435335
33300764523 399591
33400830283 432034
33500770486 399951
33600729919 431130
33700988000 401263
33800718783 419103
33900982160 452803
34001007570 355020
34100846209 796752
34200809907 399640
34300873919 429226
34400987710 445495
34500972582 428649
34600899141 712153
34700942970 411349
34801039985 397708
34901045797 423198
35001012468 403738
35100989701 415633
35200911377 407202
35300842396 398934
35401060926 403431
35501344153 411101
35601083950 396689
35700950171 786895
35801078331 12687
35900876722 788080
36001103404 398282
36100796332 403088
36200756280 783204
36300815718 764472
36400786930 34025
36500838589 32903
36600832742 32261
36700787885 49994
36800800926 79842
36900822524 98487
37000857256 103402
37100848760 102766
37200830212 96285
37300876428 96797
37400812486 76663
37500826135 67706
37600805397 62849
37700878143 64588
37800795932 58315
37900837450 63807
38000928183 67624
38100901625 69336
38200870282 61161
38300897185 30429
38400859011 32744
38500874448 431907
38600839853 32473
38700874707 30163
38800890220 88938
38900824010 105067
39000896230 102808
39100829656 100698
39200844080 64937
39300848379 416065
39400856892 26752
39500830798 417212
39600898305 27262
39701083589 5115
39801062050 1435
39901034584 1282
40001054852 1299
40101038085 1174
40201038697 1029
40300890298 16018
40400857700 69597
40500860089 93260
40600869374 97049
40700906349 77285
40800885873 80874
40900859990 406989
41001095334 3850
41101071709 1112
41201027632 1264
41301283628 1198
41400998229 1166
41501060739 998
41600888216 18022
41700882308 422097
41801052586 20170
41901036940 1479
42001115708 1111
42100970402 1405
42201024324 1289
42300967577 980
42401095492 1082
42500886243 40309
42600905440 58065
42700945983 52368
42800974842 58630
42900881899 63817
43000927725 58316
43100950706 56805
43200847189 426335
43301033436 8707
43401112321 1143
43501058630 1191
43601068312 1304
43701019769 1361
43801066960 789
43901085934 1186
44000988309 31308
44101043242 413538
44200947095 31239
44301064539 31454
44400935883 74645
44500935717 85067
44601063375 413651
44701016416 38118
44800860067 418313
44900937139 26155
45000979087 48706
45100975131 76203
45200976321 424177
45300941169 34649
45400986312 412115
45501323796 11298
45601153093 20807
45700970963 424853
45801194219 16757
45900971435 7587
46000980766 412489
46101054812 22160
46200952693 423794
46301217325 13085
46401071104 408122
46501065950 21442
46601073638 417316
46700983367 12607
46800994750 54974
46900979139 52161
47000985810 43719
47100976319 48789
47201042611 51272
47301021627 47163
47401002606 45022
47501245506 397572
47601031235 35575
47701139411 52263
47800835303 345717
47901066516 106960
48001097920 414481
48101086348 14111
48201243057 3075
48301117200 1491
48401032928 54690
48500847521 319535
48601145891 118107
48701240269 3091
48801068076 1565
48901002553 414944
49001194807 9911
49101102831 7976
49201035571 4363
49301073717 1997
49401087125 1729
49501118992 431010
49601086139 6783
49701169657 6752
49801157268 3531
49901070997 1754
50001055358 1847
50101065732 411416
50201038535 23591
50300984533 434323
50400982957 19646
50501044411 400011
50601074209 427584
50701310127 18585
50801042077 411024
50901275688 420205
51001183033 404248
51101199251 414234
51201296532 16702
51301126593 401889
51400970880 409460
51501120726 398317
51601244466 410587
51701164655 396224
51800975353 416721
51901018976 491457
52001232897 690515
52100993386 407249
52201308843 789276
52301215540 399942
52401183027 783489
52501176572 403854
52601252311 787403
52701306869 787154
52801196198 785809
52901215095 786164
53001099833 786440
53101171747 792806
53201283664 791187
53301287416 839332
53401248672 1114558
53501103571 801736
53601347397 1157166
53701186627 780812
53801094357 31022
53901059437 35255
54001103417 31613
54101223843 18900
54201229688 1128
54301202939 824
54401257057 1376
54501242713 1030
54601209761 1190
54701148096 783
54801140958 20969
54901122777 76654
55001135030 86913
55101078048 72514
55201220831 62979
55301114411 72488
55401083256 93464
55501079085 105407
55601132709 76682
55701528732 70776
55801111038 99447
55901132621 103740
56001232245 82938
56101095146 95589
56201250147 87366
56301156371 43290
56401262733 11203
56501244639 1153
56601300943 1296
56701229137 930
56801302020 1033
56901259840 1042
57001260338 947
57101217941 17890
57201156200 44430
57301367770 20727
57401406138 3611
57501147900 711
57601279120 663
57701157059 438
57801222998 1067
57901465776 687
58001205739 567
58101221352 884
58201283271 2701
58301135607 4289
58401302456 3487
58501166909 10501
58601443045 5811
58701220162 4094
58801297328 2060
58901207648 4317
59001232611 8623
59101143360 48523
59201162212 47406
59301135228 45203
59401156405 38599
59501138436 43639
59601199814 40717
59701133142 42552
59801318068 418975
59901174367 32466
60001304260 15234
60101285472 886
60201260798 762
60301271329 1324
60401351763 929
60501330147 1085
60601338148 732
60701188474 22205
60801168594 53263
60901210103 78561
61001127874 84419
61101181874 67092
61201200100 66112
61301239651 74248
61401199023 90033
61501228758 78288
61601214730 89710
61701206162 90740
61801393553 58664
61901188611 414953
62001238477 26577
62101312373 11074
62201418019 768
62301357882 886
62401332094 1418
62501350887 1025
62601319656 997
62701341647 981
62801276388 23679
62901415643 8921
63001294899 1342
63101298301 503
63201457323 517
63301344378 499
63401289731 776
63501473763 551
63601496572 605
63701471543 1325
63801231690 2294
63901366986 3816
64001462957 3299
64101488403 9061
64201470595 4043
64301272884 4151
64401291804 1150
64501401314 4696
64601247541 16916
64701226148 36552
64801261559 413533
64901262639 35869
65001284027 37403
65101363476 24514
65201215512 40199
65301259002 68726
65401258126 72546
65501294791 431987
65601282750 29279
65701304085 23753
65801294274 34633
65901311488 27032
66001264898 19151
66101270599 13576
66201269328 22690
66301304754 26283
66401246539 17670
66501294737 30739
66601553454 406458
66701273404 436928
66801494211 92581
66901343855 734428
67001295810 26686
67101390195 797786
67201296805 23266
67301493353 797499
67401506415 74104
67501229274 748179
67601411370 410164
67701487371 442365
67801465006 756206
67901416831 789964
68001312674 792389
68101408792 792589
68201437448 794551
68301283299 789858
68401217332 1168613
68501552416 794731
68601435357 1171333
68701444791 799817
68801280918 768937
68901266978 38980
69001276083 62111
69101419084 15217
69201378577 31898
69301327208 408100
69401381779 34147
69501396093 57200
69601380774 403216
69701435162 18587
69801388582 406047
69901236052 180589
70001522181 275153
70101379962 18673
70201412398 401095
70301295457 420530
70401330066 38476
70501235006 140472
70601359102 282017
70701397925 54145
70801769383 409059
70901828233 21308
71001442954 421534
71101421612 406969
71201461425 46729
71301579136 398923
71401523512 426351
71501460354 42422
71601684570 394599
71701558431 422171
71801604890 29135
71901587581 399998
72001463135 401383
72101370035 398730
72201584049 49063
72301541465 406399
72401286742 393287
72501537439 415349
72601589179 395950
72701584725 407103
72801380869 775510
72901650885 397338
73001549951 409491
73101508823 401922
73201341033 773148
73301373552 52283
73401392602 84501
73501573280 434001
73601392896 42282
73701411017 418298
73801353092 43597
73901388122 795809
74001398287 423640
74101457676 447523
74201508202 433041
74301508874 792551
74401514489 800327
74501422207 78154
74601357070 788985
74701496313 792601
74801449626 441446
74901385576 429897
75001585058 791524
75101612229 788393
75201577233 439676
75301410792 419076
75401605392 801672
75501636465 801911
75601543713 791614
75701605511 426843
75801361332 813374
75901484881 416057
76001436815 790838
76101421978 52779
76201665823 429799
76301445580 422067
76401371305 790804
76501261737 700970
76601641264 516588
76701651337 882194
76801689378 1088997
76901553894 1179429
77001351270 1171830
77101467087 1162123
77201424420 31595
77301487663 36107
77401466321 8783
77501408493 49730
77601435637 84401
77701477378 88751
77801483002 99770
77901422587 84218
78001403382 88738
78101442806 90365
78201393120 97783
78301387634 99335
78401410237 101441
78501396664 97076
78601444957 96705
78701525713 97727
78801445470 109674
78901461975 100999
79001475469 87754
79101444812 100928
79201440518 102191
79301487430 115961
79401507747 108858
79501457873 98371
79601448405 92983
79701495892 107277
79801508462 93269
79901567792 115372
80001517865 51286
80101579337 5902
80201534703 847
80301586132 1255
80401579306 719
80501561115 452
80601555836 429
80701496663 6912
80801581886 2019
80901644596 592
81001609110 444
81101462980 16101
81201533250 29720
81301463754 44480
81401433468 424071
81501479907 33002
81601563440 29219
81701610848 29135
81801551548 90960
81901545892 106637
82001546718 94278
82101473722 100895
82201480098 62560
82301558722 81959
82401467778 106823
82501472515 433566
82601571313 37687
82701564171 8212
82801522479 27039
82901574583 17214
83001621103 1671
83101598076 640
83201728487 1223
83301654859 470
83401580017 393
83501575458 468
83601635229 5564
83701646719 556
83801626944 517
83901575158 7674
84001503903 30744
84101758891 114365
84201603479 324709
84301542907 27007
84401572600 402736
84501508454 27720
84601541743 412108
84701596630 46507
84801507587 95993
84901546278 100413
85001534042 101232
85101567845 91660
85201542654 113835
85301548263 102050
85401559968 80276
85501489079 405135
85601553710 424871
85701636244 38094
85801552576 99200
85901539374 97689
86001586284 87960
86101551617 85107
86201579643 89276
86301547947 427803
86401571607 38682
86501758578 414440
86601572419 73894
86701588033 94086
86801533704 100682
86901589364 87230
87001645476 86975
87101420122 330901
87201577039 170368
87301560340 406329
87401592124 84805
87501614422 440639
87602011703 103975
87701546389 372644
87801592817 93370
87901578243 95640
88001531055 92903
88101620055 93611
88201593931 91855
88301553713 97504
88401625011 102910
88501629201 410962
88601629206 412264
88701543417 40501
88801652739 90863
88901632614 97571
89001626218 441163
89101722532 37474
89201627641 410499
89301590351 53411
89401683597 96848
89501617012 85321
89601611109 75727
89701599974 86777
89801834810 457382
89901710776 32919
90001594534 409364
90101693192 59102
90201602847 428419
90301693623 408223
90401772619 419159
90501752783 402499
90601590289 420135
90701524389 521834
90801721387 677260
90901591407 417887
91001804635 797650
91101812336 408939
91201753076 791162
91301641324 422267
91401897725 790554
91501722182 796687
91601801079 792077
91701548599 938332
91801719936 1025065
91901777027 789894
92001603933 1169352
92101728008 790368
92201750098 1171329
92301756615 790197
92401879936 1168428
92501791663 795831
92601873282 1175075
92701777915 791959
92801636689 1169607
92901806766 795158
93001651341 776295
93101660995 29214
93201726614 32580
93301663128 40701
93401725931 42308
93501930635 28643
93601650449 63740
93701639619 57740
93801649215 56485
93901654723 60514
94001737844 78417
94101691925 69794
94201642955 36632
94301651648 24276
94401726267 32328
94501644063 52759
94601695306 54244
94701736611 48914
94801636911 411450
94901678880 35132
95001729818 50600
95101646186 61130
95201700762 53425
95301660236 71750
95401768382 56133
95501680680 423939
95601676934 33122
95701736497 27063
95801751301 410607
95902020137 45692
96001687413 35507
96101737313 419523
96201667983 53127
96301696224 61071
96401747068 49734
96501652518 61800
96601684324 51245
96701637339 413835
96801710683 39892
96901745190 420068
97001755724 36949
97101789728 411509
97201821188 431757
97301659430 36488
97401703602 402732
97501932969 433411
97601683748 25480
97702258885 419250
97801777409 410361
97901575773 749915
98001574241 311571
98101745881 556774
98201717493 409052
98301820473 409487
98401922018 795833
98501930513 414161
98601873841 783875
98701695204 416188
98801798374 790741
98901920155 792718
99002075721 409569
99101841476 786733
99201967709 788397
99301947225 795090
99401725786 791928
99501851839 790344
99601976579 790049
99701981164 788287
99801968177 811921
99901951304 1149394
100002137695 791663
100101781118 793726
100202045631 1170996
100301862755 1158457
100401740383 32715
100501778184 76478
100601757914 85391
100701753850 71767
100801733591 46217
100901754577 17941
101001801399 90148
101101790234 94621
101201758100 96886
101301764076 89568
101401761077 57690
101501766418 43576
101601779982 44947
101701763482 415974
101801803999 36436
101901807289 19504
102001864174 14511
102101772004 55868
102201796235 71721
102301823603 88068
102401938600 443961
102501645761 357089
102601850169 124141
102701771105 96546
102801859543 83627
102901832031 84307
103001815679 97472
103101772778 100834
103201857097 430125
103301808336 427704
103401803144 50082
103502000194 426229
103601847903 419476
103701807034 57391
103801833185 432889
103901766567 407707
104001795531 431097
104101817737 413891
104201982945 419183
104301788833 414328
104401810570 413393
104501962200 796128
104601777722 413594
104701883031 407882
104801936574 797373
104902017074 412467
105001799588 412278
105101782611 783662
105202020119 786650
105301888537 407437
105401778618 798969
105502030291 795757
105602133886 791914
105702035423 790890
105801765184 993327
105902101481 969990
106001936022 791587
106102012235 1165379
106201962144 789708
106302060291 1167328
106402043453 788645
106501708408 1142371
106601844137 822575
106701883505 804934
106801871667 1158632
106901942408 30630
107001857952 34737
107101886021 27744
107201883344 37893
107301868361 30970
107401884139 66506
107501939780 60852
107601894369 22568
107701864811 28846
107801893504 36625
107901896507 49049
108001904120 46436
108101900465 41044
108201910750 48904
108301842446 37611
108401897791 30294
108501858172 47606
108601832193 36530
108701995593 33076
108801818998 36785
108901959185 35089
109001804538 415024
109101909782 30001
109201935268 30324
109301965358 53039
109401891784 47882
109501892073 46836
109601926808 61797
109702095532 422800
109801969200 33630
109901910581 31309
110002119210 25334
110101906821 36614
110201970138 27774
110301939388 30041
110402458742 27539
110501888519 406339
110601946443 28736
110701895300 427288
110801986565 30149
110901907297 40065
111002235025 30300
111101867792 21247
111201968956 27570
111301810203 394584
111401923435 35937
111502215512 56424
111601959680 41396
111701911465 421372
111801955920 34322
111901881375 43595
112001952380 43242
112101928068 23558
112201922142 22197
112301879551 28310
112402105553 404651
112501996796 38940
112602063512 424891
112702152780 36993
112801940482 14343
112902024529 403596
113002210490 427021
113101899999 46841
113201949878 14202
113301920751 416704
113402149399 420692
113502075963 31179
113601941025 388918
113701872005 423833
113802042146 23744
113901952699 102569
114001904486 715540
114102013229 20698
114201960577 392737
114301990799 426989
114401912368 22144
114502307895 393681
114602480142 419685
114702108921 15890
114801989386 402024
114902112332 416256
115001990120 7854
115102126440 795338
115202236465 19621
115302072567 403627
115402069558 410333
115502245025 392295
115602044837 419902
115701842397 368772
115802152175 437470
115902161525 13749
116002060699 798494
116101943658 17335
116202037596 792371
116302083351 18256
116402004686 785750
116502100231 16616
116602206909 792364
116701965776 16812
116802331369 794027
116902099831 19020
117002342685 792327
117102189843 98491
117202259195 712677
117302153295 397486
117402230839 417309
117502143996 401586
117602277389 403365
117702158244 791241
117802081600 396929
117902200995 414182
118002236121 769523
118102236667 75476
118202042462 746015
118302064086 400188
118401982465 400966
118502155290 787504
118602179781 776749
118702171421 399059
118802227312 405721
118902361683 789688
119002298215 397699
119102260161 444587
119202257594 742239
119302388929 780028
119402257953 431643
119502323972 752981
119602144876 784247
119702281005 838807
119802061644 348611
119902065759 35676
120002231073 80415
120102123535 64095
120202081247 412371
120302078631 37138
120402242216 44450
120502082561 34259
120602141079 2956
120702139388 3323
120802138723 1618
120902189336 3559
121002126778 17503
121102215443 25594
121202191848 2501
121302140950 1611
121402187647 1077
121502216262 2624
121602066080 12664
121702068818 68363
121802104218 433290
121902170706 36743
122002172900 36885
122102044228 28337
122202174379 415168
122302134757 416810
122402210928 40508
122501938362 268480
122602212466 170123
122702117512 426150
122802035649 31180
122902174040 416823
123002155272 415959
123102094573 400770
123202330174 408220
123302320465 459754
123402309102 405521
123502377256 746193
123602346225 404606
123701990131 628413
123802125078 565065
123902191095 784580
124002623200 404519
124102178429 783683
124202317626 406911
124302229400 799372
124402189335 790647
124502086049 412987
124602220064 787645
124702316459 794714
124802094032 787159
124902083501 1168561
125002047987 952492
125102355372 1004246
125202160530 1532952
125302120865 36443
125402143980 50842
125502117306 84148
125602147026 108582
125702248575 83784
125802120983 71938
125902120288 79355
126002145609 91667
126102118332 96905
126202138261 109991
126302165268 86658
126402121032 96712
126502150220 98917
126602198822 112509
126702092328 116826
126802207870 126571
126902140813 124291
127002198571 139413
127102182649 466049
127202155568 80065
127302139959 101621
127402174690 117087
127502178253 85930
127602162570 99987
127702144490 134695
127802191050 132290
127902140081 102255
128002191331 94510
128102146328 106896
128202141456 83012
128302176270 74578
128402177440 90472
128502183506 107509
128602199096 102314
128702201533 97006
128802212385 428294
128902181723 52811
129002192670 49165
129102193269 407025
129202162040 51655
129302204207 87899
129402185482 93130
129502168150 87713
129602185765 80383
129702170714 89882
129802197165 86027
129902283506 455961
130002234566 47143
130102209482 426520
130202132290 1360186
130302261786 2524219
130402250191 2697676
130502175149 3040288
130602293815 47468
130702267141 27295
130802292773 5089
130902218014 3277
131002292853 2930
131102301551 12261
131202331817 8960
131302302224 10264
131402286640 2560
131502237907 987
131602259164 547
131702320915 405
131802230069 416
131902238720 494
132002329902 372
132102344736 391
132202243659 380
132302322378 374
132402257242 5208
132502272611 14580
132602343773 1180
132702327089 609
132802279915 521
132902318727 417
133002326713 384
133102296448 388
133202319220 371
133302285102 359
133402356322 410
133502289523 390
133602289093 3719
133702357659 610
133802335501 477
133902381498 391
134002366221 554
134102308300 408
134202290310 505
134302268615 20298
134402293279 42576
134502311832 421137
134602286940 35044
134702529992 28260
134802127350 337207
134902347795 201878
135002275892 344859
135102434803 797514
135202481964 415467
135302320983 422585
135402302089 795259
135502329895 413272
135602183203 422908
135702413206 796950
135802400359 791669
135902506648 798264
136002530441 858751
136102332018 730624
136202316049 1172601
136302556089 792319
136402446074 1167493
136502218288 995275
136602475914 977391
136702511967 1180451
136802481515 1143551
136902478762 1169228
137002475306 1171183
137102520117 1167685
137202230975 1169561
137302446985 1167204
137402160440 1143146
137502384522 817029
137602474489 1170606
137702489139 1168967
137802338266 1147423
137902373420 67949
138002403350 840436
138102294053 1209262
138202321956 1206457
138302546973 1644300
138402326528 1469879
138502347080 55243
138602343589 91406
138702332121 56443
138802395424 23628
138902481000 31028
139002348152 412608
139102319315 52998
139202349642 109334
139302333190 103806
139402450321 426604
139502310595 396175
139602386848 58237
139702348514 441003
139802258462 231816
139902355260 217798
140002609126 429710
140102441747 36945
140202355449 409850
140302361134 51403
140402397552 67413
140502549435 431374
140602448800 17238
140702341379 411898
140802358300 52136
140902368995 68073
141002281590 48897
141102350147 55047
141202359758 67350
141302364685 78867
141402498248 88176
141502354841 422257
141602401906 33140
141702373179 399095
141802382848 35847
141902383394 29800
142002389385 56735
142102356752 65566
142202637423 67660
142302331174 79189
142402401469 80049
142502562129 424175
142602535465 26598
142702380441 23449
142802398459 407901
142902433908 26144
143002508588 55569
143102426902 74020
143202510979 422614
143302587004 29652
143402510849 98587
143502506772 329274
143602415005 22511
143702321893 205406
143802427375 260745
143902559392 22922
144002413826 401743
144102477344 18912
144202434929 444802
144302682701 20228
144402416933 20296
144502451583 402378
144602528810 33534
144702549248 412664
144802656888 20162
144902428326 401712
145002436287 35081
145102702972 402081
145202473811 18936
145302562039 400738
145402613015 420222
145502549329 19317
145602459769 393931
145702585392 29790
145802591010 404003
145902537698 395092
146002591410 418540
146102438502 395657
146202535484 417323
146302624516 394296
146402652184 405100
146502562068 784116
146602544833 398614
146702668905 407293
146802645576 780203
146902673995 398481
147002665654 409448
147102682522 786790
147202493637 404750
147302663080 458989
147402753405 749209
147502646131 784711
147602480157 782238
147702605257 774751
147802434916 29354
147902599494 46164
148002450167 30359
148102512147 21703
148202460399 413639
148302686184 35736
148402564148 425040
148502488837 411888
148602384353 631567
148702648286 193154
148802479169 410907
148902702820 404794
149002506183 412218
149102668381 791049
149202792364 410271
149302586148 788089
149402707603 495375
149502463664 805819
149602343899 988056
149702666452 887341
149802729661 790405
149902645152 806490
150002830129 1153405
150102414457 913250
150202889891 1048606
150302351724 1109254
150402840847 850537
150502810760 1169867
150602635977 790289
150702503097 1156748
150802555308 33447
150902547463 36376
151002530319 30533
151102525555 50616
151202557774 47421
151302500929 40577
151402527738 52661
151502444610 52278
151602512974 414433
151702874545 43750
151802509414 55081
151902578255 46848
152002714734 416093
152102564005 416499
152202505223 29859
152302534073 32921
152402529475 36767
152502504885 45963
152602568340 38294
152702527958 37439
152802574952 50350
152902551059 402520
153002523128 40148
153102551316 48597
153202643450 19311
153302577268 2185
153402731469 1376
153502585670 397416
153602901946 35476
153702545933 42761
153802558475 36661
153902563612 30637
154002584309 417831
154102683884 50266
154202563989 415159
154302567061 44365
154402759848 423929
154502565761 419094
154602604421 39159
154702638409 63603
154802758604 417500
154902591604 416216
155002888137 420475
155102814334 791340
155202970051 412956
155302877515 787489
155402834077 417317
155502589958 789645
155602956070 411780
155702936274 791847
155802813242 473569
155902873031 739225
156002800888 791138
156102868704 793652
156202684675 787245
156302660527 787367
156402885810 786827
156502521282 545780
156602833253 730988
156702518124 861416
156802511900 832966
156902809741 683906
157002599938 1082246
157102758293 35325
157202605653 54912
157302659542 27248
157402701087 23782
157502732190 18795
157602769186 11289
157702771518 3741
157802603261 13334
157902628913 52458
158002659507 44205
158102634826 417565
158202640030 34504
158302589424 16076
158402686516 22784
158502721842 2742
158602722744 738
158702705438 505
158802733630 430
158902697432 478
159002727655 372
159102742503 368
159202725064 484
159302852814 3256
159402687161 668
159502757585 391
159602711853 418
159702750987 450
159802763700 749
159902901653 21734
160002754496 3409
160102714337 933
160202737854 571
160302715388 482
160402758932 409
160502695209 390
160602727883 441
160702768931 420
160802760595 392
160902895825 15191
161002772836 5777
161102746530 923
161202775984 793
161302804350 736
161402762223 394
161502778194 639
161602746477 14433
161702715863 13483
161802763128 11451
161902749344 760
162002699687 3126
162102741309 21912
162202785510 1390
162302744969 621
162402717530 20432
162502686175 45915
162602739906 424409
162702732702 25754
162802847776 1991
162902839616 681
163002792505 477
163102828303 453
163202844398 403
163302865839 450
163402814938 883
163502817342 850
163602847328 839
163702859939 654
163802767716 467
163902824596 410
164002864924 638
164102763323 392
164202775881 428
164302759660 435
164402896869 489
164502809982 397
164602765732 3810
164703003751 4292
164802741115 7045
164902798973 18245
165002859310 5811
165102787237 1771
165202865637 2361
165302782337 2125
165402874132 1470
165502830808 1852
165602765873 2250
165702843569 2276
165802793943 3913
165902901768 16122
166002866872 4440
166102817098 3856
166202783478 1575
166302796694 1930
166402820487 2031
166502804875 1352
166602808188 1025
166702784138 2960
166802888577 3091
166902973183 3626
167002822919 607
167102901172 513
167202929868 442
167302937342 384
167402880300 377
167502898324 757
167602922848 729
167702911165 718
167802885388 825
167902905181 474
168002792504 445
168102924020 520
168202895395 371
168302854781 422
168402951685 477
168502968674 388
168602917716 570
168702854970 734
168803027737 3605
168902874085 18050
169002881047 2055
169102836619 1636
169202902326 1514
169302888070 944
169402962079 1034
169502898071 1933
169602883059 1240
169702917119 1068
169802957307 6199
169902852791 4762
170003084762 3523
170102952099 5222
170202835712 2729
170302830486 6550
170402861744 2982
170502899901 1374
170602855985 1561
170702841580 2217
170802925935 2013
170902946089 905
171002938400 683
171102917476 698
171202976078 701
171303076149 2363
171402588941 8312
171502904168 11403
171602897069 3046
171702997002 2231
171802974833 1703
171903004712 1835
172002967433 1508
172102933877 1105
172202945083 1106
172302888716 1603
172402999680 1473
172502927832 731
172602977280 575
172702950251 617
172802967477 746
172903137142 8838
173002944111 2483
173102988349 1823
173202956054 1935
173303005537 1457
173402909782 1569
173503008697 1385
173603004996 1598
173702881873 23519
173802924119 17319
173902915536 21258
174003015526 5365
174102889933 5306
174202888181 32824
174303028828 421144
174402867430 412179
174502902269 415720
174602989296 789006
174702870987 413798
174803099894 481056
174902901746 727187
175002973831 17836
175103090806 402237
175202899266 406553
175302903808 790541
175402986592 787228
175502987437 416469
175602999256 787135
175702908162 790214
175802905287 406616
175903123147 472574
176002877534 1107115
176102943758 788998
176202959338 1165887
176302884145 790685
176402798911 1164802
176502917071 789271
176602900206 1167296
176702816634 993490
176802871306 961290
176903034741 1166421
177003106852 865226
177102865093 1090520
177202893928 1165402
177302828439 1161237
177403123616 827202
177503220169 1135968
177602928062 769518
177702984390 29501
177803167545 32200
177903097430 32938
178002928444 70634
178103001183 50608
178202909686 43599
178302916077 55850
178402990257 409517
178502966327 28713
178603023296 48595
178702922609 35946
178803012203 28779
178902940275 52372
179002998300 45414
179102942926 42647
179202934153 39678
179302875136 416200
179402992251 31315
179502855954 171958
179603093924 258333
179702975719 37394
179802938526 58077
179903052392 44220
180003048408 403011
180103196323 48298
180202935115 410089
180302942121 44727
180403024946 410400
180502996606 50870
180603071433 410795
180703160756 418264
180803117579 414783
180903157302 421002
181003145952 413934
181103185966 418826
181203050365 796070
181303194523 407504
181402918643 416017
181503011288 787428
181603195003 415565
181703032124 785113
181803149380 419272
181903079866 789690
182002913669 408762
182103212851 787580
182202929446 419918
182303282103 791300
182403201213 429417
182503204550 767636
182603177335 786967
182703251992 790114
182803066859 787232
182902840084 674228
183003018760 613930
183103204717 734802
183203212200 791252
183303056255 835219
183403158012 711442
183503043844 775158
183603001064 45518
183703017223 59271
183803006173 52973
183902979070 7665
184003321473 13214
184103063685 420428
184202974664 43962
184303016212 32740
184403046782 414139
184503057248 417209
184602994274 425436
184702995732 56930
184802988041 59300
184903281212 423667
185003033262 55429
185103002220 424052
185203034011 419453
185303038136 419440
185403339561 416321
185503101363 789485
185603043562 412700
185703043750 797261
185803260699 793549
185903124644 789622
186003228433 788800
186103029440 794808
186203398939 789139
186303327089 788660
186403142265 789140
186503161382 876116
186603241216 1090365
186703365968 787884
186803094678 1164592
186903311288 788415
187002962627 982900
187103155495 968848
187203102330 1156792
187303035256 38706
187403093506 21673
187503116644 3605
187603115146 6331
187703125104 71682
187803088554 69412
187903056417 72060
188003068553 56592
188103063343 53687
188203093487 73879
188303031710 48190
188403063121 48185
188503091497 57532
188603131434 60751
188703082161 58320
188803080025 56070
188903074475 56377
189003058860 97402
189103124750 95959
189203126521 102860
189303089734 92034
189403085479 84180
189503198898 96172
189603364119 31021
189703163110 6113
189803185668 3130
189903160901 6297
190003128278 4911
190103246306 6744
190203180375 5294
190303197362 4470
190403213158 2926
190503153169 7275
190603229987 8433
190703177865 5594
190803216555 3992
190903156379 8574
191003101480 3963
191103082011 39200
191203231621 419330
191303155589 14812
191403096866 3239
191503197955 16690
191603165590 70845
191703171775 74950
191803171084 70582
191903124411 69697
192003112082 76989
192103122236 76136
192203164796 47625
192303126799 50409
192403131237 67790
192503173075 430412
192603126124 11986
192703351273 2891
192803242713 20328
192903205511 403360
193003183599 17637
193103193463 3041
193203129686 40909
193303219739 64394
193403173771 69609
193503245645 49078
193603128316 406373
193703219755 3158
193803364591 11460
193903174293 40944
194003197351 401169
194103239628 3949
194203188509 3667
194303160796 78339
194403147544 90165
194503202276 99706
194603220585 94515
194703164699 98124
194803151978 101510
194903168414 111915
195003206667 93655
195103194228 111211
195203172553 110073
195303154852 107998
195403225853 109194
195503218305 107078
195603185203 108748
195703208556 102175
195803246354 94291
195903221884 90308
196003162343 93694
196103193864 401934
196203271345 3387
196303254017 3481
196403121457 86952
196503241697 100395
196603182389 104439
196703236147 103741
196803211065 90320
196903285070 98544
197003207437 106877
197103148656 105129
197203163159 98555
197303197784 102779
197403214585 91551
197503191812 91414
197603236043 88703
197703195888 99715
197803254981 99205
197903227702 92195
198003203147 82302
198103218023 407144
198203279224 17309
198303284235 70416
198403208115 85908
198503430951 104524
198603206556 96056
198703213689 106160
198803299550 96280
198903215866 105516
199003221433 117001
199103288372 417035
199203274039 22848
199303209250 409508
199403274447 19065
199503237674 48050
199603264262 87843
199703258082 70670
199803213833 77639
199903295472 82280
200003266199 80158
200103263909 89082
200203225078 72146
200303271555 79779
200403369826 86572
200503293952 446534
200603285415 7095
200703257387 36787
200803290072 406899
200903368643 2205
201003272400 30570
201103255385 67275
201203323140 79402
201303277165 435873
201403310228 2954
201503258151 6020
201603502093 88056
201703352728 335313
201803301611 2971
201903190405 421185
202003334953 11896
202103280508 3773
202203293368 22431
202303352721 406688
202403279378 75633
202503247039 56343
202603301359 83101
202703315424 87326
202803260548 76657
202903266581 77167
203003241363 71697
203103301578 83547
203203264238 87455
203303288819 74936
203403331253 92237
203503327254 102765
203603328355 90381
203703315830 100420
203803312987 97215
203903271554 107439
204003357874 97622
204103337491 106963
204203418510 98999
204303328810 95640
204403378040 100945
204503303660 77739
204603330736 85175
204703294012 99263
204803345528 96710
204903328759 408131
205003342377 401914
205103364042 75985
205203356192 64654
205303331318 85849
205403345663 86074
205503321261 82062
205603907578 79546
205703312401 406279
205803352271 404806
205903314446 40207
206003326336 66121
206103100752 428933
206203280056 400021
206303356692 41341
206403357985 52620
206503415035 75030
206603345685 85333
206703388615 79755
206803262964 95784
206903352041 435121
207003430301 392192
207103319518 61061
207203324112 62726
207303416763 430878
207403428297 18113
207503387510 432706
207603406989 53026
207703397043 412842
207803910751 415614
207903528439 399843
208003421848 800702
208103396005 396701
208203364042 62739
208303389734 429944
208403387730 402619
208503575591 434579
208603541106 394775
208703472534 429196
208803367129 396337
208903339394 419426
209003224938 778290
209103545578 415864
209203482892 413983
209303665666 785213
209403522309 410749
209503300414 536982
209603361782 669501
209703554813 790694
209803556293 405485
209903983690 403876
210003477967 801334
210103562696 791164
210203606604 410225
210303546740 786401
210403564107 405984
210503495333 790830
210603577906 401238
210703505489 780992
210803490645 418083
210903594573 793121
211003451522 789693
211103610708 413294
211203518382 786768
211303659083 412836
211403600197 793617
211503569613 794846
211603585978 792970
211703690588 792492
211803554988 1166042
211903455982 799627
212003340716 432628
212103432984 791959
212203408705 779545
212303375622 35440
212403433870 42824
212503454653 39108
212603430329 30052
212703437293 27121
212803599365 7687
212903456748 8061
213003460328 10651
213103574152 2969
213203496982 5753
213303391384 56847
213403430025 84231
213503458987 82334
213603484054 83551
213703472810 81925
213803450732 65124
213903448995 89702
214003416006 82570
214103441047 77206
214203439655 96013
214303463925 81929
214403412406 102379
214503441810 95019
214603442263 96516
214703459447 19836
214803511330 14746
214903687920 3027
215003523789 3750
215103488605 27530
215203496118 3602
215303438495 57388
215403448815 42525
215503505073 422069
215603458985 44240
215703484815 28089
215803484978 26548
215903502662 7302
216003473682 7236
216103505697 10290
216203499234 3177
216303488269 5433
216403475668 37811
216503462867 75136
216603474278 93847
216703538124 101438
216803438908 79721
216903501319 97344
217003465167 93450
217103476533 95982
217203496410 99288
217303513931 100428
217403476523 81205
217503486069 440625
217603696800 44816
217703478179 22400
217803577435 22332
217903507979 7416
218003499486 7823
218103541582 9637
218203486358 2594
218303524469 5710
218403588331 39347
218503542397 32853
218603478913 418968
218703528755 37013
218803630077 25678
218903570041 8438
219003594824 8326
219103545100 5667
219203496423 69143
219303516911 432596
219403538233 40241
219503567537 17449
219603580124 6203
219703566225 8729
219803549682 8930
219903522754 46866
220003550262 32223
220103598255 416703
220203616759 5417
220303587683 3019
220403594977 2386
220503626544 67005
220603599494 78928
220703523668 76686
220803553833 76381
220903473656 90721
221003593756 413949
221103516121 3331
221203594496 2288
221303534543 3179
221403589824 55162
221503563734 44105
221603667735 428744
221703587942 28794
221803630777 3301
221903654426 1908
222003568309 7616
222103549246 79502
222203603352 93314
222303569413 444736
222403577468 9624
222503611344 3238
222603653875 2138
222703551512 30056
222803503384 35330
222903587548 416692
223003559411 46261
223103642987 4959
223203589164 3198
223303600279 2265
223403562821 47457
223503554173 68660
223603619361 91854
223703593419 431239
223803650312 3845
223903672164 2898
224003609402 2591
224103635295 39190
224203514553 166123
224303582901 274888
224403700122 11478
224503638807 5381
224603625500 2095
224703601492 21920
224803695080 56019
224903644522 32940
225003592273 45809
225103665066 429749
225203606436 3837
225303641372 2605
225403684582 2507
225503619178 31581
225603650347 22345
225703615639 413405
225803621286 15371
225903718828 3595
226003689551 3400
226103731307 20011
226203706008 421320
226303711773 4445
226403630854 3181
226503686298 3964
226603657928 30196
226703600569 400235
226803858229 29473
226903695129 4186
227003648098 4478
227103667938 2363
227203624816 23924
227303575203 67371
227403890023 446713
227503700954 6592
227603683633 4086
227703776118 3095
227803679537 4522
227903685697 29965
228003625341 27686
228103641237 441599
228203754522 41908
228303689538 20989
228403645749 4560
228503699258 3614
228603732044 3102
228703665365 30101
228803665845 67929
228903686207 89272
229003737013 87201
229103681446 87032
229203660065 88169
229303645583 68292
229403688692 81103
229503647728 97638
229603681054 87497
229703737466 87882
229803586561 202014
229903691645 312370
230003702124 4234
230103691673 4178
230203704237 2365
230303890925 15772
230403665039 29920
230503692653 38807
230603789126 425749
230703757068 26710
230803689388 4057
230903726084 4505
231003721817 2275
231103856021 11407
231203702124 60983
231303686361 78329
231403705967 63517
231503745552 81552
231603773490 421714
231703779595 4075
231803785157 4904
231903710332 1843
232003697101 8544
232103809816 35304
232203736604 21119
232303764192 421965
232403762915 6422
232503729390 4273
232603735818 3514
232703715337 4039
232804040405 61363
232903751599 395374
233003696762 3838
233103803025 3201
233203747723 2923
233303791902 25143
233403742813 18175
233503719001 403163
233603763511 8160
233703751696 3661
233803816351 3265
233903820077 3944
234003669579 183901
234103816890 264991
234203826137 3941
234303786787 3043
234403767023 3109
234503733419 26663
234603762353 15625
234703816809 406528
234803808844 8000
234903819797 6736
235003736827 4621
235103908957 5529
235203787716 430896
235303873100 13379
235403876994 5636
235503871993 3885
235603790133 3871
235703746307 28992
235803836997 17501
235903848717 406045
236003809359 3850
236103809076 4336
236203781840 1648
236303890981 14971
236403855916 400059
236503843040 3849
236603806639 2518
236703769975 2819
236803763878 24980
236903814302 14887
237003872356 401107
237103817721 3684
237203844061 2815
237303797009 2404
237403851249 404648
237503851598 10335
237603835118 3884
237703837712 3109
237803809314 3910
237903768863 27501
238003761153 397016
238103908204 17838
238203848201 3355
238303874793 2410
238403725268 152154
238503900440 261215
238603833923 3171
238703847375 2263
238803831605 22073
238903796700 13778
239003845983 404086
239103829926 4981
239203843240 2480
239303813416 30653
239403877163 402061
239503839730 3914
239603883066 2034
239703829840 25320
239803683676 354688
239903851504 54833
240003832821 682
240103896743 418
240203833413 595
240303911916 807
240403919309 1383
240503954050 3370
240603833117 935
240703900997 964
240803843118 1347
240903907010 690
241003912409 965
241103902853 1063
241203904102 7324
241303971601 2642
241403881692 585
241503881243 610
241603866828 452
241703905718 450
241803876033 482
241903888055 673
242003863280 574
242103944377 432
242203894104 518
242303900987 525
242403890772 434
242503851941 431012
242603919287 1502
242703950454 497
242803922508 498
242903985676 899
243003896984 665
243103903014 2730
243203945978 2260
243303986126 1210
243403918398 660
243503969215 1190
243603919089 593
243703990749 1075
243803915990 885
243903954020 5097
244003912522 734
244103927550 548
244203925114 498
244303913004 438
244403911035 420
244503933537 593
244603933082 575
244703984605 412
244803902060 395
244903961453 491
245003913227 470
245103960726 14178
245204043690 15788
245303908055 402209
245403973941 446161
245503891562 25156
245603954371 396273
245703836546 230963
245803942790 223015
245904011900 394686
246004018716 22355
246103959004 47888
246203923720 60611
246303925758 428911
246403988998 17911
246503917555 16206
246603907638 413484
246703954579 418465
246804026752 10850
246904038138 422213
247003951571 418563
247104081941 391456
247203770117 287414
247304049552 168764
247404023808 398014
247504024614 428562
247603989184 17809
247704027380 424180
247804046278 403057
247904005674 394760
248004081138 422981
248103898835 392076
248203979654 424941
248303920616 18162
248403993631 395033
248504007622 426557
248604069818 16383
248703982602 394444
248804078557 35907
248904007231 452220
249003978978 21013
249103983098 394302
249203999665 36148
249303997012 425607
249404029155 22537
249504206494 397820
249603998183 412254
249703931990 10401
249803988068 406903
249904195792 434464
250004170991 23232
250104142909 395071
250204256730 402925
250304043640 15118
250403999080 395868
250503955044 407246
250603906564 168774
250703983638 626087
250804206776 19151
250904220673 394439
251004179509 400746
251104059994 14862
251203996939 397210
251304046653 420132
251404052241 14510
251504023678 413304
251604092493 424493
251703967941 7836
251803849798 656185
251904093154 159014
252004045022 392844
252104132052 414764
252204117509 14532
252304131752 398378
252404208320 421535
252504072672 9137
252604263237 411368
252704025672 408118
252804226434 385285
252904627401 30631
253004181316 397306
253104207881 390054
253204138433 403311
253304217458 12506
253403948483 392407
253503988140 402460
253604159932 390012
253704226265 413097
253804218910 12696
253904087448 795238
254004045733 390006
254104237480 424907
254204004168 10109
254304541606 432648
254404057539 400282
254504075229 401513
254604179370 413370
254704132143 388460
254804175913 422945
254904191721 383743
255004260451 423387
255104120416 384229
255203967722 423809
255304272113 46943
255404023038 756527
255504272578 385487
255604020484 415893
255704168502 395804
255804037609 405215
255904286300 789007
256004116976 395443
256104312565 403342
256204170317 781929
256304216752 396972
256404034196 400699
256504369449 787187
256604198559 394153
256704295506 413108
256804121142 778738
256903995016 561731
257004090384 233134
257104086480 25379
257204097408 32922
257304131308 36983
257404073650 46005
257504149915 39544
257604099130 41329
257704138557 46402
257804068419 49058
257904113360 34930
258004110337 27264
258104132597 34406
258204145935 38339
258304114261 38730
258404110755 30400
258504099693 33736
258604146170 36730
258704133383 45238
258804090196 48923
258904095210 49450
259004140272 46590
259104137608 73786
259204158625 70406
259304148105 61978
259404080362 58116
259504155832 60362
259604091062 62167
259704164980 71686
259804141770 72756
259904103602 704250
260004113912 57982
260104138435 75355
260204114161 60017
260304114891 63433
260404083353 66493
260504093350 57720
260604206095 70740
260704127701 52676
260804171919 70043
260904140384 51054
261004127624 73285
261104158924 53477
261204128146 77640
261304317757 36735
261404123234 31468
261504158443 38465
261604190875 36188
261704152621 40434
261804195359 44439
261904120133 47696
262004270152 53583
262104174548 37061
262204194005 41376
262304140058 59458
262404162735 56436
262504271939 407777
262604166157 25395
262704173360 32739
262804255503 36929
262904280465 28359
263004192127 26883
263104208429 34118
263204160305 43477
263304184955 43656
263404210417 40495
263504145047 50016
263604190488 53539
263704196448 28070
263804201805 33593
263904201504 36687
264004188635 37997
264104212845 29232
264204222419 36023
264304184130 41807
264404213819 42923
264504160039 54530
264604169226 49476
264704165743 78016
264804217954 68223
264904198208 67412
265004243660 63399
265104225971 57861
265204255645 69367
265304227530 60983
265404313256 698898
265504251954 40206
265604293527 31886
265704241383 60870
265804214547 77488
265904259069 72630
266004260614 70934
266104255236 54556
266204238979 58077
266304194655 71295
266404190463 78717
266504266256 64638
266604191614 69357
266704184807 81279
266804250602 61752
266904251185 53751
267004230191 46975
267104226329 61306
267204226238 79680
267304387483 66090
267404193539 69854
267504479156 69143
267604250882 410834
267704270505 31041
267804259858 33930
267904232881 37670
268004312075 34761
268104239557 37064
268204293514 46159
268304208100 44696
268404253259 61808
268504205442 66236
268604312353 77231
268704271996 28298
268804295791 33907
268904279885 28499
269004288276 34642
269104257069 38531
269204359106 45909
269304291504 47713
269404240021 53517
269504354578 55826
269604255637 56324
269704236470 53247
269804261812 435134
269904357258 27650
270004300685 34259
270104258045 34624
270204284710 43883
270304256968 36127
270404296114 54581
270504274293 60762
270604312423 56631
270704366666 47802
270804295422 57336
270904310063 60580
271004299456 68325
271104281834 63360
271204311543 60280
271304267072 59207
271404337078 67127
271504330972 68403
271604341857 70782
271704287618 68261
271804280950 66970
271904605416 58195
272004266459 437034
272104346636 27719
272204383717 28510
272304351126 36919
272404375671 37284
272504317511 38401
272604316407 40271
272704351430 45363
272804364888 35814
272904293071 37097
273004344663 48228
273104252624 37796
273204305556 65895
273304301082 60741
273404395885 52299
273504428955 28970
273604283277 44500
273704324955 54123
273804314513 48524
273904314098 45053
274004414072 66026
274104301826 51647
274204313776 58938
274304367450 46092
274404356406 425259
274504366336 27330
274604473837 30477
274704314755 32117
274804431435 39244
274904400439 36371
275004329908 62954
275104318593 56302
275204347884 62962
275304371239 56301
275404374152 58274
275504347569 57293
275604417269 55759
275704376778 60886
275804329541 52247
275904382445 62287
276004356245 49590
276104393028 62901
276204545601 50537
276304445901 64022
276404436945 48839
276504373314 70296
276604425927 61338
276704465696 53227
276804739481 69300
276904368524 409076
277004384537 33584
277104414721 44895
277204351882 40230
277304492479 27062
277404400348 35081
277504397282 42877
277604419927 42406
277704341491 411724
277804453502 31107
277904389527 39329
278004592084 39702
278104430096 416749
278204562337 31071
278304454241 43040
278404383020 36754
278504547305 35528
278604402773 37395
278704350553 27993
278804454126 408813
278904445263 29849
279004578559 40071
279104392964 46685
279204436211 59707
279304535276 41595
279404425199 33059
279504423587 34963
279604506557 43224
279704426298 66118
279804519033 422343
279904422744 37449
280004420284 25718
280104457123 406085
280204456305 37057
280304504620 44269
280404408897 414926
280504507041 38911
280604766158 24469
280704613233 407819
280804392741 43663
280904432331 44694
281004475293 47240
281104478470 54225
281204432515 54397
281304436585 53616
281404296554 412748
281504449495 48168
281604491050 33909
281704477801 25032
281804475956 404801
281904495217 26723
282004456613 37313
282104388883 51874
282204471302 67564
282304444931 416269
282404552503 32184
282504487510 34445
282604683562 397936
282704475353 41861
282804470724 417808
282904573763 34004
283004593542 401417
283104448902 44202
283204451477 52636
283304530173 438462
283404815950 29913
283504483753 398123
283604488816 48569
283704765868 423853
283804480340 25013
283904466715 408638
284004527434 422876
284104699181 21705
284204616389 397568
284304736193 421357
284404451099 11968
284504491869 415914
284604661646 440469
284704831085 27945
284804451715 104210
284904676323 709880
285004588204 24939
285104663591 395800
285204706637 416716
285304648189 12463
285404565449 796157
285504571032 19810
285604712126 405554
285704512456 410186
285804601122 393298
285904864312 416393
286004774154 392242
286104705853 418735
286204586794 391813
286304541489 426862
286404620608 391751
286504453666 420033
286604637932 393651
286704814442 419422
286804633083 392490
286904753604 419294
287004721576 400223
287104787850 411032
287204778289 782179
287304681648 21069
287404749381 799032
287504465394 396444
287604608975 419530
287704369995 750568
287804440845 265851
287904699536 567317
288004397351 667599
288104485732 514615
288204897019 409130
288304843115 791089
288404790442 399894
288504780665 406386
288604701918 789895
288704899964 786845
288804392911 405812
288904707195 783259
289004967207 407900
289104856448 786602
289204585839 786977
289304926165 785142
289404525144 780315
289504841476 784808
289604862796 786316
289704823384 793963
289804811282 787245
289904565346 778024
290004562092 46963
290104641900 70736
290204696667 419288
290304587917 46080
290404598357 435590
290504622979 413542
290604696749 66017
290704634721 789501
290804897040 419827
290904814969 413723
291004442586 739174
291104658868 475256
291204702860 790213
291304756805 793601
291404720556 792634
291504469285 649432
291604742339 572083
291704448024 673737
291804575462 534916
291904923498 789594
292004819756 491454
292104762497 716353
292204815698 788962
292304848192 827350
292404962870 1128125
292504565704 1166389
292604796158 792640
292705281929 1167487
292804836584 854440
292904584800 712886
293004589578 42303
293104671244 41014
293204660121 43228
293304588712 53901
293404577389 64483
293504619953 58697
293604595706 75117
293704624726 66715
293804660468 32778
293904612732 43709
294004632886 58478
294104590351 51176
294204630419 42159
294304618027 430253
294404622119 35175
294504786940 35881
294604648051 44703
294704669770 45106
294804584137 80888
294904613123 58006
295004660372 419728
295104619573 28884
295204599524 36196
295304613631 25809
295404671003 411878
295504679326 41049
295604877875 44407
295704630593 41521
295804633412 64712
295904675711 53820
296004682980 413296
296104716255 47279
296204663188 41116
296304622285 29665
296404686462 407736
296504693629 39687
296604662530 36938
296704688884 57313
296804672308 435425
296904737147 24355
297004689808 42124
297104712780 33413
297204672527 38099
297304668335 416628
297404695883 43447
297504677863 54746
297604781788 406726
297704689745 38872
297804894167 24107
297904698080 414891
298004635738 38969
298104973591 429776
298204692618 26995
298304671439 33684
298404811104 406979
298504887420 42467
298604792256 413189
298704795816 39112
298804715058 403202
298904985896 61952
299004637249 418580
299104871636 36505
299204956807 402316
299304869903 419901
299404771681 23559
299504738355 403286
299604762421 61752
299704772542 416954
299804624349 214916
299904954469 607268
300004759314 39829
300104713282 400714
300204733938 436348
300304745605 28601
300405031409 415579
300504797743 419730
300604806508 396305
300704845012 428731
300804817078 21054
300904780492 421985
301004744778 430763
301104736564 21480
301204760094 797826
301304824133 29984
301404996718 405085
301504684486 428920
301604744202 18433
301705051741 799775
301804656501 224688
301904870065 583615
302004977925 393958
302104944727 429254
302204667681 122521
302304703443 689396
302404689205 195223
302504914077 624282
302605224628 395822
302704709891 425727
302804796111 402396
302904713747 409525
303005027932 797802
303104868974 403028
303204891813 417965
303304977904 801684
303404794288 411746
303504722027 414167
303605009160 797199
303705089242 404679
303804993217 418657
303904896840 490581
304004702647 450500
304105007703 668269
304204921824 406052
304305403865 401031
304404969185 798483
304504698401 624756
304604724680 564623
304704750494 415022
304805081378 791223
304905074879 408736
305005052622 783154
305104956423 415030
305204787165 771530
305304760119 42520
305404826431 53764
305504847449 47959
305604802572 43656
305704797761 50893
305804775793 41863
305904934371 417944
306004933201 39506
306104791793 59490
306204979958 427546
306304869704 414901
306404755774 413275
306504851136 416648
306604850195 419284
306705073140 409620
306804889742 414986
306905002567 421893
307004810189 417600
307104836441 425175
307204870758 50545
307305186178 420445
307404812547 420965
307504988427 51178
307604837748 792226
307704887250 49343
307804812271 54812
307904810005 438491
308004855191 412786
308104765211 48610
308204946472 429910
308304854713 406853
308404924678 40428
308504902136 432713
308604902963 406818
308704998441 424168
308804866399 410196
308904926960 784841
309005085820 415376
309104872113 408494
309204878977 45725
309304932451 412901
309404900830 416714
309505297227 424338
309604945796 410671
309705064221 421818
309804820711 409554
309904957901 422760
310004899132 406069
310105244488 416911
310204887651 416455
310305102690 403844
310405065693 791861
310505027001 402886
310604997883 418791
310704872896 599625
310804829677 593264
310905045807 417180
311005175209 789393
311105158501 404048
311205149066 781044
311304887551 407219
311405161424 785509
311505226153 787944
311605149864 782595
311705513669 783156
311753150251 14796
